# Battino yields
# Model: M2.00Z2.0e-02
# Mini: 2.00
# Z: 2.00e-02
# Mfinal: 0.6203179927292746
# Mfinal (MESA): 0.8888031734203536
# Created by Daniel Boyea on 2024-12-06
isotope         wind_yield      initial_abundance wind_yield_mesaevo wind_yield_postmesa 
H-1                9.233605e-01    7.064434e-01    7.445776e-01    1.787829e-01 
H-2                4.974159e-06    1.370527e-05    4.024239e-06    9.499195e-07 
He-3               3.891985e-04    4.539991e-05    3.136021e-04    7.559645e-05 
He-4               4.050912e-01    2.734975e-01    3.260484e-01    7.904274e-02 
Li-7               7.157495e-11    7.605094e-11    5.605678e-11    1.551818e-11 
B-11               3.940223e-09    2.855891e-09    3.173458e-09    7.667647e-10 
C-12               1.881082e-02    3.424729e-03    1.467818e-02    4.132636e-03 
C-13               1.363869e-04    4.156115e-05    1.098793e-04    2.650757e-05 
C-14               1.318683e-13    1.000000e-99    9.977789e-14    3.209040e-14 
N-13               1.379682e-99    1.000000e-99    1.111197e-99   2.684852e-100 
N-14               3.555251e-03    1.058808e-03    2.862417e-03    6.928340e-04 
N-15               2.780773e-06    4.170720e-06    2.244622e-06    5.361512e-07 
O-16               1.903590e-02    9.624352e-03    1.515826e-02    3.877643e-03 
O-17               4.980196e-05    3.813070e-06    4.011633e-05    9.685637e-06 
O-18               2.161409e-05    2.171062e-05    1.743561e-05    4.178487e-06 
F-18               1.379682e-99    1.000000e-99    1.111197e-99   2.684852e-100 
F-19               2.261866e-06    5.610951e-07    1.757054e-06    5.048117e-07 
Ne-20              2.513356e-03    1.817733e-03    2.024024e-03    4.893316e-04 
Ne-21              6.496790e-06    4.575277e-06    5.227621e-06    1.269169e-06 
Ne-22              1.275673e-03    1.470235e-04    9.874616e-04    2.882115e-04 
Na-23              7.752952e-05    3.999546e-05    6.205350e-05    1.547602e-05 
Mg-24              8.157001e-04    5.862424e-04    6.567093e-04    1.589908e-04 
Mg-25              1.314823e-04    7.733092e-05    1.049447e-04    2.653760e-05 
Mg-26              1.782287e-04    8.848024e-05    1.414632e-04    3.676551e-05 
Al-26              2.307865e-10    1.000000e-99    1.800048e-10    5.078167e-11 
Al-27              9.122127e-05    6.481069e-05    7.340650e-05    1.781477e-05 
Si-28              1.027777e-03    7.452665e-04    8.277868e-04    1.999903e-04 
Si-29              5.460088e-05    3.919403e-05    4.395737e-05    1.064351e-05 
Si-30              3.860986e-05    2.672780e-05    3.103619e-05    7.573674e-06 
P-31               9.993797e-06    7.106317e-06    8.042106e-06    1.951691e-06 
S-32               5.516684e-04    4.010872e-04    4.443726e-04    1.072958e-04 
S-33               4.710306e-06    3.264811e-06    3.787219e-06    9.230870e-07 
S-34               2.636192e-05    1.890425e-05    2.122161e-05    5.140307e-06 
S-35               1.379682e-99    1.000000e-99    1.111197e-99   2.684852e-100 
S-36               1.701907e-07    8.072988e-08    1.350682e-07    3.512251e-08 
Cl-35              9.338877e-06    6.821093e-06    7.523923e-06    1.814954e-06 
Cl-36              1.506563e-08    1.000000e-99    1.167105e-08    3.394587e-09 
Cl-37              3.801998e-06    2.305792e-06    3.042375e-06    7.596238e-07 
Ar-36              1.123192e-04    8.202156e-05    9.049019e-05    2.182901e-05 
Ar-37              3.083888e-20    1.000000e-99    2.324570e-20    7.593183e-21 
Ar-38              2.199222e-05    1.574147e-05    1.770299e-05    4.289228e-06 
Ar-39              3.818371e-15    1.000000e-99    2.934512e-15    8.838589e-16 
Ar-40              4.571159e-08    2.650204e-08    3.647479e-08    9.236796e-09 
K-39               5.405311e-06    3.899726e-06    4.352520e-06    1.052791e-06 
K-40               1.326437e-08    3.310922e-10    1.026524e-08    2.999129e-09 
K-41               5.109635e-07    2.958666e-07    4.084518e-07    1.025116e-07 
Ca-40              9.917010e-05    7.225225e-05    7.988901e-05    1.928109e-05 
Ca-41              2.686294e-09    1.000000e-99    2.079531e-09    6.067631e-10 
Ca-42              7.697201e-07    5.063333e-07    6.176506e-07    1.520695e-07 
Ca-43              1.631284e-07    1.081646e-07    1.309180e-07    3.221044e-08 
Ca-44              2.369005e-06    1.710212e-06    1.907611e-06    4.613944e-07 
Ca-45              1.379682e-99    1.000000e-99    1.111197e-99   2.684852e-100 
Ca-46              5.316810e-09    3.428473e-09    4.257111e-09    1.059698e-09 
Ca-47              1.379682e-99    1.000000e-99    1.111197e-99   2.684852e-100 
Ca-48              2.305514e-07    1.672498e-07    1.856932e-07    4.485829e-08 
Sc-44              1.379682e-99    1.000000e-99    1.111197e-99   2.684852e-100 
Sc-45              8.209589e-08    5.413715e-08    6.586665e-08    1.622924e-08 
Sc-46              1.379682e-99    1.000000e-99    1.111197e-99   2.684852e-100 
Sc-47              1.379682e-99    1.000000e-99    1.111197e-99   2.684852e-100 
Ti-44              1.379682e-99    1.000000e-99    1.111197e-99   2.684852e-100 
Ti-45              1.379682e-99    1.000000e-99    1.111197e-99   2.684852e-100 
Ti-46              4.490563e-07    3.231782e-07    3.615550e-07    8.750131e-08 
Ti-47              4.062194e-07    2.976998e-07    3.273053e-07    7.891416e-08 
Ti-48              4.096299e-06    3.013765e-06    3.301149e-06    7.951496e-07 
Ti-49              3.546811e-07    2.257335e-07    2.843135e-07    7.036765e-08 
Ti-50              3.425011e-07    2.208013e-07    2.745559e-07    6.794520e-08 
V-49               1.036931e-24    1.000000e-99    7.946096e-25    2.423214e-25 
V-50               1.372931e-09    1.015480e-09    1.106660e-09    2.662709e-10 
V-51               5.697989e-07    4.137779e-07    4.589636e-07    1.108353e-07 
Cr-50              1.117279e-06    8.265377e-07    9.005959e-07    2.166830e-07 
Cr-51              2.257110e-18    1.000000e-99    1.719698e-18    5.374121e-19 
Cr-52              2.275021e-05    1.657585e-05    1.832709e-05    4.423116e-06 
Cr-53              2.631934e-06    1.915622e-06    2.120122e-06    5.118123e-07 
Cr-54              8.035390e-07    4.857946e-07    6.427516e-07    1.607874e-07 
Mn-53              2.186190e-18    1.000000e-99    1.675629e-18    5.105614e-19 
Mn-54              5.556227e-25    1.000000e-99    4.245493e-25    1.310734e-25 
Mn-55              1.552412e-05    1.098109e-05    1.249250e-05    3.031617e-06 
Mn-56              1.379682e-99    1.000000e-99    1.111197e-99   2.684852e-100 
Fe-54              1.101089e-04    8.118227e-05    8.874303e-05    2.136589e-05 
Fe-55              5.551690e-13    1.000000e-99    4.292214e-13    1.259476e-13 
Fe-56              1.810781e-03    1.321588e-03    1.458830e-03    3.519505e-04 
Fe-57              4.786539e-05    3.106624e-05    3.839318e-05    9.472204e-06 
Fe-58              1.264679e-05    4.206879e-06    9.954988e-06    2.691803e-06 
Fe-59              1.379682e-99    1.000000e-99    1.111197e-99   2.684852e-100 
Fe-60              1.636579e-11    1.000000e-99    1.245408e-11    3.911706e-12 
Co-56              3.303631e-21    1.000000e-99    2.532956e-21    7.706748e-22 
Co-57              4.399423e-24    1.000000e-99    3.370042e-24    1.029381e-24 
Co-58              1.414803e-23    1.000000e-99    1.088931e-23    3.258719e-24 
Co-59              6.971880e-06    3.991489e-06    5.564650e-06    1.407230e-06 
Co-60              2.517349e-16    1.000000e-99    1.915659e-16    6.016901e-17 
Ni-58              7.744025e-05    5.710980e-05    6.241422e-05    1.502603e-05 
Ni-59              1.712157e-07    1.000000e-99    1.325060e-07    3.870976e-08 
Ni-60              3.218407e-05    2.275717e-05    2.589188e-05    6.292191e-06 
Ni-61              1.860972e-06    1.005726e-06    1.482135e-06    3.788362e-07 
Ni-62              5.143572e-06    3.259262e-06    4.118375e-06    1.025196e-06 
Ni-63              2.553612e-15    1.000000e-99    1.942890e-15    6.107223e-16 
Ni-64              1.364979e-06    8.568133e-07    1.091895e-06    2.730842e-07 
Cu-63              1.203581e-06    6.600340e-07    9.581570e-07    2.454244e-07 
Cu-64              1.379682e-99    1.000000e-99    1.111197e-99   2.684852e-100 
Cu-65              5.070381e-07    3.034684e-07    4.049271e-07    1.021110e-07 
Zn-64              1.602899e-06    1.130751e-06    1.289144e-06    3.137553e-07 
Zn-65              1.379682e-99    1.000000e-99    1.111197e-99   2.684852e-100 
Zn-66              9.710414e-07    6.690076e-07    7.800244e-07    1.910171e-07 
Zn-67              1.484166e-07    9.980253e-08    1.190897e-07    2.932686e-08 
Zn-68              6.763765e-07    4.632262e-07    5.432025e-07    1.331740e-07 
Zn-69              1.379682e-99    1.000000e-99    1.111197e-99   2.684852e-100 
Zn-70              2.149159e-08    1.576786e-08    1.731782e-08    4.173770e-09 
Ga-69              6.819109e-08    4.550546e-08    5.470409e-08    1.348700e-08 
Ga-70              1.379682e-99    1.000000e-99    1.111197e-99   2.684852e-100 
Ga-71              4.668989e-08    3.107622e-08    3.745847e-08    9.231416e-09 
Ge-70              7.860149e-08    5.157185e-08    6.301386e-08    1.558763e-08 
Ge-71              1.379682e-99    1.000000e-99    1.111197e-99   2.684852e-100 
Ge-72              1.008971e-07    6.910333e-08    8.104448e-08    1.985266e-08 
Ge-73              2.849067e-08    1.954584e-08    2.288671e-08    5.603963e-09 
Ge-74              1.349404e-07    9.228454e-08    1.083949e-07    2.654550e-08 
Ge-75              1.379682e-99    1.000000e-99    1.111197e-99   2.684852e-100 
Ge-76              2.673390e-08    1.962921e-08    2.154281e-08    5.191089e-09 
As-75              2.028875e-08    1.430027e-08    1.631849e-08    3.970256e-09 
Se-74              1.608163e-09    1.197888e-09    1.296616e-09    3.115465e-10 
Se-76              1.976258e-08    1.296136e-08    1.584891e-08    3.913672e-09 
Se-77              1.529889e-08    1.070490e-08    1.230183e-08    2.997059e-09 
Se-78              5.076081e-08    3.376317e-08    4.073531e-08    1.002550e-08 
Se-79              8.235626e-14    1.000000e-99    6.341040e-14    1.894586e-14 
Se-80              1.018483e-07    7.226298e-08    8.195076e-08    1.989759e-08 
Se-81              1.379682e-99    1.000000e-99    1.111197e-99   2.684852e-100 
Se-82              1.785273e-08    1.303649e-08    1.438305e-08    3.469685e-09 
Br-79              1.967477e-08    1.389306e-08    1.582664e-08    3.848122e-09 
Br-80              1.379682e-99    1.000000e-99    1.111197e-99   2.684852e-100 
Br-81              1.961597e-08    1.385920e-08    1.578169e-08    3.834277e-09 
Kr-78              5.235164e-10    3.900193e-10    4.220989e-10    1.014175e-10 
Kr-79              1.379682e-99    1.000000e-99    1.111197e-99   2.684852e-100 
Kr-80              3.688467e-09    2.574713e-09    2.966615e-09    7.218517e-10 
Kr-81              4.607712e-14    1.000000e-99    3.568333e-14    1.039379e-14 
Kr-82              2.080270e-08    1.319540e-08    1.666880e-08    4.133901e-09 
Kr-83              1.888513e-08    1.324168e-08    1.518915e-08    3.695982e-09 
Kr-84              9.552804e-08    6.601984e-08    7.678700e-08    1.874104e-08 
Kr-85              3.481731e-23    1.000000e-99    2.611543e-23    8.701874e-24 
Kr-86              2.971515e-08    2.044383e-08    2.386950e-08    5.845646e-09 
Rb-85              1.872757e-08    1.282422e-08    1.504694e-08    3.680633e-09 
Rb-86              1.379682e-99    1.000000e-99    1.111197e-99   2.684852e-100 
Rb-87              7.464783e-09    4.989853e-09    5.984560e-09    1.480223e-09 
Sr-84              4.331530e-10    3.227999e-10    3.492450e-10    8.390801e-11 
Sr-85              1.379682e-99    1.000000e-99    1.111197e-99   2.684852e-100 
Sr-86              1.029055e-08    5.844553e-09    8.216299e-09    2.074249e-09 
Sr-87              7.648774e-09    4.516023e-09    6.116826e-09    1.531949e-09 
Sr-88              8.661492e-08    5.010796e-08    6.916839e-08    1.744653e-08 
Sr-89              1.379682e-99    1.000000e-99    1.111197e-99   2.684852e-100 
Sr-90              4.726418e-21    1.000000e-99    3.574833e-21    1.151585e-21 
Y-89               2.146982e-08    1.229343e-08    1.713313e-08    4.336684e-09 
Y-90               1.202387e-24    1.000000e-99    9.094263e-25    2.929609e-25 
Zr-90              2.558728e-08    1.534361e-08    2.045296e-08    5.134313e-09 
Zr-91              5.878479e-09    3.384023e-09    4.691027e-09    1.187452e-09 
Zr-92              9.477910e-09    5.226772e-09    7.550313e-09    1.927597e-09 
Zr-93              1.504217e-12    1.000000e-99    1.156719e-12    3.474978e-13 
Zr-94              9.238338e-09    5.413280e-09    7.375886e-09    1.862451e-09 
Zr-95              1.379682e-99    1.000000e-99    1.111197e-99   2.684852e-100 
Zr-96              1.375201e-09    8.903423e-10    1.100617e-09    2.745842e-10 
Nb-93              3.242516e-09    1.900054e-09    2.588578e-09    6.539377e-10 
Nb-94              7.281130e-19    1.000000e-99    5.579413e-19    1.701718e-19 
Nb-95              1.379682e-99    1.000000e-99    1.111197e-99   2.684852e-100 
Mo-92              1.365926e-09    1.012496e-09    1.101105e-09    2.648212e-10 
Mo-93              7.827573e-18    1.000000e-99    6.070393e-18    1.757181e-18 
Mo-94              8.959061e-10    6.447522e-10    7.213918e-10    1.745143e-10 
Mo-95              1.803894e-09    1.121895e-09    1.443308e-09    3.605862e-10 
Mo-96              2.171484e-09    1.187505e-09    1.729829e-09    4.416550e-10 
Mo-97              1.118480e-09    6.875272e-10    8.946710e-10    2.238086e-10 
Mo-98              3.060487e-09    1.754359e-09    2.441914e-09    6.185730e-10 
Mo-99              1.379682e-99    1.000000e-99    1.111197e-99   2.684852e-100 
Mo-100             9.876626e-10    7.146065e-10    7.951472e-10    1.925154e-10 
Tc-99              2.818897e-14    1.000000e-99    2.169268e-14    6.496294e-15 
Ru-96              3.929864e-10    2.925638e-10    3.168473e-10    7.613913e-11 
Ru-97              1.379682e-99    1.000000e-99    1.111197e-99   2.684852e-100 
Ru-98              1.359394e-10    1.007098e-10    1.095816e-10    2.635786e-11 
Ru-99              1.028245e-09    6.945400e-10    8.255359e-10    2.027096e-10 
Ru-100             1.272031e-09    6.927902e-10    1.013242e-09    2.587894e-10 
Ru-101             1.347224e-09    9.475089e-10    1.083489e-09    2.637348e-10 
Ru-102             2.865207e-09    1.769736e-09    2.292374e-09    5.728335e-10 
Ru-103             1.379682e-99    1.000000e-99    1.111197e-99   2.684852e-100 
Ru-104             1.453636e-09    1.064926e-09    1.171042e-09    2.825936e-10 
Rh-103             1.502383e-09    1.054679e-09    1.208170e-09    2.942128e-10 
Pd-102             5.690944e-11    4.241146e-11    4.588528e-11    1.102416e-11 
Pd-103             1.379682e-99    1.000000e-99    1.111197e-99   2.684852e-100 
Pd-104             8.935938e-10    4.722820e-10    7.111224e-10    1.824714e-10 
Pd-105             1.351688e-09    9.557865e-10    1.087334e-09    2.643535e-10 
Pd-106             1.905469e-09    1.180942e-09    1.524744e-09    3.807252e-10 
Pd-107             5.751628e-13    1.000000e-99    4.429579e-13    1.322049e-13 
Pd-108             1.971295e-09    1.164921e-09    1.574626e-09    3.966692e-10 
Pd-109             1.379682e-99    1.000000e-99    1.111197e-99   2.684852e-100 
Pd-110             7.272752e-10    5.255369e-10    5.854722e-10    1.418031e-10 
Ag-107             1.114397e-09    7.840161e-10    8.962648e-10    2.181325e-10 
Ag-108             1.379682e-99    1.000000e-99    1.111197e-99   2.684852e-100 
Ag-109             1.115500e-09    7.419986e-10    8.950619e-10    2.204383e-10 
Cd-106             8.517620e-11    6.345981e-11    6.867570e-11    1.650050e-11 
Cd-107             1.379682e-99    1.000000e-99    1.111197e-99   2.684852e-100 
Cd-108             6.569276e-11    4.603590e-11    5.284996e-11    1.284280e-11 
Cd-109             1.379682e-99    1.000000e-99    1.111197e-99   2.684852e-100 
Cd-110             1.228011e-09    6.580184e-10    9.776604e-10    2.503506e-10 
Cd-111             1.030756e-09    6.804807e-10    8.268059e-10    2.039500e-10 
Cd-112             2.192357e-09    1.294369e-09    1.751066e-09    4.412909e-10 
Cd-113             1.020664e-09    6.613518e-10    8.180875e-10    2.025762e-10 
Cd-114             2.774693e-09    1.568640e-09    2.212627e-09    5.620661e-10 
Cd-115             1.379682e-99    1.000000e-99    1.111197e-99   2.684852e-100 
Cd-116             6.094037e-10    4.161239e-10    4.891504e-10    1.202533e-10 
In-113             3.500800e-11    2.603851e-11    2.822448e-11    6.783521e-12 
In-114             1.379682e-99    1.000000e-99    1.111197e-99   2.684852e-100 
In-115             9.270888e-10    5.914887e-10    7.425725e-10    1.845163e-10 
Sn-112             1.640082e-10    1.221013e-10    1.322326e-10    3.177563e-11 
Sn-113             1.379682e-99    1.000000e-99    1.111197e-99   2.684852e-100 
Sn-114             1.142558e-10    8.434768e-11    9.209039e-11    2.216542e-11 
Sn-115             5.926017e-11    4.377132e-11    4.776466e-11    1.149551e-11 
Sn-116             3.389593e-09    1.893153e-09    2.701700e-09    6.878925e-10 
Sn-117             1.625760e-09    1.008332e-09    1.300688e-09    3.250724e-10 
Sn-118             5.586494e-09    3.209171e-09    4.455876e-09    1.130618e-09 
Sn-119             1.923488e-09    1.147018e-09    1.536294e-09    3.871937e-10 
Sn-120             7.778502e-09    4.391253e-09    6.198951e-09    1.579552e-09 
Sn-121             1.379682e-99    1.000000e-99    1.111197e-99   2.684852e-100 
Sn-122             9.737247e-10    6.340593e-10    7.798419e-10    1.938827e-10 
Sn-123             1.379682e-99    1.000000e-99    1.111197e-99   2.684852e-100 
Sn-124             1.101181e-09    8.059500e-10    8.872419e-10    2.139386e-10 
Sb-121             9.955370e-10    6.317758e-10    7.969435e-10    1.985935e-10 
Sb-122             1.379682e-99    1.000000e-99    1.111197e-99   2.684852e-100 
Sb-123             6.679726e-10    4.802859e-10    5.375708e-10    1.304018e-10 
Te-120             2.184299e-11    1.628304e-11    1.761187e-11    4.231121e-12 
Te-121             1.379682e-99    1.000000e-99    1.111197e-99   2.684852e-100 
Te-122             8.311930e-10    4.488662e-10    6.614248e-10    1.697683e-10 
Te-123             2.914001e-10    1.578606e-10    2.319237e-10    5.947643e-11 
Te-124             1.593739e-09    8.440945e-10    1.267300e-09    3.264391e-10 
Te-125             1.846679e-09    1.261335e-09    1.483037e-09    3.636427e-10 
Te-126             5.421922e-09    3.375270e-09    4.337417e-09    1.084505e-09 
Te-127             1.379682e-99    1.000000e-99    1.111197e-99   2.684852e-100 
Te-128             7.848402e-09    5.732895e-09    6.322655e-09    1.525747e-09 
Te-129             1.379682e-99    1.000000e-99    1.111197e-99   2.684852e-100 
Te-130             8.481087e-09    6.210550e-09    6.833569e-09    1.647518e-09 
I-127              2.075340e-09    1.459105e-09    1.668807e-09    4.065337e-10 
I-128              1.379682e-99    1.000000e-99    1.111197e-99   2.684852e-100 
I-129              4.747451e-14    1.000000e-99    3.635312e-14    1.112139e-14 
Xe-124             2.963638e-11    2.209501e-11    2.389571e-11    5.740664e-12 
Xe-125             1.379682e-99    1.000000e-99    1.111197e-99   2.684852e-100 
Xe-126             2.617330e-11    1.949268e-11    2.110266e-11    5.070641e-12 
Xe-127             1.379682e-99    1.000000e-99    1.111197e-99   2.684852e-100 
Xe-128             8.083292e-10    3.942736e-10    6.410935e-10    1.672357e-10 
Xe-129             6.689064e-09    4.892977e-09    5.388609e-09    1.300455e-09 
Xe-130             1.702393e-09    7.865029e-10    1.348374e-09    3.540189e-10 
Xe-131             5.550041e-09    3.944670e-09    4.465320e-09    1.084720e-09 
Xe-132             7.774479e-09    4.806204e-09    6.218496e-09    1.555983e-09 
Xe-134             2.500518e-09    1.787989e-09    2.011941e-09    4.885773e-10 
Xe-135             1.379682e-99    1.000000e-99    1.111197e-99   2.684852e-100 
Xe-136             2.037858e-09    1.478416e-09    1.641353e-09    3.965056e-10 
Cs-133             2.097136e-09    1.426049e-09    1.683899e-09    4.132374e-10 
Cs-134             1.379682e-99    1.000000e-99    1.111197e-99   2.684852e-100 
Cs-135             3.234119e-13    1.000000e-99    2.472148e-13    7.619703e-14 
Ba-130             2.433441e-11    1.814312e-11    1.962079e-11    4.713626e-12 
Ba-131             1.379682e-99    1.000000e-99    1.111197e-99   2.684852e-100 
Ba-132             2.365271e-11    1.762128e-11    1.907062e-11    4.582094e-12 
Ba-133             1.379682e-99    1.000000e-99    1.111197e-99   2.684852e-100 
Ba-134             1.006257e-09    4.272326e-10    7.952365e-10    2.110210e-10 
Ba-135             1.822188e-09    1.173907e-09    1.459594e-09    3.625935e-10 
Ba-136             3.143154e-09    1.408826e-09    2.486072e-09    6.570821e-10 
Ba-137             3.704000e-09    2.029834e-09    2.948023e-09    7.559763e-10 
Ba-138             2.562149e-08    1.305194e-08    2.032304e-08    5.298441e-09 
La-138             2.154405e-12    1.604073e-12    1.737003e-12    4.174014e-13 
La-139             3.281400e-09    1.790218e-09    2.609147e-09    6.722529e-10 
Ce-136             1.125046e-11    8.381751e-12    9.070985e-12    2.179470e-12 
Ce-137             1.379682e-99    1.000000e-99    1.111197e-99   2.684852e-100 
Ce-138             1.542766e-11    1.147719e-11    1.243828e-11    2.989380e-12 
Ce-139             1.379682e-99    1.000000e-99    1.111197e-99   2.684852e-100 
Ce-140             7.573809e-09    4.103022e-09    6.020427e-09    1.553382e-09 
Ce-141             1.379682e-99    1.000000e-99    1.111197e-99   2.684852e-100 
Ce-142             7.374468e-10    5.229277e-10    5.929484e-10    1.444984e-10 
Pr-141             1.124371e-09    6.910381e-10    8.982069e-10    2.261645e-10 
Nd-142             1.814665e-09    9.919756e-10    1.442827e-09    3.718377e-10 
Nd-143             6.765369e-10    4.483556e-10    5.422921e-10    1.342447e-10 
Nd-144             1.412445e-09    8.826112e-10    1.129095e-09    2.833501e-10 
Nd-145             4.574262e-10    3.095487e-10    3.670181e-10    9.040808e-11 
Nd-146             1.063984e-09    6.447718e-10    8.494336e-10    2.145508e-10 
Nd-147             1.379682e-99    1.000000e-99    1.111197e-99   2.684852e-100 
Nd-148             3.146244e-10    2.185025e-10    2.526886e-10    6.193581e-11 
Nd-149             1.379682e-99    1.000000e-99    1.111197e-99   2.684852e-100 
Nd-150             2.915187e-10    2.168256e-10    2.350280e-10    5.649074e-11 
Pm-147             1.379682e-99    1.000000e-99    1.111197e-99   2.684852e-100 
Sm-144             4.964234e-11    3.683532e-11    4.001943e-11    9.622912e-12 
Sm-147             2.688767e-10    1.834427e-10    2.158153e-10    5.306140e-11 
Sm-148             2.338281e-10    1.384631e-10    1.865815e-10    4.724661e-11 
Sm-149             2.387145e-10    1.713731e-10    1.921004e-10    4.661406e-11 
Sm-150             1.640723e-10    9.213125e-11    1.305859e-10    3.348640e-11 
Sm-151             6.042331e-20    1.000000e-99    4.583448e-20    1.458883e-20 
Sm-152             4.891372e-10    3.383156e-10    3.928975e-10    9.623971e-11 
Sm-153             1.379682e-99    1.000000e-99    1.111197e-99   2.684852e-100 
Sm-154             4.009620e-10    2.916240e-10    3.228471e-10    7.811486e-11 
Eu-151             2.789874e-10    2.036004e-10    2.246969e-10    5.429049e-11 
Eu-152             1.379682e-99    1.000000e-99    1.111197e-99   2.684852e-100 
Eu-153             3.088495e-10    2.251965e-10    2.487366e-10    6.011295e-11 
Gd-152             4.653239e-12    2.947193e-12    3.725742e-12    9.274969e-13 
Gd-153             1.379682e-99    1.000000e-99    1.111197e-99   2.684852e-100 
Gd-154             5.737412e-11    3.209515e-11    4.567092e-11    1.170320e-11 
Gd-155             3.018460e-10    2.192151e-10    2.430422e-10    5.880383e-11 
Gd-156             4.374910e-10    3.051047e-10    3.515652e-10    8.592583e-11 
Gd-157             3.279894e-10    2.348264e-10    2.639130e-10    6.407646e-11 
Gd-158             5.548475e-10    3.749720e-10    4.452221e-10    1.096254e-10 
Gd-159             1.379682e-99    1.000000e-99    1.111197e-99   2.684852e-100 
Gd-160             4.553025e-10    3.342894e-10    3.668015e-10    8.850103e-11 
Tb-159             3.822989e-10    2.764904e-10    3.077705e-10    7.452839e-11 
Dy-156             1.346054e-12    1.003681e-12    1.085324e-12    2.607304e-13 
Dy-157             1.379682e-99    1.000000e-99    1.111197e-99   2.684852e-100 
Dy-158             2.339103e-12    1.742654e-12    1.885949e-12    4.531539e-13 
Dy-159             1.379682e-99    1.000000e-99    1.111197e-99   2.684852e-100 
Dy-160             7.542570e-11    4.301488e-11    6.009324e-11    1.533246e-11 
Dy-161             4.785435e-10    3.497843e-10    3.854586e-10    9.308493e-11 
Dy-162             6.762833e-10    4.747974e-10    5.436668e-10    1.326165e-10 
Dy-163             6.424889e-10    4.663048e-10    5.173388e-10    1.251500e-10 
Dy-164             7.954910e-10    5.311557e-10    6.380367e-10    1.574543e-10 
Ho-165             5.846765e-10    4.243917e-10    4.707967e-10    1.138798e-10 
Er-162             2.157672e-12    1.608861e-12    1.739731e-12    4.179406e-13 
Er-163             1.379682e-99    1.000000e-99    1.111197e-99   2.684852e-100 
Er-164             2.565434e-11    1.912858e-11    2.068509e-11    4.969255e-12 
Er-165             1.379682e-99    1.000000e-99    1.111197e-99   2.684852e-100 
Er-166             5.688603e-10    4.044450e-10    4.576341e-10    1.112261e-10 
Er-167             3.848168e-10    2.775897e-10    3.097753e-10    7.504154e-11 
Er-168             4.930355e-10    3.262608e-10    3.953166e-10    9.771892e-11 
Er-169             1.379682e-99    1.000000e-99    1.111197e-99   2.684852e-100 
Er-170             2.671052e-10    1.839889e-10    2.144789e-10    5.262624e-11 
Tm-169             2.599847e-10    1.854256e-10    2.091659e-10    5.081877e-11 
Yb-168             2.123281e-12    1.583199e-12    1.712001e-12    4.112796e-13 
Yb-169             1.379682e-99    1.000000e-99    1.111197e-99   2.684852e-100 
Yb-170             6.675202e-11    3.746325e-11    5.317858e-11    1.357344e-11 
Yb-171             2.600922e-10    1.770138e-10    2.087819e-10    5.131026e-11 
Yb-172             4.208379e-10    2.721856e-10    3.371119e-10    8.372605e-11 
Yb-173             2.984280e-10    2.022849e-10    2.395426e-10    5.888539e-11 
Yb-174             6.616871e-10    4.014845e-10    5.285929e-10    1.330942e-10 
Yb-175             1.379682e-99    1.000000e-99    1.111197e-99   2.684852e-100 
Yb-176             2.313690e-10    1.627969e-10    1.859704e-10    4.539861e-11 
Lu-175             2.623546e-10    1.827895e-10    2.108443e-10    5.151031e-11 
Lu-176             1.435910e-11    4.788920e-12    1.125735e-11    3.101749e-12 
Hf-174             1.651313e-12    1.231253e-12    1.331453e-12    3.198602e-13 
Hf-175             1.379682e-99    1.000000e-99    1.111197e-99   2.684852e-100 
Hf-176             6.458019e-11    4.044924e-11    5.166490e-11    1.291529e-11 
Hf-177             2.074115e-10    1.437825e-10    1.666469e-10    4.076457e-11 
Hf-178             3.470283e-10    2.121343e-10    2.773006e-10    6.972770e-11 
Hf-179             1.645992e-10    1.065106e-10    1.318437e-10    3.275552e-11 
Hf-180             4.884194e-10    2.758446e-10    3.890447e-10    9.937464e-11 
Hf-181             1.379682e-99    1.000000e-99    1.111197e-99   2.684852e-100 
Hf-182             4.078493e-14    1.000000e-99    3.102251e-14    9.762423e-15 
Ta-180             3.260506e-14    2.429182e-14    2.628828e-14    6.316783e-15 
Ta-181             2.907584e-10    1.985674e-10    2.334472e-10    5.731124e-11 
W-180              1.131732e-12    8.394836e-13    9.122958e-13    2.194359e-13 
W-181              1.379682e-99    1.000000e-99    1.111197e-99   2.684852e-100 
W-182              3.036672e-10    1.877481e-10    2.427836e-10    6.088363e-11 
W-183              1.686519e-10    1.019725e-10    1.346975e-10    3.395441e-11 
W-184              3.752892e-10    2.194930e-10    2.993100e-10    7.597923e-11 
W-185              1.379682e-99    1.000000e-99    1.111197e-99   2.684852e-100 
W-186              3.041005e-10    2.058307e-10    2.439749e-10    6.012562e-11 
Re-185             1.579399e-10    1.047859e-10    1.266247e-10    3.131525e-11 
Re-186             1.379682e-99    1.000000e-99    1.111197e-99   2.684852e-100 
Re-187             2.452039e-10    1.773016e-10    1.973829e-10    4.782103e-11 
Os-184             9.534747e-13    7.108303e-13    7.687828e-13    1.846919e-13 
Os-185             1.379682e-99    1.000000e-99    1.111197e-99   2.684852e-100 
Os-186             1.065881e-10    5.778212e-11    8.479097e-11    2.179716e-11 
Os-187             8.866899e-11    5.998274e-11    7.117239e-11    1.749660e-11 
Os-188             7.127426e-10    4.873616e-10    5.722664e-10    1.404763e-10 
Os-189             8.135915e-10    5.973629e-10    6.554869e-10    1.581046e-10 
Os-190             1.374263e-09    9.765959e-10    1.105431e-09    2.688323e-10 
Os-191             1.379682e-99    1.000000e-99    1.111197e-99   2.684852e-100 
Os-192             2.086828e-09    1.532704e-09    1.681304e-09    4.055238e-10 
Ir-191             1.831956e-09    1.357372e-09    1.476633e-09    3.553227e-10 
Ir-192             1.379682e-99    1.000000e-99    1.111197e-99   2.684852e-100 
Ir-193             3.112227e-09    2.308350e-09    2.508723e-09    6.035036e-10 
Pt-190             1.352840e-12    1.008463e-12    1.090786e-12    2.620543e-13 
Pt-191             1.379682e-99    1.000000e-99    1.111197e-99   2.684852e-100 
Pt-192             9.459623e-11    5.850019e-11    7.564465e-11    1.895158e-11 
Pt-193             9.510310e-21    1.000000e-99    7.242627e-21    2.267683e-21 
Pt-194             3.397451e-09    2.489798e-09    2.737099e-09    6.603516e-10 
Pt-195             3.469469e-09    2.568263e-09    2.796472e-09    6.729969e-10 
Pt-196             2.717500e-09    1.926003e-09    2.186091e-09    5.314088e-10 
Pt-197             1.379682e-99    1.000000e-99    1.111197e-99   2.684852e-100 
Pt-198             7.490603e-10    5.521699e-10    6.036377e-10    1.454226e-10 
Au-197             1.495336e-09    1.083301e-09    1.204102e-09    2.912346e-10 
Au-198             1.379682e-99    1.000000e-99    1.111197e-99   2.684852e-100 
Au-199             1.379682e-99    1.000000e-99    1.111197e-99   2.684852e-100 
Hg-196             4.042581e-12    3.009384e-12    3.259345e-12    7.832357e-13 
Hg-197             1.379682e-99    1.000000e-99    1.111197e-99   2.684852e-100 
Hg-198             3.987348e-10    1.974950e-10    3.165410e-10    8.219388e-11 
Hg-199             5.130454e-10    3.359915e-10    4.113339e-10    1.017115e-10 
Hg-200             8.101323e-10    4.622210e-10    6.460156e-10    1.641167e-10 
Hg-201             4.346977e-10    2.651107e-10    3.474819e-10    8.721584e-11 
Hg-202             1.072202e-09    6.036257e-10    8.542999e-10    2.179024e-10 
Hg-203             1.379682e-99    1.000000e-99    1.111197e-99   2.684852e-100 
Hg-204             1.945095e-10    1.401373e-10    1.565769e-10    3.793263e-11 
Tl-203             5.426965e-10    3.220729e-10    4.331977e-10    1.094988e-10 
Tl-204             1.379682e-99    1.000000e-99    1.111197e-99   2.684852e-100 
Tl-205             1.210699e-09    7.763865e-10    9.693261e-10    2.413728e-10 
Pb-204             5.282300e-10    2.931006e-10    4.205102e-10    1.077198e-10 
Pb-205             1.892098e-14    1.000000e-99    1.439706e-14    4.523917e-15 
Pb-206             4.235585e-09    2.797732e-09    3.394782e-09    8.408026e-10 
Pb-207             4.473991e-09    3.089652e-09    3.593541e-09    8.804500e-10 
Pb-208             1.238213e-08    8.849766e-09    9.964661e-09    2.417464e-09 
Bi-209             1.203647e-09    8.718247e-10    9.693655e-10    2.342813e-10 
Bi-210             1.379682e-99    1.000000e-99    1.111197e-99   2.684852e-100 
