# Battino yields
# Model: M7.000Z0.0010
# Mini: 7.00
# Z: 1.00e-03
# Mfinal: 1.2586355988158062
# Mfinal (MESA): 4.953337625269326
# Created by Daniel Boyea on 2024-12-06
isotope         wind_yield      initial_abundance wind_yield_mesaevo wind_yield_postmesa 
Neutron-1          5.741360e-99    1.000000e-99    2.046658e-99    3.694702e-99 
H-1                3.546156e+00    7.493283e-01    1.273046e+00    2.273110e+00 
H-2                1.284833e-08    1.453725e-05    1.284833e-08    1.227961e-17 
He-3               3.894359e-05    4.143560e-05    2.782325e-05    1.112034e-05 
He-4               2.181326e+00    2.496157e-01    7.689669e-01    1.412359e+00 
Be-7               2.106888e-24    1.000000e-99    8.404721e-25    1.266416e-24 
B-8                5.741360e-99    1.000000e-99    2.046658e-99    3.694702e-99 
Li-7               9.106366e-07    7.773632e-10    4.041951e-07    5.064414e-07 
C-11               5.741360e-99    1.000000e-99    2.046658e-99    3.694702e-99 
B-11               1.641143e-10    2.858459e-11    5.850286e-11    1.056115e-10 
C-12               9.832736e-04    1.250306e-04    4.896081e-04    4.936655e-04 
C-13               2.956187e-04    4.159852e-07    9.154528e-05    2.040734e-04 
N-13               5.741360e-99    1.000000e-99    2.046658e-99    3.694702e-99 
N-14               7.922090e-03    1.059760e-05    2.305217e-03    5.616873e-03 
C-14               4.939114e-15    1.000000e-99    1.091968e-15    3.847146e-15 
N-15               8.365181e-06    4.174470e-08    2.072636e-06    6.292545e-06 
O-16               3.684528e-03    7.409037e-04    1.423080e-03    2.261448e-03 
O-17               6.609047e-05    3.816498e-08    2.049529e-05    4.559518e-05 
O-18               3.891763e-06    2.173014e-07    1.837584e-06    2.054178e-06 
F-17               5.741360e-99    1.000000e-99    2.046658e-99    3.694702e-99 
F-18               5.741360e-99    1.000000e-99    2.046658e-99    3.694702e-99 
F-19               1.686883e-08    5.615996e-09    7.926439e-09    8.942392e-09 
Ne-20              3.699721e-04    5.753344e-05    1.224782e-04    2.474939e-04 
Ne-21              9.537918e-08    4.579390e-08    7.249747e-08    2.288171e-08 
Ne-22              5.094027e-05    1.471557e-06    1.779750e-05    3.314277e-05 
Na-22              1.841893e-19    1.000000e-99    9.235800e-20    9.183126e-20 
Na-23              5.888529e-06    4.003142e-07    3.459210e-06    2.429319e-06 
Mg-23              5.741360e-99    1.000000e-99    2.046658e-99    3.694702e-99 
Mg-24              4.028807e-05    1.511707e-05    1.305492e-05    2.723314e-05 
Mg-25              1.209106e-04    7.740045e-07    2.578641e-05    9.512422e-05 
Mg-26              1.253002e-05    8.855979e-07    3.324879e-06    9.205138e-06 
Al-26              1.717327e-09    1.000000e-99    3.245532e-10    1.392774e-09 
Al-27              5.910989e-06    6.486896e-07    1.830040e-06    4.080949e-06 
Si-27              5.741360e-99    1.000000e-99    2.046658e-99    3.694702e-99 
Si-28              8.869853e-05    1.512523e-05    3.126156e-05    5.743697e-05 
Si-29              2.276327e-06    3.922927e-07    8.068927e-07    1.469434e-06 
Si-30              1.568071e-06    2.675184e-07    5.558681e-07    1.012202e-06 
P-31               4.214081e-07    7.112706e-08    1.496093e-07    2.717988e-07 
S-31               5.741360e-99    1.000000e-99    2.046658e-99    3.694702e-99 
Li-6               2.232367e-10    3.888222e-11    7.957858e-11    1.436581e-10 
Be-8               5.741360e-99    1.000000e-99    2.046658e-99    3.694702e-99 
O-14               2.356434e-24    1.000000e-99    4.460925e-25    1.910342e-24 
O-15               5.741360e-99    1.000000e-99    2.046658e-99    3.694702e-99 
Na-21              5.741360e-99    1.000000e-99    2.046658e-99    3.694702e-99 
Al-25              5.741360e-99    1.000000e-99    2.046658e-99    3.694702e-99 
P-29               5.741360e-99    1.000000e-99    2.046658e-99    3.694702e-99 
P-30               5.741360e-99    1.000000e-99    2.046658e-99    3.694702e-99 
Pb-206             1.638431e-10    2.800248e-11    5.799358e-11    1.058495e-10 
Pb-207             1.806283e-10    3.092430e-11    6.396099e-11    1.166673e-10 
Bi-211             5.741360e-99    1.000000e-99    2.046658e-99    3.694702e-99 
Po-210             7.260789e-24    1.000000e-99    1.523426e-24    5.737363e-24 
F-20               5.741360e-99    1.000000e-99    2.046658e-99    3.694702e-99 
Ne-19              5.741360e-99    1.000000e-99    2.046658e-99    3.694702e-99 
Na-24              5.741360e-99    1.000000e-99    2.046658e-99    3.694702e-99 
Mg-27              5.741360e-99    1.000000e-99    2.046658e-99    3.694702e-99 
Mg-28              5.741360e-99    1.000000e-99    2.046658e-99    3.694702e-99 
Al-28              5.741360e-99    1.000000e-99    2.046658e-99    3.694702e-99 
Al-29              5.741360e-99    1.000000e-99    2.046658e-99    3.694702e-99 
Si-31              5.741360e-99    1.000000e-99    2.046658e-99    3.694702e-99 
Si-32              1.648352e-17    1.000000e-99    3.545923e-18    1.293760e-17 
P-32               3.742819e-21    1.000000e-99    8.051117e-22    2.937707e-21 
P-33               2.098162e-23    1.000000e-99    4.278969e-24    1.670265e-23 
P-34               5.741360e-99    1.000000e-99    2.046658e-99    3.694702e-99 
P-35               5.741360e-99    1.000000e-99    2.046658e-99    3.694702e-99 
S-32               6.272614e-05    1.093022e-05    2.236126e-05    4.036488e-05 
S-33               1.949766e-07    3.267747e-08    6.934154e-08    1.256350e-07 
S-34               1.087521e-06    1.892124e-07    3.876569e-07    6.998646e-07 
S-35               1.122762e-29    1.000000e-99    1.122762e-29    3.694702e-99 
S-36               5.111697e-09    8.080247e-10    1.789876e-09    3.321822e-09 
S-37               5.741360e-99    1.000000e-99    2.046658e-99    3.694702e-99 
S-38               5.741360e-99    1.000000e-99    2.046658e-99    3.694702e-99 
Cl-34              5.741360e-99    1.000000e-99    2.046658e-99    3.694702e-99 
Cl-35              3.922421e-07    6.827226e-08    1.396618e-07    2.525804e-07 
Cl-36              6.689871e-10    1.000000e-99    2.289361e-10    4.400510e-10 
Cl-37              1.505323e-07    2.307865e-08    5.327445e-08    9.725787e-08 
Cl-38              5.741360e-99    1.000000e-99    2.046658e-99    3.694702e-99 
Cl-39              5.741360e-99    1.000000e-99    2.046658e-99    3.694702e-99 
Cl-40              5.741360e-99    1.000000e-99    2.046658e-99    3.694702e-99 
Ar-35              5.741360e-99    1.000000e-99    2.046658e-99    3.694702e-99 
Ar-36              9.384851e-06    1.638017e-06    3.346016e-06    6.038834e-06 
Ar-37              1.552259e-17    1.000000e-99    2.855753e-18    1.266684e-17 
Ar-38              9.070263e-07    1.575563e-07    3.232269e-07    5.837994e-07 
Ar-39              7.611112e-17    1.000000e-99    2.077626e-17    5.533486e-17 
Ar-40              1.961596e-09    2.652587e-10    6.790787e-10    1.282517e-09 
Ar-41              5.741360e-99    1.000000e-99    2.046658e-99    3.694702e-99 
Ar-42              9.069872e-21    1.000000e-99    1.956885e-21    7.112987e-21 
Ar-43              5.741360e-99    1.000000e-99    2.046658e-99    3.694702e-99 
Ar-44              5.741360e-99    1.000000e-99    2.046658e-99    3.694702e-99 
K-38               5.741360e-99    1.000000e-99    2.046658e-99    3.694702e-99 
K-39               2.247776e-07    3.903232e-08    8.009910e-08    1.446785e-07 
K-40               2.750844e-10    3.313899e-12    9.419885e-11    1.808856e-10 
K-41               2.187735e-08    2.961327e-09    7.735159e-09    1.414219e-08 
K-42               3.968331e-25    1.000000e-99    8.559938e-26    3.112338e-25 
K-43               5.741360e-99    1.000000e-99    2.046658e-99    3.694702e-99 
K-44               5.741360e-99    1.000000e-99    2.046658e-99    3.694702e-99 
K-45               5.741360e-99    1.000000e-99    2.046658e-99    3.694702e-99 
K-46               5.741360e-99    1.000000e-99    2.046658e-99    3.694702e-99 
Ca-39              5.741360e-99    1.000000e-99    2.046658e-99    3.694702e-99 
Ca-40              6.913500e-06    1.205706e-06    2.464725e-06    4.448775e-06 
Ca-41              2.080274e-10    1.000000e-99    7.157704e-11    1.364504e-10 
Ca-42              2.955356e-08    5.067885e-09    1.051992e-08    1.903364e-08 
Ca-43              6.257652e-09    1.082618e-09    2.227560e-09    4.030092e-09 
Ca-44              9.845090e-08    1.711749e-08    3.508799e-08    6.336291e-08 
Ca-45              1.406970e-21    1.000000e-99    2.583320e-22    1.148638e-21 
Ca-46              2.282142e-10    3.431555e-11    7.676289e-11    1.514514e-10 
Ca-47              5.741360e-99    1.000000e-99    2.046658e-99    3.694702e-99 
Ca-48              9.610533e-09    1.674002e-09    3.425737e-09    6.184795e-09 
Ca-49              5.741360e-99    1.000000e-99    2.046658e-99    3.694702e-99 
Sc-43              5.741360e-99    1.000000e-99    2.046658e-99    3.694702e-99 
Sc-44              5.741360e-99    1.000000e-99    2.046658e-99    3.694702e-99 
Sc-45              3.205388e-09    5.418583e-10    1.138533e-09    2.066855e-09 
Sc-46              2.526615e-23    1.000000e-99    3.618806e-24    2.164734e-23 
Sc-47              5.741360e-99    1.000000e-99    2.046658e-99    3.694702e-99 
Sc-48              5.741360e-99    1.000000e-99    2.046658e-99    3.694702e-99 
Sc-49              5.741360e-99    1.000000e-99    2.046658e-99    3.694702e-99 
Sc-50              5.741360e-99    1.000000e-99    2.046658e-99    3.694702e-99 
Ti-44              4.110821e-25    1.000000e-99    6.578076e-26    3.453014e-25 
Ti-45              5.741360e-99    1.000000e-99    2.046658e-99    3.694702e-99 
Ti-46              1.862037e-08    3.234687e-09    6.637222e-09    1.198315e-08 
Ti-47              1.695762e-08    2.979675e-09    6.046385e-09    1.091124e-08 
Ti-48              3.075270e-07    5.376501e-08    1.096499e-07    1.978771e-07 
Ti-49              1.422392e-08    2.259364e-09    5.050409e-09    9.173514e-09 
Ti-50              1.301887e-08    2.209998e-09    4.627879e-09    8.390987e-09 
Ti-51              5.741360e-99    1.000000e-99    2.046658e-99    3.694702e-99 
Ti-52              5.741360e-99    1.000000e-99    2.046658e-99    3.694702e-99 
V-47               5.741360e-99    1.000000e-99    2.046658e-99    3.694702e-99 
V-48               2.088949e-26    1.000000e-99    3.801728e-27    1.708777e-26 
V-49               2.698566e-21    1.000000e-99    5.228053e-22    2.175761e-21 
V-50               5.763525e-11    1.016393e-11    2.055604e-11    3.707921e-11 
V-51               2.403340e-08    4.141499e-09    8.564434e-09    1.546896e-08 
V-52               5.741360e-99    1.000000e-99    2.046658e-99    3.694702e-99 
V-53               5.741360e-99    1.000000e-99    2.046658e-99    3.694702e-99 
Cr-48              5.741360e-99    1.000000e-99    2.046658e-99    3.694702e-99 
Cr-49              5.741360e-99    1.000000e-99    2.046658e-99    3.694702e-99 
Cr-50              4.689865e-08    8.272808e-09    1.672703e-08    3.017161e-08 
Cr-51              1.212889e-20    1.000000e-99    1.170636e-21    1.095826e-20 
Cr-52              9.517932e-07    1.659075e-07    3.393176e-07    6.124756e-07 
Cr-53              1.087672e-07    1.917344e-08    3.878810e-08    6.997910e-08 
Cr-54              3.015377e-08    4.862314e-09    1.070997e-08    1.944380e-08 
Cr-55              5.741360e-99    1.000000e-99    2.046658e-99    3.694702e-99 
Cr-56              5.741360e-99    1.000000e-99    2.046658e-99    3.694702e-99 
Mn-51              5.741360e-99    1.000000e-99    2.046658e-99    3.694702e-99 
Mn-52              5.741360e-99    1.000000e-99    2.046658e-99    3.694702e-99 
Mn-53              9.034599e-16    1.000000e-99    1.713319e-16    7.321280e-16 
Mn-54              3.766855e-23    1.000000e-99    6.780334e-24    3.088821e-23 
Mn-55              6.543640e-07    1.099097e-07    2.330002e-07    4.213638e-07 
Mn-56              5.741360e-99    1.000000e-99    2.046658e-99    3.694702e-99 
Mn-57              5.741360e-99    1.000000e-99    2.046658e-99    3.694702e-99 
Fe-52              5.741360e-99    1.000000e-99    2.046658e-99    3.694702e-99 
Fe-53              5.741360e-99    1.000000e-99    2.046658e-99    3.694702e-99 
Fe-54              4.628537e-06    8.125526e-07    1.650560e-06    2.977977e-06 
Fe-55              3.188220e-16    1.000000e-99    7.051377e-17    2.483083e-16 
Fe-56              7.585584e-05    1.322776e-05    2.704362e-05    4.881222e-05 
Fe-57              1.834935e-06    3.109417e-07    6.531485e-07    1.181787e-06 
Fe-58              2.693999e-07    4.210661e-08    9.503660e-08    1.743633e-07 
Fe-59              9.015797e-22    1.000000e-99    1.035542e-22    7.980255e-22 
Fe-60              1.755024e-09    1.000000e-99    3.437746e-10    1.411249e-09 
Fe-61              5.741360e-99    1.000000e-99    2.046658e-99    3.694702e-99 
Co-55              5.741360e-99    1.000000e-99    2.046658e-99    3.694702e-99 
Co-56              5.741360e-99    1.000000e-99    2.046658e-99    3.694702e-99 
Co-57              1.543036e-21    1.000000e-99    2.944377e-22    1.248599e-21 
Co-58              1.570428e-25    1.000000e-99    2.942447e-26    1.276183e-25 
Co-59              2.320934e-07    3.995077e-08    8.249545e-08    1.495980e-07 
Co-60              2.277310e-19    1.000000e-99    3.657349e-20    1.911576e-19 
Co-61              5.741360e-99    1.000000e-99    2.046658e-99    3.694702e-99 
Co-62              5.741360e-99    1.000000e-99    2.046658e-99    3.694702e-99 
Co-63              5.741360e-99    1.000000e-99    2.046658e-99    3.694702e-99 
Ni-56              5.741360e-99    1.000000e-99    2.046658e-99    3.694702e-99 
Ni-57              5.741360e-99    1.000000e-99    2.046658e-99    3.694702e-99 
Ni-58              3.268731e-06    5.716115e-07    1.165508e-06    2.103223e-06 
Ni-59              9.264913e-09    1.000000e-99    3.184365e-09    6.080548e-09 
Ni-60              1.307212e-06    2.277763e-07    4.659632e-07    8.412483e-07 
Ni-61              6.402632e-08    1.006630e-08    2.269690e-08    4.132942e-08 
Ni-62              1.904533e-07    3.262192e-08    6.773791e-08    1.227154e-07 
Ni-63              9.892195e-17    1.000000e-99    2.330152e-17    7.562043e-17 
Ni-64              5.488528e-08    8.575837e-09    1.935647e-08    3.552881e-08 
Ni-65              5.741360e-99    1.000000e-99    2.046658e-99    3.694702e-99 
Ni-66              5.741360e-99    1.000000e-99    2.046658e-99    3.694702e-99 
Ni-67              5.741360e-99    1.000000e-99    2.046658e-99    3.694702e-99 
Ni-68              5.741360e-99    1.000000e-99    2.046658e-99    3.694702e-99 
Cu-60              5.741360e-99    1.000000e-99    2.046658e-99    3.694702e-99 
Cu-61              5.741360e-99    1.000000e-99    2.046658e-99    3.694702e-99 
Cu-62              5.741360e-99    1.000000e-99    2.046658e-99    3.694702e-99 
Cu-63              4.184688e-08    6.606275e-09    1.479986e-08    2.704703e-08 
Cu-64              5.741360e-99    1.000000e-99    2.046658e-99    3.694702e-99 
Cu-65              2.028261e-08    3.037412e-09    7.161847e-09    1.312076e-08 
Cu-66              5.741360e-99    1.000000e-99    2.046658e-99    3.694702e-99 
Cu-67              5.741360e-99    1.000000e-99    2.046658e-99    3.694702e-99 
Cu-68              5.741360e-99    1.000000e-99    2.046658e-99    3.694702e-99 
Cu-69              5.741360e-99    1.000000e-99    2.046658e-99    3.694702e-99 
Cu-70              5.741360e-99    1.000000e-99    2.046658e-99    3.694702e-99 
Cu-71              5.741360e-99    1.000000e-99    2.046658e-99    3.694702e-99 
Zn-62              5.741360e-99    1.000000e-99    2.046658e-99    3.694702e-99 
Zn-63              5.741360e-99    1.000000e-99    2.046658e-99    3.694702e-99 
Zn-64              6.552574e-08    1.131768e-08    2.335239e-08    4.217335e-08 
Zn-65              7.366032e-19    1.000000e-99    2.187345e-19    5.178686e-19 
Zn-66              4.017707e-08    6.696091e-09    1.427509e-08    2.590197e-08 
Zn-67              6.178009e-09    9.989226e-10    2.190939e-09    3.987070e-09 
Zn-68              2.909904e-08    4.636426e-09    1.030438e-08    1.879466e-08 
Zn-69              5.741360e-99    1.000000e-99    2.046658e-99    3.694702e-99 
Zn-70              9.076311e-10    1.578203e-10    3.228660e-10    5.847650e-10 
Zn-71              5.741360e-99    1.000000e-99    2.046658e-99    3.694702e-99 
Zn-72              5.741360e-99    1.000000e-99    2.046658e-99    3.694702e-99 
Zn-73              5.741360e-99    1.000000e-99    2.046658e-99    3.694702e-99 
Zn-74              5.741360e-99    1.000000e-99    2.046658e-99    3.694702e-99 
Ga-65              5.741360e-99    1.000000e-99    2.046658e-99    3.694702e-99 
Ga-66              5.741360e-99    1.000000e-99    2.046658e-99    3.694702e-99 
Ga-67              5.741360e-99    1.000000e-99    2.046658e-99    3.694702e-99 
Ga-68              5.741360e-99    1.000000e-99    2.046658e-99    3.694702e-99 
Ga-69              3.026919e-09    4.554638e-10    1.068806e-09    1.958112e-09 
Ga-70              5.741360e-99    1.000000e-99    2.046658e-99    3.694702e-99 
Ga-71              2.102369e-09    3.110416e-10    7.428391e-10    1.359530e-09 
Ga-72              5.741360e-99    1.000000e-99    2.046658e-99    3.694702e-99 
Ga-73              5.741360e-99    1.000000e-99    2.046658e-99    3.694702e-99 
Ga-74              5.741360e-99    1.000000e-99    2.046658e-99    3.694702e-99 
Ga-75              5.741360e-99    1.000000e-99    2.046658e-99    3.694702e-99 
Ge-66              5.741360e-99    1.000000e-99    2.046658e-99    3.694702e-99 
Ge-67              5.741360e-99    1.000000e-99    2.046658e-99    3.694702e-99 
Ge-68              5.741360e-99    1.000000e-99    2.046658e-99    3.694702e-99 
Ge-69              5.741360e-99    1.000000e-99    2.046658e-99    3.694702e-99 
Ge-70              3.496479e-09    5.161822e-10    1.232100e-09    2.264380e-09 
Ge-71              2.057060e-22    1.000000e-99    4.580615e-23    1.598999e-22 
Ge-72              4.508950e-09    6.916546e-10    1.591954e-09    2.916996e-09 
Ge-73              1.279749e-09    1.956341e-10    4.515876e-10    8.281618e-10 
Ge-74              6.194254e-09    9.236751e-10    2.181913e-09    4.012341e-09 
Ge-75              5.741360e-99    1.000000e-99    2.046658e-99    3.694702e-99 
Ge-76              1.131240e-09    1.964686e-10    4.021933e-10    7.290467e-10 
Ge-77              5.741360e-99    1.000000e-99    2.046658e-99    3.694702e-99 
Ge-78              5.741360e-99    1.000000e-99    2.046658e-99    3.694702e-99 
As-69              5.741360e-99    1.000000e-99    2.046658e-99    3.694702e-99 
As-70              5.741360e-99    1.000000e-99    2.046658e-99    3.694702e-99 
As-71              5.741360e-99    1.000000e-99    2.046658e-99    3.694702e-99 
As-72              5.741360e-99    1.000000e-99    2.046658e-99    3.694702e-99 
As-73              5.741360e-99    1.000000e-99    2.046658e-99    3.694702e-99 
As-74              5.741360e-99    1.000000e-99    2.046658e-99    3.694702e-99 
As-75              8.988173e-10    1.431312e-10    3.178314e-10    5.809860e-10 
As-76              5.741360e-99    1.000000e-99    2.046658e-99    3.694702e-99 
As-77              5.741360e-99    1.000000e-99    2.046658e-99    3.694702e-99 
As-78              5.741360e-99    1.000000e-99    2.046658e-99    3.694702e-99 
As-79              5.741360e-99    1.000000e-99    2.046658e-99    3.694702e-99 
As-80              5.741360e-99    1.000000e-99    2.046658e-99    3.694702e-99 
As-81              5.741360e-99    1.000000e-99    2.046658e-99    3.694702e-99 
Se-72              5.741360e-99    1.000000e-99    2.046658e-99    3.694702e-99 
Se-73              5.741360e-99    1.000000e-99    2.046658e-99    3.694702e-99 
Se-74              6.656572e-11    1.198965e-11    2.375750e-11    4.280823e-11 
Se-75              6.028420e-26    1.000000e-99    1.110550e-26    4.917870e-26 
Se-76              9.653422e-10    1.297302e-10    3.380143e-10    6.273279e-10 
Se-77              6.828979e-10    1.071453e-10    2.411737e-10    4.417243e-10 
Se-78              2.417287e-09    3.379353e-10    8.467204e-10    1.570567e-09 
Se-79              1.354696e-15    1.000000e-99    2.939815e-16    1.060714e-15 
Se-80              4.291720e-09    7.232795e-10    1.516560e-09    2.775159e-09 
Se-81              5.741360e-99    1.000000e-99    2.046658e-99    3.694702e-99 
Se-82              7.515923e-10    1.304821e-10    2.673842e-10    4.842081e-10 
Se-83              5.741360e-99    1.000000e-99    2.046658e-99    3.694702e-99 
Se-84              5.741360e-99    1.000000e-99    2.046658e-99    3.694702e-99 
Br-74              5.741360e-99    1.000000e-99    2.046658e-99    3.694702e-99 
Br-75              5.741360e-99    1.000000e-99    2.046658e-99    3.694702e-99 
Br-76              5.741360e-99    1.000000e-99    2.046658e-99    3.694702e-99 
Br-77              5.741360e-99    1.000000e-99    2.046658e-99    3.694702e-99 
Br-78              5.741360e-99    1.000000e-99    2.046658e-99    3.694702e-99 
Br-79              8.224900e-10    1.390555e-10    2.908053e-10    5.316847e-10 
Br-80              5.741360e-99    1.000000e-99    2.046658e-99    3.694702e-99 
Br-81              8.718313e-10    1.387166e-10    3.077655e-10    5.640658e-10 
Br-82              5.741360e-99    1.000000e-99    2.046658e-99    3.694702e-99 
Br-83              5.741360e-99    1.000000e-99    2.046658e-99    3.694702e-99 
Br-84              5.741360e-99    1.000000e-99    2.046658e-99    3.694702e-99 
Br-85              5.741360e-99    1.000000e-99    2.046658e-99    3.694702e-99 
Br-86              5.741360e-99    1.000000e-99    2.046658e-99    3.694702e-99 
Br-87              5.741360e-99    1.000000e-99    2.046658e-99    3.694702e-99 
Kr-76              5.741360e-99    1.000000e-99    2.046658e-99    3.694702e-99 
Kr-77              5.741360e-99    1.000000e-99    2.046658e-99    3.694702e-99 
Kr-78              2.190835e-11    3.903699e-12    7.816510e-12    1.409184e-11 
Kr-79              5.741360e-99    1.000000e-99    2.046658e-99    3.694702e-99 
Kr-80              2.476957e-10    2.577028e-11    8.707717e-11    1.606186e-10 
Kr-81              1.475036e-14    1.000000e-99    5.078071e-15    9.672291e-15 
Kr-82              1.044824e-09    1.320727e-10    3.642871e-10    6.805371e-10 
Kr-83              8.398119e-10    1.325358e-10    2.965665e-10    5.432454e-10 
Kr-84              4.333200e-09    6.607919e-10    1.525627e-09    2.807573e-09 
Kr-85              4.642955e-19    1.000000e-99    1.024548e-19    3.618407e-19 
Kr-86              1.474245e-09    2.046221e-10    4.940210e-10    9.802237e-10 
Kr-87              5.741360e-99    1.000000e-99    2.046658e-99    3.694702e-99 
Kr-88              5.741360e-99    1.000000e-99    2.046658e-99    3.694702e-99 
Kr-89              5.741360e-99    1.000000e-99    2.046658e-99    3.694702e-99 
Kr-90              5.741360e-99    1.000000e-99    2.046658e-99    3.694702e-99 
Rb-79              5.741360e-99    1.000000e-99    2.046658e-99    3.694702e-99 
Rb-80              5.741360e-99    1.000000e-99    2.046658e-99    3.694702e-99 
Rb-81              5.741360e-99    1.000000e-99    2.046658e-99    3.694702e-99 
Rb-82              5.741360e-99    1.000000e-99    2.046658e-99    3.694702e-99 
Rb-83              5.741360e-99    1.000000e-99    2.046658e-99    3.694702e-99 
Rb-84              5.741360e-99    1.000000e-99    2.046658e-99    3.694702e-99 
Rb-85              8.580553e-10    1.283575e-10    2.995470e-10    5.585082e-10 
Rb-86              1.700766e-26    1.000000e-99    1.410030e-27    1.559763e-26 
Rb-87              4.081608e-10    4.994339e-11    1.301421e-10    2.780188e-10 
Rb-88              5.741360e-99    1.000000e-99    2.046658e-99    3.694702e-99 
Rb-89              5.741360e-99    1.000000e-99    2.046658e-99    3.694702e-99 
Rb-90              5.741360e-99    1.000000e-99    2.046658e-99    3.694702e-99 
Rb-91              5.741360e-99    1.000000e-99    2.046658e-99    3.694702e-99 
Sr-80              5.741360e-99    1.000000e-99    2.046658e-99    3.694702e-99 
Sr-81              5.741360e-99    1.000000e-99    2.046658e-99    3.694702e-99 
Sr-82              5.741360e-99    1.000000e-99    2.046658e-99    3.694702e-99 
Sr-83              5.741360e-99    1.000000e-99    2.046658e-99    3.694702e-99 
Sr-84              1.780388e-11    3.230901e-12    6.355764e-12    1.144812e-11 
Sr-85              5.197574e-27    1.000000e-99    5.182822e-28    4.679292e-27 
Sr-86              5.266176e-10    5.849808e-11    1.840655e-10    3.425521e-10 
Sr-87              3.567344e-10    4.520083e-11    1.254031e-10    2.313312e-10 
Sr-88              3.419025e-09    5.015302e-10    1.187399e-09    2.231626e-09 
Sr-89              2.183047e-23    1.000000e-99    4.566004e-24    1.726446e-23 
Sr-90              1.185266e-18    1.000000e-99    2.582555e-19    9.270103e-19 
Sr-91              5.741360e-99    1.000000e-99    2.046658e-99    3.694702e-99 
Sr-92              5.741360e-99    1.000000e-99    2.046658e-99    3.694702e-99 
Sr-93              5.741360e-99    1.000000e-99    2.046658e-99    3.694702e-99 
Sr-94              5.741360e-99    1.000000e-99    2.046658e-99    3.694702e-99 
Y-85               5.741360e-99    1.000000e-99    2.046658e-99    3.694702e-99 
Y-86               5.741360e-99    1.000000e-99    2.046658e-99    3.694702e-99 
Y-87               5.741360e-99    1.000000e-99    2.046658e-99    3.694702e-99 
Y-88               5.741360e-99    1.000000e-99    2.046658e-99    3.694702e-99 
Y-89               8.152263e-10    1.230448e-10    2.822612e-10    5.329651e-10 
Y-90               3.015293e-22    1.000000e-99    6.569969e-23    2.358296e-22 
Y-91               1.176433e-23    1.000000e-99    2.516842e-24    9.247484e-24 
Y-92               5.741360e-99    1.000000e-99    2.046658e-99    3.694702e-99 
Y-93               5.741360e-99    1.000000e-99    2.046658e-99    3.694702e-99 
Y-94               5.741360e-99    1.000000e-99    2.046658e-99    3.694702e-99 
Y-95               5.741360e-99    1.000000e-99    2.046658e-99    3.694702e-99 
Y-96               5.741360e-99    1.000000e-99    2.046658e-99    3.694702e-99 
Zr-86              5.741360e-99    1.000000e-99    2.046658e-99    3.694702e-99 
Zr-87              5.741360e-99    1.000000e-99    2.046658e-99    3.694702e-99 
Zr-88              5.741360e-99    1.000000e-99    2.046658e-99    3.694702e-99 
Zr-89              5.741360e-99    1.000000e-99    2.046658e-99    3.694702e-99 
Zr-90              9.463857e-10    1.535741e-10    3.316379e-10    6.147479e-10 
Zr-91              2.118958e-10    3.387065e-11    7.378446e-11    1.381114e-10 
Zr-92              3.319068e-10    5.231471e-11    1.148984e-10    2.170084e-10 
Zr-93              2.345327e-14    1.000000e-99    5.957618e-15    1.749565e-14 
Zr-94              3.324721e-10    5.418147e-11    1.157106e-10    2.167615e-10 
Zr-95              1.760642e-23    1.000000e-99    3.721886e-24    1.388453e-23 
Zr-96              1.104397e-10    8.911428e-12    3.104801e-11    7.939167e-11 
Zr-97              5.741360e-99    1.000000e-99    2.046658e-99    3.694702e-99 
Zr-98              5.741360e-99    1.000000e-99    2.046658e-99    3.694702e-99 
Nb-89              5.741360e-99    1.000000e-99    2.046658e-99    3.694702e-99 
Nb-90              5.741360e-99    1.000000e-99    2.046658e-99    3.694702e-99 
Nb-91              5.741360e-99    1.000000e-99    2.046658e-99    3.694702e-99 
Nb-92              5.741360e-99    1.000000e-99    2.046658e-99    3.694702e-99 
Nb-93              1.166457e-10    1.901762e-11    4.052394e-11    7.612171e-11 
Nb-94              2.113182e-22    1.000000e-99    2.980014e-23    1.815181e-22 
Nb-95              2.036078e-23    1.000000e-99    4.309370e-24    1.605141e-23 
Nb-96              5.741360e-99    1.000000e-99    2.046658e-99    3.694702e-99 
Nb-97              5.741360e-99    1.000000e-99    2.046658e-99    3.694702e-99 
Nb-98              5.741360e-99    1.000000e-99    2.046658e-99    3.694702e-99 
Nb-99              5.741360e-99    1.000000e-99    2.046658e-99    3.694702e-99 
Mo-90              5.741360e-99    1.000000e-99    2.046658e-99    3.694702e-99 
Mo-91              5.741360e-99    1.000000e-99    2.046658e-99    3.694702e-99 
Mo-92              5.730947e-11    1.013407e-11    2.044191e-11    3.686756e-11 
Mo-93              2.417478e-20    1.000000e-99    8.011823e-21    1.616296e-20 
Mo-94              4.039332e-11    6.453319e-12    1.436440e-11    2.602892e-11 
Mo-95              7.149023e-11    1.122904e-11    2.453624e-11    4.695399e-11 
Mo-96              7.218154e-11    1.188573e-11    2.544464e-11    4.673690e-11 
Mo-97              4.202726e-11    6.881453e-12    1.465895e-11    2.736831e-11 
Mo-98              1.081068e-10    1.755936e-11    3.766622e-11    7.044062e-11 
Mo-99              5.741360e-99    1.000000e-99    2.046658e-99    3.694702e-99 
Mo-100             4.186890e-11    7.152491e-12    1.473240e-11    2.713650e-11 
Mo-101             5.741360e-99    1.000000e-99    2.046658e-99    3.694702e-99 
Mo-102             5.741360e-99    1.000000e-99    2.046658e-99    3.694702e-99 
Tc-93              5.741360e-99    1.000000e-99    2.046658e-99    3.694702e-99 
Tc-94              5.741360e-99    1.000000e-99    2.046658e-99    3.694702e-99 
Tc-95              5.741360e-99    1.000000e-99    2.046658e-99    3.694702e-99 
Tc-96              5.741360e-99    1.000000e-99    2.046658e-99    3.694702e-99 
Tc-97              7.670501e-16    1.000000e-99    2.651337e-16    5.019164e-16 
Tc-98              7.262104e-19    1.000000e-99    1.426027e-19    5.836077e-19 
Tc-99              3.577853e-16    1.000000e-99    8.459052e-17    2.731948e-16 
Tc-100             5.741360e-99    1.000000e-99    2.046658e-99    3.694702e-99 
Tc-101             5.741360e-99    1.000000e-99    2.046658e-99    3.694702e-99 
Tc-102             5.741360e-99    1.000000e-99    2.046658e-99    3.694702e-99 
Tc-103             5.741360e-99    1.000000e-99    2.046658e-99    3.694702e-99 
Tc-104             5.741360e-99    1.000000e-99    2.046658e-99    3.694702e-99 
Tc-105             5.741360e-99    1.000000e-99    2.046658e-99    3.694702e-99 
Ru-94              5.741360e-99    1.000000e-99    2.046658e-99    3.694702e-99 
Ru-95              5.741360e-99    1.000000e-99    2.046658e-99    3.694702e-99 
Ru-96              1.640909e-11    2.928269e-12    5.854742e-12    1.055434e-11 
Ru-97              5.741360e-99    1.000000e-99    2.046658e-99    3.694702e-99 
Ru-98              5.789597e-12    1.008004e-12    2.064131e-12    3.725466e-12 
Ru-99              4.013693e-11    6.951645e-12    1.417538e-11    2.596154e-11 
Ru-100             4.375563e-11    6.934131e-12    1.525195e-11    2.850368e-11 
Ru-101             5.245295e-11    9.483608e-12    1.863872e-11    3.381423e-11 
Ru-102             1.077552e-10    1.771328e-11    3.784216e-11    6.991301e-11 
Ru-103             5.741360e-99    1.000000e-99    2.046658e-99    3.694702e-99 
Ru-104             6.089140e-11    1.065883e-11    2.156653e-11    3.932487e-11 
Ru-105             5.741360e-99    1.000000e-99    2.046658e-99    3.694702e-99 
Ru-106             7.584783e-25    1.000000e-99    1.511534e-25    6.073248e-25 
Rh-98              5.741360e-99    1.000000e-99    2.046658e-99    3.694702e-99 
Rh-99              5.741360e-99    1.000000e-99    2.046658e-99    3.694702e-99 
Rh-100             5.741360e-99    1.000000e-99    2.046658e-99    3.694702e-99 
Rh-101             5.741360e-99    1.000000e-99    2.046658e-99    3.694702e-99 
Rh-102             5.741360e-99    1.000000e-99    2.046658e-99    3.694702e-99 
Rh-103             5.937807e-11    1.055627e-11    2.107982e-11    3.829824e-11 
Rh-104             5.741360e-99    1.000000e-99    2.046658e-99    3.694702e-99 
Rh-105             5.741360e-99    1.000000e-99    2.046658e-99    3.694702e-99 
Rh-106             5.741360e-99    1.000000e-99    2.046658e-99    3.694702e-99 
Rh-107             5.741360e-99    1.000000e-99    2.046658e-99    3.694702e-99 
Rh-108             5.741360e-99    1.000000e-99    2.046658e-99    3.694702e-99 
Pd-99              5.741360e-99    1.000000e-99    2.046658e-99    3.694702e-99 
Pd-100             5.741360e-99    1.000000e-99    2.046658e-99    3.694702e-99 
Pd-101             5.741360e-99    1.000000e-99    2.046658e-99    3.694702e-99 
Pd-102             2.338609e-12    4.244959e-13    8.348607e-13    1.503748e-12 
Pd-103             5.741360e-99    1.000000e-99    2.046658e-99    3.694702e-99 
Pd-104             3.205138e-11    4.727067e-12    1.116882e-11    2.088257e-11 
Pd-105             5.330662e-11    9.566459e-12    1.894841e-11    3.435820e-11 
Pd-106             7.291830e-11    1.182003e-11    2.560423e-11    4.731407e-11 
Pd-107             2.022317e-14    1.000000e-99    6.436565e-15    1.378660e-14 
Pd-108             7.018116e-11    1.165968e-11    2.460541e-11    4.557576e-11 
Pd-109             5.741360e-99    1.000000e-99    2.046658e-99    3.694702e-99 
Pd-110             3.063452e-11    5.260094e-12    1.077117e-11    1.986335e-11 
Pd-111             5.741360e-99    1.000000e-99    2.046658e-99    3.694702e-99 
Pd-112             5.741360e-99    1.000000e-99    2.046658e-99    3.694702e-99 
Ag-101             5.741360e-99    1.000000e-99    2.046658e-99    3.694702e-99 
Ag-102             5.741360e-99    1.000000e-99    2.046658e-99    3.694702e-99 
Ag-103             5.741360e-99    1.000000e-99    2.046658e-99    3.694702e-99 
Ag-104             5.741360e-99    1.000000e-99    2.046658e-99    3.694702e-99 
Ag-105             5.741360e-99    1.000000e-99    2.046658e-99    3.694702e-99 
Ag-106             5.741360e-99    1.000000e-99    2.046658e-99    3.694702e-99 
Ag-107             4.449284e-11    7.847210e-12    1.580876e-11    2.868407e-11 
Ag-108             5.741360e-99    1.000000e-99    2.046658e-99    3.694702e-99 
Ag-109             4.265268e-11    7.426657e-12    1.508894e-11    2.756374e-11 
Ag-110             5.741360e-99    1.000000e-99    2.046658e-99    3.694702e-99 
Ag-111             5.741360e-99    1.000000e-99    2.046658e-99    3.694702e-99 
Ag-112             5.741360e-99    1.000000e-99    2.046658e-99    3.694702e-99 
Ag-113             5.741360e-99    1.000000e-99    2.046658e-99    3.694702e-99 
Cd-102             5.741360e-99    1.000000e-99    2.046658e-99    3.694702e-99 
Cd-103             5.741360e-99    1.000000e-99    2.046658e-99    3.694702e-99 
Cd-104             5.741360e-99    1.000000e-99    2.046658e-99    3.694702e-99 
Cd-105             5.741360e-99    1.000000e-99    2.046658e-99    3.694702e-99 
Cd-106             3.521495e-12    6.351687e-13    1.256887e-12    2.264608e-12 
Cd-107             5.741360e-99    1.000000e-99    2.046658e-99    3.694702e-99 
Cd-108             4.640186e-12    4.607729e-13    1.632650e-12    3.007536e-12 
Cd-109             1.526058e-25    1.000000e-99    3.161398e-26    1.209918e-25 
Cd-110             4.162856e-11    6.586100e-12    1.456120e-11    2.706736e-11 
Cd-111             3.926458e-11    6.810926e-12    1.389327e-11    2.537131e-11 
Cd-112             7.844845e-11    1.295533e-11    2.752998e-11    5.091847e-11 
Cd-113             3.834773e-11    6.619464e-12    1.355739e-11    2.479034e-11 
Cd-114             9.561284e-11    1.570051e-11    3.348683e-11    6.212601e-11 
Cd-115             5.741360e-99    1.000000e-99    2.046658e-99    3.694702e-99 
Cd-116             2.641757e-11    4.164981e-12    9.030582e-12    1.738699e-11 
Cd-117             5.741360e-99    1.000000e-99    2.046658e-99    3.694702e-99 
Cd-118             5.741360e-99    1.000000e-99    2.046658e-99    3.694702e-99 
In-106             5.741360e-99    1.000000e-99    2.046658e-99    3.694702e-99 
In-107             5.741360e-99    1.000000e-99    2.046658e-99    3.694702e-99 
In-108             5.741360e-99    1.000000e-99    2.046658e-99    3.694702e-99 
In-109             5.741360e-99    1.000000e-99    2.046658e-99    3.694702e-99 
In-110             5.741360e-99    1.000000e-99    2.046658e-99    3.694702e-99 
In-111             5.741360e-99    1.000000e-99    2.046658e-99    3.694702e-99 
In-112             5.741360e-99    1.000000e-99    2.046658e-99    3.694702e-99 
In-113             1.481542e-12    2.606197e-13    5.283692e-13    9.531726e-13 
In-114             5.741360e-99    1.000000e-99    2.046658e-99    3.694702e-99 
In-115             3.426163e-11    5.920205e-12    1.208396e-11    2.217767e-11 
In-116             5.741360e-99    1.000000e-99    2.046658e-99    3.694702e-99 
In-117             5.741360e-99    1.000000e-99    2.046658e-99    3.694702e-99 
In-118             5.741360e-99    1.000000e-99    2.046658e-99    3.694702e-99 
In-119             5.741360e-99    1.000000e-99    2.046658e-99    3.694702e-99 
Sn-108             5.741360e-99    1.000000e-99    2.046658e-99    3.694702e-99 
Sn-109             5.741360e-99    1.000000e-99    2.046658e-99    3.694702e-99 
Sn-110             5.741360e-99    1.000000e-99    2.046658e-99    3.694702e-99 
Sn-111             5.741360e-99    1.000000e-99    2.046658e-99    3.694702e-99 
Sn-112             6.832374e-12    1.222110e-12    2.437961e-12    4.394413e-12 
Sn-113             5.741360e-99    1.000000e-99    2.046658e-99    3.694702e-99 
Sn-114             4.913967e-12    8.442352e-13    1.751223e-12    3.162743e-12 
Sn-115             2.520417e-12    4.381068e-13    8.985343e-13    1.621883e-12 
Sn-116             1.134949e-10    1.894855e-11    3.996758e-11    7.352730e-11 
Sn-117             5.932151e-11    1.009239e-11    2.092150e-11    3.840000e-11 
Sn-118             1.926036e-10    3.212056e-11    6.759335e-11    1.250103e-10 
Sn-119             6.828425e-11    1.148049e-11    2.403273e-11    4.425152e-11 
Sn-120             2.639117e-10    4.395201e-11    9.255670e-11    1.713550e-10 
Sn-121             5.741360e-99    1.000000e-99    2.046658e-99    3.694702e-99 
Sn-122             4.548411e-11    6.346294e-12    1.492005e-11    3.056406e-11 
Sn-123             5.741360e-99    1.000000e-99    2.046658e-99    3.694702e-99 
Sn-124             4.894917e-11    8.066747e-12    1.705257e-11    3.189660e-11 
Sn-125             5.741360e-99    1.000000e-99    2.046658e-99    3.694702e-99 
Sn-126             2.152713e-17    1.000000e-99    4.642660e-18    1.688447e-17 
Sn-127             5.741360e-99    1.000000e-99    2.046658e-99    3.694702e-99 
Sn-128             5.741360e-99    1.000000e-99    2.046658e-99    3.694702e-99 
Sn-129             5.741360e-99    1.000000e-99    2.046658e-99    3.694702e-99 
Sn-130             5.741360e-99    1.000000e-99    2.046658e-99    3.694702e-99 
Sb-112             5.741360e-99    1.000000e-99    2.046658e-99    3.694702e-99 
Sb-113             5.741360e-99    1.000000e-99    2.046658e-99    3.694702e-99 
Sb-114             5.741360e-99    1.000000e-99    2.046658e-99    3.694702e-99 
Sb-115             5.741360e-99    1.000000e-99    2.046658e-99    3.694702e-99 
Sb-116             5.741360e-99    1.000000e-99    2.046658e-99    3.694702e-99 
Sb-117             5.741360e-99    1.000000e-99    2.046658e-99    3.694702e-99 
Sb-118             5.741360e-99    1.000000e-99    2.046658e-99    3.694702e-99 
Sb-119             5.741360e-99    1.000000e-99    2.046658e-99    3.694702e-99 
Sb-120             5.741360e-99    1.000000e-99    2.046658e-99    3.694702e-99 
Sb-121             3.691830e-11    6.323438e-12    1.300924e-11    2.390906e-11 
Sb-122             5.741360e-99    1.000000e-99    2.046658e-99    3.694702e-99 
Sb-123             2.764059e-11    4.807264e-12    9.730877e-12    1.790972e-11 
Sb-124             5.741360e-99    1.000000e-99    2.046658e-99    3.694702e-99 
Sb-125             4.267002e-22    1.000000e-99    9.234159e-23    3.343587e-22 
Sb-126             1.225811e-23    1.000000e-99    2.643651e-24    9.614463e-24 
Sb-127             5.741360e-99    1.000000e-99    2.046658e-99    3.694702e-99 
Sb-128             5.741360e-99    1.000000e-99    2.046658e-99    3.694702e-99 
Sb-129             5.741360e-99    1.000000e-99    2.046658e-99    3.694702e-99 
Sb-130             5.741360e-99    1.000000e-99    2.046658e-99    3.694702e-99 
Sb-131             5.741360e-99    1.000000e-99    2.046658e-99    3.694702e-99 
Sb-132             5.741360e-99    1.000000e-99    2.046658e-99    3.694702e-99 
Sb-133             5.741360e-99    1.000000e-99    2.046658e-99    3.694702e-99 
Te-114             5.741360e-99    1.000000e-99    2.046658e-99    3.694702e-99 
Te-115             5.741360e-99    1.000000e-99    2.046658e-99    3.694702e-99 
Te-116             5.741360e-99    1.000000e-99    2.046658e-99    3.694702e-99 
Te-117             5.741360e-99    1.000000e-99    2.046658e-99    3.694702e-99 
Te-118             5.741360e-99    1.000000e-99    2.046658e-99    3.694702e-99 
Te-119             5.741360e-99    1.000000e-99    2.046658e-99    3.694702e-99 
Te-120             8.892672e-13    1.629768e-13    3.175571e-13    5.717100e-13 
Te-121             5.741360e-99    1.000000e-99    2.046658e-99    3.694702e-99 
Te-122             2.768777e-11    4.492698e-12    9.722095e-12    1.796568e-11 
Te-123             9.671400e-12    1.579939e-12    3.402704e-12    6.268695e-12 
Te-124             5.243367e-11    8.448534e-12    1.826907e-11    3.416460e-11 
Te-125             7.125050e-11    1.262469e-11    2.527555e-11    4.597495e-11 
Te-126             2.004300e-10    3.378304e-11    7.070253e-11    1.297274e-10 
Te-127             5.741360e-99    1.000000e-99    2.046658e-99    3.694702e-99 
Te-128             3.299560e-10    5.738049e-11    1.173271e-10    2.126288e-10 
Te-129             5.741360e-99    1.000000e-99    2.046658e-99    3.694702e-99 
Te-130             3.565287e-10    6.216134e-11    1.270248e-10    2.295039e-10 
Te-131             5.741360e-99    1.000000e-99    2.046658e-99    3.694702e-99 
Te-132             5.741360e-99    1.000000e-99    2.046658e-99    3.694702e-99 
Te-133             5.741360e-99    1.000000e-99    2.046658e-99    3.694702e-99 
Te-134             5.741360e-99    1.000000e-99    2.046658e-99    3.694702e-99 
I-117              5.741360e-99    1.000000e-99    2.046658e-99    3.694702e-99 
I-118              5.741360e-99    1.000000e-99    2.046658e-99    3.694702e-99 
I-119              5.741360e-99    1.000000e-99    2.046658e-99    3.694702e-99 
I-120              5.741360e-99    1.000000e-99    2.046658e-99    3.694702e-99 
I-121              5.741360e-99    1.000000e-99    2.046658e-99    3.694702e-99 
I-122              5.741360e-99    1.000000e-99    2.046658e-99    3.694702e-99 
I-123              5.741360e-99    1.000000e-99    2.046658e-99    3.694702e-99 
I-124              5.741360e-99    1.000000e-99    2.046658e-99    3.694702e-99 
I-125              5.741360e-99    1.000000e-99    2.046658e-99    3.694702e-99 
I-126              5.741360e-99    1.000000e-99    2.046658e-99    3.694702e-99 
I-127              8.142241e-11    1.460417e-11    2.896049e-11    5.246192e-11 
I-128              5.741360e-99    1.000000e-99    2.046658e-99    3.694702e-99 
I-129              1.466755e-15    1.000000e-99    3.111705e-16    1.155584e-15 
I-130              5.741360e-99    1.000000e-99    2.046658e-99    3.694702e-99 
I-131              5.741360e-99    1.000000e-99    2.046658e-99    3.694702e-99 
I-132              5.741360e-99    1.000000e-99    2.046658e-99    3.694702e-99 
I-133              5.741360e-99    1.000000e-99    2.046658e-99    3.694702e-99 
I-134              5.741360e-99    1.000000e-99    2.046658e-99    3.694702e-99 
I-135              5.741360e-99    1.000000e-99    2.046658e-99    3.694702e-99 
Xe-118             5.741360e-99    1.000000e-99    2.046658e-99    3.694702e-99 
Xe-119             5.741360e-99    1.000000e-99    2.046658e-99    3.694702e-99 
Xe-120             5.741360e-99    1.000000e-99    2.046658e-99    3.694702e-99 
Xe-121             5.741360e-99    1.000000e-99    2.046658e-99    3.694702e-99 
Xe-122             5.741360e-99    1.000000e-99    2.046658e-99    3.694702e-99 
Xe-123             5.741360e-99    1.000000e-99    2.046658e-99    3.694702e-99 
Xe-124             1.195427e-12    2.211488e-13    4.270154e-13    7.684118e-13 
Xe-125             5.741360e-99    1.000000e-99    2.046658e-99    3.694702e-99 
Xe-126             1.075260e-12    1.951020e-13    3.838522e-13    6.914074e-13 
Xe-127             5.741360e-99    1.000000e-99    2.046658e-99    3.694702e-99 
Xe-128             2.795339e-11    3.946281e-12    9.736753e-12    1.821664e-11 
Xe-129             2.691379e-10    4.897376e-11    9.598422e-11    1.731537e-10 
Xe-130             6.208151e-11    7.872101e-12    2.157035e-11    4.051116e-11 
Xe-131             2.206325e-10    3.948217e-11    7.856938e-11    1.420632e-10 
Xe-132             2.889733e-10    4.810526e-11    1.021746e-10    1.867987e-10 
Xe-133             5.741360e-99    1.000000e-99    2.046658e-99    3.694702e-99 
Xe-134             1.087965e-10    1.789596e-11    3.787974e-11    7.091674e-11 
Xe-135             5.741360e-99    1.000000e-99    2.046658e-99    3.694702e-99 
Xe-136             9.068596e-11    1.479745e-11    3.150573e-11    5.918024e-11 
Xe-137             5.741360e-99    1.000000e-99    2.046658e-99    3.694702e-99 
Xe-138             5.741360e-99    1.000000e-99    2.046658e-99    3.694702e-99 
Cs-123             5.741360e-99    1.000000e-99    2.046658e-99    3.694702e-99 
Cs-124             5.741360e-99    1.000000e-99    2.046658e-99    3.694702e-99 
Cs-125             5.741360e-99    1.000000e-99    2.046658e-99    3.694702e-99 
Cs-126             5.741360e-99    1.000000e-99    2.046658e-99    3.694702e-99 
Cs-127             5.741360e-99    1.000000e-99    2.046658e-99    3.694702e-99 
Cs-128             5.741360e-99    1.000000e-99    2.046658e-99    3.694702e-99 
Cs-129             5.741360e-99    1.000000e-99    2.046658e-99    3.694702e-99 
Cs-130             5.741360e-99    1.000000e-99    2.046658e-99    3.694702e-99 
Cs-131             5.741360e-99    1.000000e-99    2.046658e-99    3.694702e-99 
Cs-132             5.741360e-99    1.000000e-99    2.046658e-99    3.694702e-99 
Cs-133             8.094348e-11    1.427331e-11    2.873196e-11    5.221151e-11 
Cs-134             3.821018e-25    1.000000e-99    4.371564e-26    3.383862e-25 
Cs-135             6.457604e-15    1.000000e-99    1.477864e-15    4.979740e-15 
Cs-136             5.741360e-99    1.000000e-99    2.046658e-99    3.694702e-99 
Cs-137             5.211759e-19    1.000000e-99    1.128384e-19    4.083375e-19 
Cs-138             5.741360e-99    1.000000e-99    2.046658e-99    3.694702e-99 
Cs-139             5.741360e-99    1.000000e-99    2.046658e-99    3.694702e-99 
Ba-124             5.741360e-99    1.000000e-99    2.046658e-99    3.694702e-99 
Ba-125             5.741360e-99    1.000000e-99    2.046658e-99    3.694702e-99 
Ba-126             5.741360e-99    1.000000e-99    2.046658e-99    3.694702e-99 
Ba-127             5.741360e-99    1.000000e-99    2.046658e-99    3.694702e-99 
Ba-128             5.741360e-99    1.000000e-99    2.046658e-99    3.694702e-99 
Ba-129             5.741360e-99    1.000000e-99    2.046658e-99    3.694702e-99 
Ba-130             9.805560e-13    1.815943e-13    3.502741e-13    6.302819e-13 
Ba-131             5.741360e-99    1.000000e-99    2.046658e-99    3.694702e-99 
Ba-132             9.709704e-13    1.763712e-13    3.466346e-13    6.243358e-13 
Ba-133             5.741360e-99    1.000000e-99    2.046658e-99    3.694702e-99 
Ba-134             2.997420e-11    4.276167e-12    1.048296e-11    1.949124e-11 
Ba-135             6.728132e-11    1.174963e-11    2.372316e-11    4.355817e-11 
Ba-136             8.703563e-11    1.410093e-11    3.055338e-11    5.648225e-11 
Ba-137             1.303476e-10    2.031659e-11    4.452156e-11    8.582608e-11 
Ba-138             7.770526e-10    1.306368e-10    2.733858e-10    5.036667e-10 
Ba-139             5.741360e-99    1.000000e-99    2.046658e-99    3.694702e-99 
Ba-140             5.741360e-99    1.000000e-99    2.046658e-99    3.694702e-99 
Ba-141             5.741360e-99    1.000000e-99    2.046658e-99    3.694702e-99 
Ba-142             5.741360e-99    1.000000e-99    2.046658e-99    3.694702e-99 
La-127             5.741360e-99    1.000000e-99    2.046658e-99    3.694702e-99 
La-128             5.741360e-99    1.000000e-99    2.046658e-99    3.694702e-99 
La-129             5.741360e-99    1.000000e-99    2.046658e-99    3.694702e-99 
La-130             5.741360e-99    1.000000e-99    2.046658e-99    3.694702e-99 
La-131             5.741360e-99    1.000000e-99    2.046658e-99    3.694702e-99 
La-132             5.741360e-99    1.000000e-99    2.046658e-99    3.694702e-99 
La-133             5.741360e-99    1.000000e-99    2.046658e-99    3.694702e-99 
La-134             5.741360e-99    1.000000e-99    2.046658e-99    3.694702e-99 
La-135             5.741360e-99    1.000000e-99    2.046658e-99    3.694702e-99 
La-136             5.741360e-99    1.000000e-99    2.046658e-99    3.694702e-99 
La-137             8.205171e-24    1.000000e-99    1.047986e-24    7.157186e-24 
La-138             8.036967e-14    1.604563e-14    2.878034e-14    5.158933e-14 
La-139             1.057453e-10    1.791828e-11    3.729098e-11    6.845430e-11 
La-140             5.741360e-99    1.000000e-99    2.046658e-99    3.694702e-99 
La-141             5.741360e-99    1.000000e-99    2.046658e-99    3.694702e-99 
La-142             5.741360e-99    1.000000e-99    2.046658e-99    3.694702e-99 
La-143             5.741360e-99    1.000000e-99    2.046658e-99    3.694702e-99 
Ce-130             5.741360e-99    1.000000e-99    2.046658e-99    3.694702e-99 
Ce-131             5.741360e-99    1.000000e-99    2.046658e-99    3.694702e-99 
Ce-132             5.741360e-99    1.000000e-99    2.046658e-99    3.694702e-99 
Ce-133             5.741360e-99    1.000000e-99    2.046658e-99    3.694702e-99 
Ce-134             5.741360e-99    1.000000e-99    2.046658e-99    3.694702e-99 
Ce-135             5.741360e-99    1.000000e-99    2.046658e-99    3.694702e-99 
Ce-136             4.621459e-13    8.389287e-14    1.649819e-13    2.971640e-13 
Ce-137             5.741360e-99    1.000000e-99    2.046658e-99    3.694702e-99 
Ce-138             6.495976e-13    1.148776e-13    2.317110e-13    4.178866e-13 
Ce-139             5.741360e-99    1.000000e-99    2.046658e-99    3.694702e-99 
Ce-140             2.395298e-10    4.106711e-11    8.491527e-11    1.546146e-10 
Ce-141             3.424719e-26    1.000000e-99    6.531306e-27    2.771588e-26 
Ce-142             3.166880e-11    5.233978e-12    1.103399e-11    2.063482e-11 
Ce-143             5.741360e-99    1.000000e-99    2.046658e-99    3.694702e-99 
Ce-144             1.751016e-22    1.000000e-99    3.754144e-23    1.375601e-22 
Ce-145             5.741360e-99    1.000000e-99    2.046658e-99    3.694702e-99 
Ce-146             5.741360e-99    1.000000e-99    2.046658e-99    3.694702e-99 
Pr-133             5.741360e-99    1.000000e-99    2.046658e-99    3.694702e-99 
Pr-134             5.741360e-99    1.000000e-99    2.046658e-99    3.694702e-99 
Pr-135             5.741360e-99    1.000000e-99    2.046658e-99    3.694702e-99 
Pr-136             5.741360e-99    1.000000e-99    2.046658e-99    3.694702e-99 
Pr-137             5.741360e-99    1.000000e-99    2.046658e-99    3.694702e-99 
Pr-138             5.741360e-99    1.000000e-99    2.046658e-99    3.694702e-99 
Pr-139             5.741360e-99    1.000000e-99    2.046658e-99    3.694702e-99 
Pr-140             5.741360e-99    1.000000e-99    2.046658e-99    3.694702e-99 
Pr-141             3.988373e-11    6.916594e-12    1.412836e-11    2.575537e-11 
Pr-142             5.741360e-99    1.000000e-99    2.046658e-99    3.694702e-99 
Pr-143             5.741360e-99    1.000000e-99    2.046658e-99    3.694702e-99 
Pr-144             7.325833e-27    1.000000e-99    1.518408e-27    5.807425e-27 
Pr-145             5.741360e-99    1.000000e-99    2.046658e-99    3.694702e-99 
Pr-146             5.741360e-99    1.000000e-99    2.046658e-99    3.694702e-99 
Pr-147             5.741360e-99    1.000000e-99    2.046658e-99    3.694702e-99 
Pr-148             5.741360e-99    1.000000e-99    2.046658e-99    3.694702e-99 
Pr-149             5.741360e-99    1.000000e-99    2.046658e-99    3.694702e-99 
Nd-134             5.741360e-99    1.000000e-99    2.046658e-99    3.694702e-99 
Nd-135             5.741360e-99    1.000000e-99    2.046658e-99    3.694702e-99 
Nd-136             5.741360e-99    1.000000e-99    2.046658e-99    3.694702e-99 
Nd-137             5.741360e-99    1.000000e-99    2.046658e-99    3.694702e-99 
Nd-138             5.741360e-99    1.000000e-99    2.046658e-99    3.694702e-99 
Nd-139             5.741360e-99    1.000000e-99    2.046658e-99    3.694702e-99 
Nd-140             5.741360e-99    1.000000e-99    2.046658e-99    3.694702e-99 
Nd-141             5.741360e-99    1.000000e-99    2.046658e-99    3.694702e-99 
Nd-142             5.785299e-11    9.928675e-12    2.057967e-11    3.727331e-11 
Nd-143             2.542023e-11    4.487588e-12    9.028107e-12    1.639213e-11 
Nd-144             5.236482e-11    8.834047e-12    1.848116e-11    3.388366e-11 
Nd-145             1.752210e-11    3.098270e-12    6.223637e-12    1.129847e-11 
Nd-146             3.858030e-11    6.453515e-12    1.362728e-11    2.495302e-11 
Nd-147             5.741360e-99    1.000000e-99    2.046658e-99    3.694702e-99 
Nd-148             1.260548e-11    2.186990e-12    4.450013e-12    8.155465e-12 
Nd-149             5.741360e-99    1.000000e-99    2.046658e-99    3.694702e-99 
Nd-150             1.213320e-11    2.170205e-12    4.325806e-12    7.807398e-12 
Nd-151             5.741360e-99    1.000000e-99    2.046658e-99    3.694702e-99 
Nd-152             5.741360e-99    1.000000e-99    2.046658e-99    3.694702e-99 
Pm-137             5.741360e-99    1.000000e-99    2.046658e-99    3.694702e-99 
Pm-138             5.741360e-99    1.000000e-99    2.046658e-99    3.694702e-99 
Pm-139             5.741360e-99    1.000000e-99    2.046658e-99    3.694702e-99 
Pm-140             5.741360e-99    1.000000e-99    2.046658e-99    3.694702e-99 
Pm-141             5.741360e-99    1.000000e-99    2.046658e-99    3.694702e-99 
Pm-142             5.741360e-99    1.000000e-99    2.046658e-99    3.694702e-99 
Pm-143             5.741360e-99    1.000000e-99    2.046658e-99    3.694702e-99 
Pm-144             5.741360e-99    1.000000e-99    2.046658e-99    3.694702e-99 
Pm-145             9.757390e-26    1.000000e-99    1.313985e-26    8.443405e-26 
Pm-146             5.741360e-99    1.000000e-99    2.046658e-99    3.694702e-99 
Pm-147             2.110677e-22    1.000000e-99    4.423798e-23    1.668298e-22 
Pm-148             5.741360e-99    1.000000e-99    2.046658e-99    3.694702e-99 
Pm-149             5.741360e-99    1.000000e-99    2.046658e-99    3.694702e-99 
Pm-150             5.741360e-99    1.000000e-99    2.046658e-99    3.694702e-99 
Pm-151             5.741360e-99    1.000000e-99    2.046658e-99    3.694702e-99 
Pm-152             5.741360e-99    1.000000e-99    2.046658e-99    3.694702e-99 
Pm-153             5.741360e-99    1.000000e-99    2.046658e-99    3.694702e-99 
Pm-154             5.741360e-99    1.000000e-99    2.046658e-99    3.694702e-99 
Sm-140             5.741360e-99    1.000000e-99    2.046658e-99    3.694702e-99 
Sm-141             5.741360e-99    1.000000e-99    2.046658e-99    3.694702e-99 
Sm-142             5.741360e-99    1.000000e-99    2.046658e-99    3.694702e-99 
Sm-143             5.741360e-99    1.000000e-99    2.046658e-99    3.694702e-99 
Sm-144             2.088811e-12    3.686844e-13    7.450249e-13    1.343786e-12 
Sm-145             5.741360e-99    1.000000e-99    2.046658e-99    3.694702e-99 
Sm-146             2.361050e-17    1.000000e-99    4.962329e-18    1.864818e-17 
Sm-147             1.010010e-11    1.836076e-12    3.589353e-12    6.510744e-12 
Sm-148             8.629966e-12    1.385876e-12    3.061707e-12    5.568258e-12 
Sm-149             9.215973e-12    1.715272e-12    3.286761e-12    5.929212e-12 
Sm-150             6.090603e-12    9.221409e-13    2.144132e-12    3.946471e-12 
Sm-151             3.548066e-21    1.000000e-99    7.499357e-22    2.798130e-21 
Sm-152             1.890281e-11    3.386198e-12    6.724235e-12    1.217858e-11 
Sm-153             5.741360e-99    1.000000e-99    2.046658e-99    3.694702e-99 
Sm-154             1.642885e-11    2.918862e-12    5.840638e-12    1.058821e-11 
Sm-155             5.741360e-99    1.000000e-99    2.046658e-99    3.694702e-99 
Sm-156             5.741360e-99    1.000000e-99    2.046658e-99    3.694702e-99 
Sm-157             5.741360e-99    1.000000e-99    2.046658e-99    3.694702e-99 
Sm-158             5.741360e-99    1.000000e-99    2.046658e-99    3.694702e-99 
Eu-143             5.741360e-99    1.000000e-99    2.046658e-99    3.694702e-99 
Eu-144             5.741360e-99    1.000000e-99    2.046658e-99    3.694702e-99 
Eu-145             5.741360e-99    1.000000e-99    2.046658e-99    3.694702e-99 
Eu-146             5.741360e-99    1.000000e-99    2.046658e-99    3.694702e-99 
Eu-147             5.741360e-99    1.000000e-99    2.046658e-99    3.694702e-99 
Eu-148             5.741360e-99    1.000000e-99    2.046658e-99    3.694702e-99 
Eu-149             5.741360e-99    1.000000e-99    2.046658e-99    3.694702e-99 
Eu-150             5.741360e-99    1.000000e-99    2.046658e-99    3.694702e-99 
Eu-151             1.079465e-11    2.037834e-12    3.854242e-12    6.940410e-12 
Eu-152             1.544434e-26    1.000000e-99    2.660140e-27    1.278420e-26 
Eu-153             1.225558e-11    2.253990e-12    4.372039e-12    7.883539e-12 
Eu-154             4.389515e-26    1.000000e-99    4.644141e-27    3.925101e-26 
Eu-155             1.210396e-22    1.000000e-99    2.555192e-23    9.548768e-23 
Eu-156             5.741360e-99    1.000000e-99    2.046658e-99    3.694702e-99 
Eu-157             5.741360e-99    1.000000e-99    2.046658e-99    3.694702e-99 
Eu-158             5.741360e-99    1.000000e-99    2.046658e-99    3.694702e-99 
Eu-159             5.741360e-99    1.000000e-99    2.046658e-99    3.694702e-99 
Gd-144             5.741360e-99    1.000000e-99    2.046658e-99    3.694702e-99 
Gd-145             5.741360e-99    1.000000e-99    2.046658e-99    3.694702e-99 
Gd-146             5.741360e-99    1.000000e-99    2.046658e-99    3.694702e-99 
Gd-147             5.741360e-99    1.000000e-99    2.046658e-99    3.694702e-99 
Gd-148             5.741360e-99    1.000000e-99    2.046658e-99    3.694702e-99 
Gd-149             5.741360e-99    1.000000e-99    2.046658e-99    3.694702e-99 
Gd-150             5.741360e-99    1.000000e-99    2.046658e-99    3.694702e-99 
Gd-151             5.741360e-99    1.000000e-99    2.046658e-99    3.694702e-99 
Gd-152             7.074347e-13    2.949842e-14    2.463021e-13    4.611326e-13 
Gd-153             5.117152e-26    1.000000e-99    1.012793e-26    4.104359e-26 
Gd-154             2.910856e-12    3.212400e-13    1.020683e-12    1.890174e-12 
Gd-155             1.205535e-11    2.194122e-12    4.296686e-12    7.758663e-12 
Gd-156             1.836335e-11    3.053791e-12    6.520794e-12    1.184256e-11 
Gd-157             1.324118e-11    2.350375e-12    4.714776e-12    8.526409e-12 
Gd-158             2.288676e-11    3.753092e-12    8.114269e-12    1.477249e-11 
Gd-159             5.741360e-99    1.000000e-99    2.046658e-99    3.694702e-99 
Gd-160             1.885126e-11    3.345899e-12    6.705355e-12    1.214590e-11 
Gd-161             5.741360e-99    1.000000e-99    2.046658e-99    3.694702e-99 
Gd-162             5.741360e-99    1.000000e-99    2.046658e-99    3.694702e-99 
Tb-147             5.741360e-99    1.000000e-99    2.046658e-99    3.694702e-99 
Tb-148             5.741360e-99    1.000000e-99    2.046658e-99    3.694702e-99 
Tb-149             5.741360e-99    1.000000e-99    2.046658e-99    3.694702e-99 
Tb-150             5.741360e-99    1.000000e-99    2.046658e-99    3.694702e-99 
Tb-151             5.741360e-99    1.000000e-99    2.046658e-99    3.694702e-99 
Tb-152             5.741360e-99    1.000000e-99    2.046658e-99    3.694702e-99 
Tb-153             5.741360e-99    1.000000e-99    2.046658e-99    3.694702e-99 
Tb-154             5.741360e-99    1.000000e-99    2.046658e-99    3.694702e-99 
Tb-155             5.741360e-99    1.000000e-99    2.046658e-99    3.694702e-99 
Tb-156             5.741360e-99    1.000000e-99    2.046658e-99    3.694702e-99 
Tb-157             7.865925e-22    1.000000e-99    2.688080e-22    5.177845e-22 
Tb-158             1.512862e-24    1.000000e-99    3.375990e-25    1.175263e-24 
Tb-159             1.517608e-11    2.767390e-12    5.409936e-12    9.766148e-12 
Tb-160             5.741360e-99    1.000000e-99    2.046658e-99    3.694702e-99 
Tb-161             5.741360e-99    1.000000e-99    2.046658e-99    3.694702e-99 
Tb-162             5.741360e-99    1.000000e-99    2.046658e-99    3.694702e-99 
Tb-163             5.741360e-99    1.000000e-99    2.046658e-99    3.694702e-99 
Tb-164             5.741360e-99    1.000000e-99    2.046658e-99    3.694702e-99 
Tb-165             5.741360e-99    1.000000e-99    2.046658e-99    3.694702e-99 
Dy-148             5.741360e-99    1.000000e-99    2.046658e-99    3.694702e-99 
Dy-149             5.741360e-99    1.000000e-99    2.046658e-99    3.694702e-99 
Dy-150             5.741360e-99    1.000000e-99    2.046658e-99    3.694702e-99 
Dy-151             5.741360e-99    1.000000e-99    2.046658e-99    3.694702e-99 
Dy-152             5.741360e-99    1.000000e-99    2.046658e-99    3.694702e-99 
Dy-153             5.741360e-99    1.000000e-99    2.046658e-99    3.694702e-99 
Dy-154             5.741360e-99    1.000000e-99    2.046658e-99    3.694702e-99 
Dy-155             5.741360e-99    1.000000e-99    2.046658e-99    3.694702e-99 
Dy-156             5.300233e-14    1.004583e-14    1.894782e-14    3.405451e-14 
Dy-157             5.741360e-99    1.000000e-99    2.046658e-99    3.694702e-99 
Dy-158             9.595429e-14    1.744221e-14    3.425494e-14    6.169936e-14 
Dy-159             5.741360e-99    1.000000e-99    2.046658e-99    3.694702e-99 
Dy-160             3.414947e-12    4.305356e-13    1.199242e-12    2.215704e-12 
Dy-161             1.895990e-11    3.500988e-12    6.763903e-12    1.219600e-11 
Dy-162             2.819054e-11    4.752243e-12    1.001642e-11    1.817412e-11 
Dy-163             2.536683e-11    4.667240e-12    9.049611e-12    1.631722e-11 
Dy-164             3.196403e-11    5.316332e-12    1.133778e-11    2.062625e-11 
Dy-165             5.741360e-99    1.000000e-99    2.046658e-99    3.694702e-99 
Dy-166             5.741360e-99    1.000000e-99    2.046658e-99    3.694702e-99 
Dy-167             5.741360e-99    1.000000e-99    2.046658e-99    3.694702e-99 
Dy-168             5.741360e-99    1.000000e-99    2.046658e-99    3.694702e-99 
Ho-153             5.741360e-99    1.000000e-99    2.046658e-99    3.694702e-99 
Ho-154             5.741360e-99    1.000000e-99    2.046658e-99    3.694702e-99 
Ho-155             5.741360e-99    1.000000e-99    2.046658e-99    3.694702e-99 
Ho-156             5.741360e-99    1.000000e-99    2.046658e-99    3.694702e-99 
Ho-157             5.741360e-99    1.000000e-99    2.046658e-99    3.694702e-99 
Ho-158             5.741360e-99    1.000000e-99    2.046658e-99    3.694702e-99 
Ho-159             5.741360e-99    1.000000e-99    2.046658e-99    3.694702e-99 
Ho-160             5.741360e-99    1.000000e-99    2.046658e-99    3.694702e-99 
Ho-161             5.741360e-99    1.000000e-99    2.046658e-99    3.694702e-99 
Ho-162             5.741360e-99    1.000000e-99    2.046658e-99    3.694702e-99 
Ho-163             6.864056e-19    1.000000e-99    1.606463e-19    5.257593e-19 
Ho-164             5.741360e-99    1.000000e-99    2.046658e-99    3.694702e-99 
Ho-165             2.353294e-11    4.247732e-12    8.389431e-12    1.514351e-11 
Ho-166             5.741360e-99    1.000000e-99    2.046658e-99    3.694702e-99 
Ho-167             5.741360e-99    1.000000e-99    2.046658e-99    3.694702e-99 
Ho-168             5.741360e-99    1.000000e-99    2.046658e-99    3.694702e-99 
Ho-169             5.741360e-99    1.000000e-99    2.046658e-99    3.694702e-99 
Er-154             5.741360e-99    1.000000e-99    2.046658e-99    3.694702e-99 
Er-155             5.741360e-99    1.000000e-99    2.046658e-99    3.694702e-99 
Er-156             5.741360e-99    1.000000e-99    2.046658e-99    3.694702e-99 
Er-157             5.741360e-99    1.000000e-99    2.046658e-99    3.694702e-99 
Er-158             5.741360e-99    1.000000e-99    2.046658e-99    3.694702e-99 
Er-159             5.741360e-99    1.000000e-99    2.046658e-99    3.694702e-99 
Er-160             5.741360e-99    1.000000e-99    2.046658e-99    3.694702e-99 
Er-161             5.741360e-99    1.000000e-99    2.046658e-99    3.694702e-99 
Er-162             8.488616e-14    1.610307e-14    3.034685e-14    5.453931e-14 
Er-163             5.741360e-99    1.000000e-99    2.046658e-99    3.694702e-99 
Er-164             1.555235e-12    1.914578e-13    5.471348e-13    1.008100e-12 
Er-165             5.741360e-99    1.000000e-99    2.046658e-99    3.694702e-99 
Er-166             2.413094e-11    4.048087e-12    8.581603e-12    1.554934e-11 
Er-167             1.552710e-11    2.778393e-12    5.532349e-12    9.994752e-12 
Er-168             2.046435e-11    3.265541e-12    7.247537e-12    1.321682e-11 
Er-169             5.741360e-99    1.000000e-99    2.046658e-99    3.694702e-99 
Er-170             1.052817e-11    1.841543e-12    3.718608e-12    6.809567e-12 
Er-171             5.741360e-99    1.000000e-99    2.046658e-99    3.694702e-99 
Er-172             5.741360e-99    1.000000e-99    2.046658e-99    3.694702e-99 
Er-173             5.741360e-99    1.000000e-99    2.046658e-99    3.694702e-99 
Er-174             5.741360e-99    1.000000e-99    2.046658e-99    3.694702e-99 
Er-175             5.741360e-99    1.000000e-99    2.046658e-99    3.694702e-99 
Tm-159             5.741360e-99    1.000000e-99    2.046658e-99    3.694702e-99 
Tm-160             5.741360e-99    1.000000e-99    2.046658e-99    3.694702e-99 
Tm-161             5.741360e-99    1.000000e-99    2.046658e-99    3.694702e-99 
Tm-162             5.741360e-99    1.000000e-99    2.046658e-99    3.694702e-99 
Tm-163             5.741360e-99    1.000000e-99    2.046658e-99    3.694702e-99 
Tm-164             5.741360e-99    1.000000e-99    2.046658e-99    3.694702e-99 
Tm-165             5.741360e-99    1.000000e-99    2.046658e-99    3.694702e-99 
Tm-166             5.741360e-99    1.000000e-99    2.046658e-99    3.694702e-99 
Tm-167             5.741360e-99    1.000000e-99    2.046658e-99    3.694702e-99 
Tm-168             5.741360e-99    1.000000e-99    2.046658e-99    3.694702e-99 
Tm-169             1.037519e-11    1.855923e-12    3.692627e-12    6.682566e-12 
Tm-170             1.236412e-24    1.000000e-99    2.529593e-25    9.834528e-25 
Tm-171             4.791333e-23    1.000000e-99    9.747385e-24    3.816595e-23 
Tm-172             5.741360e-99    1.000000e-99    2.046658e-99    3.694702e-99 
Tm-173             5.741360e-99    1.000000e-99    2.046658e-99    3.694702e-99 
Tm-174             5.741360e-99    1.000000e-99    2.046658e-99    3.694702e-99 
Tm-175             5.741360e-99    1.000000e-99    2.046658e-99    3.694702e-99 
Tm-176             5.741360e-99    1.000000e-99    2.046658e-99    3.694702e-99 
Yb-160             5.741360e-99    1.000000e-99    2.046658e-99    3.694702e-99 
Yb-161             5.741360e-99    1.000000e-99    2.046658e-99    3.694702e-99 
Yb-162             5.741360e-99    1.000000e-99    2.046658e-99    3.694702e-99 
Yb-163             5.741360e-99    1.000000e-99    2.046658e-99    3.694702e-99 
Yb-164             5.741360e-99    1.000000e-99    2.046658e-99    3.694702e-99 
Yb-165             5.741360e-99    1.000000e-99    2.046658e-99    3.694702e-99 
Yb-166             5.741360e-99    1.000000e-99    2.046658e-99    3.694702e-99 
Yb-167             5.741360e-99    1.000000e-99    2.046658e-99    3.694702e-99 
Yb-168             8.422353e-14    1.584623e-14    3.010181e-14    5.412173e-14 
Yb-169             5.741360e-99    1.000000e-99    2.046658e-99    3.694702e-99 
Yb-170             3.036083e-12    3.749693e-13    1.067869e-12    1.968214e-12 
Yb-171             1.012600e-11    1.771730e-12    3.590439e-12    6.535565e-12 
Yb-172             1.636079e-11    2.724303e-12    5.799575e-12    1.056121e-11 
Yb-173             1.150767e-11    2.024667e-12    4.087135e-12    7.420532e-12 
Yb-174             2.421638e-11    4.018455e-12    8.552158e-12    1.566422e-11 
Yb-175             5.741360e-99    1.000000e-99    2.046658e-99    3.694702e-99 
Yb-176             9.914837e-12    1.630292e-12    3.494809e-12    6.420029e-12 
Yb-177             5.741360e-99    1.000000e-99    2.046658e-99    3.694702e-99 
Yb-178             5.741360e-99    1.000000e-99    2.046658e-99    3.694702e-99 
Yb-179             5.741360e-99    1.000000e-99    2.046658e-99    3.694702e-99 
Yb-180             5.741360e-99    1.000000e-99    2.046658e-99    3.694702e-99 
Lu-165             5.741360e-99    1.000000e-99    2.046658e-99    3.694702e-99 
Lu-166             5.741360e-99    1.000000e-99    2.046658e-99    3.694702e-99 
Lu-167             5.741360e-99    1.000000e-99    2.046658e-99    3.694702e-99 
Lu-168             5.741360e-99    1.000000e-99    2.046658e-99    3.694702e-99 
Lu-169             5.741360e-99    1.000000e-99    2.046658e-99    3.694702e-99 
Lu-170             5.741360e-99    1.000000e-99    2.046658e-99    3.694702e-99 
Lu-171             5.741360e-99    1.000000e-99    2.046658e-99    3.694702e-99 
Lu-172             5.741360e-99    1.000000e-99    2.046658e-99    3.694702e-99 
Lu-173             5.741360e-99    1.000000e-99    2.046658e-99    3.694702e-99 
Lu-174             5.741360e-99    1.000000e-99    2.046658e-99    3.694702e-99 
Lu-175             1.005187e-11    1.829538e-12    3.576830e-12    6.475038e-12 
Lu-176             3.227276e-13    4.708872e-14    1.098820e-13    2.128455e-13 
Lu-177             5.741360e-99    1.000000e-99    2.046658e-99    3.694702e-99 
Lu-178             5.741360e-99    1.000000e-99    2.046658e-99    3.694702e-99 
Lu-179             5.741360e-99    1.000000e-99    2.046658e-99    3.694702e-99 
Lu-180             5.741360e-99    1.000000e-99    2.046658e-99    3.694702e-99 
Lu-181             5.741360e-99    1.000000e-99    2.046658e-99    3.694702e-99 
Lu-182             5.741360e-99    1.000000e-99    2.046658e-99    3.694702e-99 
Hf-166             5.741360e-99    1.000000e-99    2.046658e-99    3.694702e-99 
Hf-167             5.741360e-99    1.000000e-99    2.046658e-99    3.694702e-99 
Hf-168             5.741360e-99    1.000000e-99    2.046658e-99    3.694702e-99 
Hf-169             5.741360e-99    1.000000e-99    2.046658e-99    3.694702e-99 
Hf-170             5.741360e-99    1.000000e-99    2.046658e-99    3.694702e-99 
Hf-171             5.741360e-99    1.000000e-99    2.046658e-99    3.694702e-99 
Hf-172             5.741360e-99    1.000000e-99    2.046658e-99    3.694702e-99 
Hf-173             5.741360e-99    1.000000e-99    2.046658e-99    3.694702e-99 
Hf-174             6.590989e-14    1.232360e-14    2.355164e-14    4.235825e-14 
Hf-175             5.741360e-99    1.000000e-99    2.046658e-99    3.694702e-99 
Hf-176             2.500242e-12    4.048406e-13    8.871393e-13    1.613102e-12 
Hf-177             7.932234e-12    1.439118e-12    2.820044e-12    5.112191e-12 
Hf-178             1.291430e-11    2.123250e-12    4.557801e-12    8.356494e-12 
Hf-179             6.162891e-12    1.066063e-12    2.182469e-12    3.980422e-12 
Hf-180             1.677862e-11    2.760926e-12    5.902268e-12    1.087635e-11 
Hf-181             5.741360e-99    1.000000e-99    2.046658e-99    3.694702e-99 
Hf-182             1.203574e-15    1.000000e-99    2.539107e-16    9.496636e-16 
Hf-183             5.741360e-99    1.000000e-99    2.046658e-99    3.694702e-99 
Hf-184             5.741360e-99    1.000000e-99    2.046658e-99    3.694702e-99 
Hf-185             5.741360e-99    1.000000e-99    2.046658e-99    3.694702e-99 
Ta-169             5.741360e-99    1.000000e-99    2.046658e-99    3.694702e-99 
Ta-170             5.741360e-99    1.000000e-99    2.046658e-99    3.694702e-99 
Ta-171             5.741360e-99    1.000000e-99    2.046658e-99    3.694702e-99 
Ta-172             5.741360e-99    1.000000e-99    2.046658e-99    3.694702e-99 
Ta-173             5.741360e-99    1.000000e-99    2.046658e-99    3.694702e-99 
Ta-174             5.741360e-99    1.000000e-99    2.046658e-99    3.694702e-99 
Ta-175             5.741360e-99    1.000000e-99    2.046658e-99    3.694702e-99 
Ta-176             5.741360e-99    1.000000e-99    2.046658e-99    3.694702e-99 
Ta-177             5.741360e-99    1.000000e-99    2.046658e-99    3.694702e-99 
Ta-178             5.741360e-99    1.000000e-99    2.046658e-99    3.694702e-99 
Ta-179             1.138004e-24    1.000000e-99    2.302207e-25    9.077832e-25 
Ta-180             1.290704e-15    2.431366e-16    4.612871e-16    8.294172e-16 
Ta-181             1.091961e-11    1.987460e-12    3.879855e-12    7.039757e-12 
Ta-182             4.240709e-23    1.000000e-99    8.944801e-24    3.346229e-23 
Ta-183             5.741360e-99    1.000000e-99    2.046658e-99    3.694702e-99 
Ta-184             5.741360e-99    1.000000e-99    2.046658e-99    3.694702e-99 
Ta-185             5.741360e-99    1.000000e-99    2.046658e-99    3.694702e-99 
Ta-186             5.741360e-99    1.000000e-99    2.046658e-99    3.694702e-99 
W-172              5.741360e-99    1.000000e-99    2.046658e-99    3.694702e-99 
W-173              5.741360e-99    1.000000e-99    2.046658e-99    3.694702e-99 
W-174              5.741360e-99    1.000000e-99    2.046658e-99    3.694702e-99 
W-175              5.741360e-99    1.000000e-99    2.046658e-99    3.694702e-99 
W-176              5.741360e-99    1.000000e-99    2.046658e-99    3.694702e-99 
W-177              5.741360e-99    1.000000e-99    2.046658e-99    3.694702e-99 
W-178              5.741360e-99    1.000000e-99    2.046658e-99    3.694702e-99 
W-179              5.741360e-99    1.000000e-99    2.046658e-99    3.694702e-99 
W-180              4.597769e-14    8.402384e-15    1.639756e-14    2.958014e-14 
W-181              6.087709e-27    1.000000e-99    1.159764e-27    4.927945e-27 
W-182              1.145106e-11    1.879169e-12    4.046757e-12    7.404304e-12 
W-183              6.045406e-12    1.020641e-12    2.132322e-12    3.913084e-12 
W-184              1.299743e-11    2.196903e-12    4.586993e-12    8.410439e-12 
W-185              3.620758e-25    1.000000e-99    7.267080e-26    2.894050e-25 
W-186              1.179057e-11    2.060157e-12    4.167300e-12    7.623269e-12 
W-187              5.741360e-99    1.000000e-99    2.046658e-99    3.694702e-99 
W-188              2.216443e-25    1.000000e-99    4.534995e-26    1.762944e-25 
W-189              5.741360e-99    1.000000e-99    2.046658e-99    3.694702e-99 
W-190              5.741360e-99    1.000000e-99    2.046658e-99    3.694702e-99 
Re-175             5.741360e-99    1.000000e-99    2.046658e-99    3.694702e-99 
Re-176             5.741360e-99    1.000000e-99    2.046658e-99    3.694702e-99 
Re-177             5.741360e-99    1.000000e-99    2.046658e-99    3.694702e-99 
Re-178             5.741360e-99    1.000000e-99    2.046658e-99    3.694702e-99 
Re-179             5.741360e-99    1.000000e-99    2.046658e-99    3.694702e-99 
Re-180             5.741360e-99    1.000000e-99    2.046658e-99    3.694702e-99 
Re-181             5.741360e-99    1.000000e-99    2.046658e-99    3.694702e-99 
Re-182             5.741360e-99    1.000000e-99    2.046658e-99    3.694702e-99 
Re-183             5.741360e-99    1.000000e-99    2.046658e-99    3.694702e-99 
Re-184             5.741360e-99    1.000000e-99    2.046658e-99    3.694702e-99 
Re-185             5.880081e-12    1.048801e-12    2.081171e-12    3.798910e-12 
Re-186             5.741360e-99    1.000000e-99    2.046658e-99    3.694702e-99 
Re-187             9.393257e-12    1.747215e-12    3.345207e-12    6.048050e-12 
Re-188             5.741360e-99    1.000000e-99    2.046658e-99    3.694702e-99 
Re-189             5.741360e-99    1.000000e-99    2.046658e-99    3.694702e-99 
Re-190             5.741360e-99    1.000000e-99    2.046658e-99    3.694702e-99 
Re-191             5.741360e-99    1.000000e-99    2.046658e-99    3.694702e-99 
Os-179             5.741360e-99    1.000000e-99    2.046658e-99    3.694702e-99 
Os-180             5.741360e-99    1.000000e-99    2.046658e-99    3.694702e-99 
Os-181             5.741360e-99    1.000000e-99    2.046658e-99    3.694702e-99 
Os-182             5.741360e-99    1.000000e-99    2.046658e-99    3.694702e-99 
Os-183             5.741360e-99    1.000000e-99    2.046658e-99    3.694702e-99 
Os-184             3.856335e-14    7.114694e-15    1.377391e-14    2.478944e-14 
Os-185             5.741360e-99    1.000000e-99    2.046658e-99    3.694702e-99 
Os-186             3.709772e-12    5.783407e-13    1.313247e-12    2.396524e-12 
Os-187             3.545517e-12    6.277625e-13    1.263327e-12    2.282189e-12 
Os-188             2.856566e-11    4.877998e-12    1.012686e-11    1.843880e-11 
Os-189             3.207553e-11    5.979000e-12    1.144933e-11    2.062619e-11 
Os-190             5.736028e-11    9.774740e-12    2.039302e-11    3.696726e-11 
Os-191             5.741360e-99    1.000000e-99    2.046658e-99    3.694702e-99 
Os-192             8.671641e-11    1.534082e-11    3.088975e-11    5.582666e-11 
Os-193             5.741360e-99    1.000000e-99    2.046658e-99    3.694702e-99 
Os-194             6.531057e-22    1.000000e-99    1.368783e-22    5.162274e-22 
Os-195             5.741360e-99    1.000000e-99    2.046658e-99    3.694702e-99 
Os-196             5.741360e-99    1.000000e-99    2.046658e-99    3.694702e-99 
Ir-181             5.741360e-99    1.000000e-99    2.046658e-99    3.694702e-99 
Ir-182             5.741360e-99    1.000000e-99    2.046658e-99    3.694702e-99 
Ir-183             5.741360e-99    1.000000e-99    2.046658e-99    3.694702e-99 
Ir-184             5.741360e-99    1.000000e-99    2.046658e-99    3.694702e-99 
Ir-185             5.741360e-99    1.000000e-99    2.046658e-99    3.694702e-99 
Ir-186             5.741360e-99    1.000000e-99    2.046658e-99    3.694702e-99 
Ir-187             5.741360e-99    1.000000e-99    2.046658e-99    3.694702e-99 
Ir-188             5.741360e-99    1.000000e-99    2.046658e-99    3.694702e-99 
Ir-189             5.741360e-99    1.000000e-99    2.046658e-99    3.694702e-99 
Ir-190             5.741360e-99    1.000000e-99    2.046658e-99    3.694702e-99 
Ir-191             7.257531e-11    1.358593e-11    2.592573e-11    4.664958e-11 
Ir-192             1.667065e-25    1.000000e-99    3.364256e-26    1.330640e-25 
Ir-193             1.252371e-10    2.310425e-11    4.471562e-11    8.052147e-11 
Ir-194             2.306132e-25    1.000000e-99    4.830354e-26    1.823097e-25 
Ir-195             5.741360e-99    1.000000e-99    2.046658e-99    3.694702e-99 
Ir-196             5.741360e-99    1.000000e-99    2.046658e-99    3.694702e-99 
Ir-197             5.741360e-99    1.000000e-99    2.046658e-99    3.694702e-99 
Pt-184             5.741360e-99    1.000000e-99    2.046658e-99    3.694702e-99 
Pt-185             5.741360e-99    1.000000e-99    2.046658e-99    3.694702e-99 
Pt-186             5.741360e-99    1.000000e-99    2.046658e-99    3.694702e-99 
Pt-187             5.741360e-99    1.000000e-99    2.046658e-99    3.694702e-99 
Pt-188             5.741360e-99    1.000000e-99    2.046658e-99    3.694702e-99 
Pt-189             5.741360e-99    1.000000e-99    2.046658e-99    3.694702e-99 
Pt-190             5.503328e-14    1.009369e-14    1.965285e-14    3.538043e-14 
Pt-191             5.741360e-99    1.000000e-99    2.046658e-99    3.694702e-99 
Pt-192             7.637994e-12    5.855278e-13    2.671653e-12    4.966341e-12 
Pt-193             1.207413e-21    1.000000e-99    3.751248e-22    8.322883e-22 
Pt-194             1.470347e-10    2.492036e-11    5.231514e-11    9.471961e-11 
Pt-195             1.427592e-10    2.570572e-11    5.093349e-11    9.182568e-11 
Pt-196             1.203685e-10    1.927734e-11    4.274193e-11    7.762655e-11 
Pt-197             5.741360e-99    1.000000e-99    2.046658e-99    3.694702e-99 
Pt-198             3.139554e-11    5.526664e-12    1.117495e-11    2.022059e-11 
Pt-199             5.741360e-99    1.000000e-99    2.046658e-99    3.694702e-99 
Pt-200             5.741360e-99    1.000000e-99    2.046658e-99    3.694702e-99 
Pt-201             5.741360e-99    1.000000e-99    2.046658e-99    3.694702e-99 
Pt-202             5.741360e-99    1.000000e-99    2.046658e-99    3.694702e-99 
Au-185             5.741360e-99    1.000000e-99    2.046658e-99    3.694702e-99 
Au-186             5.741360e-99    1.000000e-99    2.046658e-99    3.694702e-99 
Au-187             5.741360e-99    1.000000e-99    2.046658e-99    3.694702e-99 
Au-188             5.741360e-99    1.000000e-99    2.046658e-99    3.694702e-99 
Au-189             5.741360e-99    1.000000e-99    2.046658e-99    3.694702e-99 
Au-190             5.741360e-99    1.000000e-99    2.046658e-99    3.694702e-99 
Au-191             5.741360e-99    1.000000e-99    2.046658e-99    3.694702e-99 
Au-192             5.741360e-99    1.000000e-99    2.046658e-99    3.694702e-99 
Au-193             5.741360e-99    1.000000e-99    2.046658e-99    3.694702e-99 
Au-194             5.741360e-99    1.000000e-99    2.046658e-99    3.694702e-99 
Au-195             5.741360e-99    1.000000e-99    2.046658e-99    3.694702e-99 
Au-196             5.741360e-99    1.000000e-99    2.046658e-99    3.694702e-99 
Au-197             6.142438e-11    1.084275e-11    2.188541e-11    3.953898e-11 
Au-198             5.741360e-99    1.000000e-99    2.046658e-99    3.694702e-99 
Au-199             5.741360e-99    1.000000e-99    2.046658e-99    3.694702e-99 
Au-200             5.741360e-99    1.000000e-99    2.046658e-99    3.694702e-99 
Au-201             5.741360e-99    1.000000e-99    2.046658e-99    3.694702e-99 
Au-202             5.741360e-99    1.000000e-99    2.046658e-99    3.694702e-99 
Au-203             5.741360e-99    1.000000e-99    2.046658e-99    3.694702e-99 
Hg-189             5.741360e-99    1.000000e-99    2.046658e-99    3.694702e-99 
Hg-190             5.741360e-99    1.000000e-99    2.046658e-99    3.694702e-99 
Hg-191             5.741360e-99    1.000000e-99    2.046658e-99    3.694702e-99 
Hg-192             5.741360e-99    1.000000e-99    2.046658e-99    3.694702e-99 
Hg-193             5.741360e-99    1.000000e-99    2.046658e-99    3.694702e-99 
Hg-194             5.741360e-99    1.000000e-99    2.046658e-99    3.694702e-99 
Hg-195             5.741360e-99    1.000000e-99    2.046658e-99    3.694702e-99 
Hg-196             1.680333e-13    3.012089e-14    5.996243e-14    1.080709e-13 
Hg-197             5.741360e-99    1.000000e-99    2.046658e-99    3.694702e-99 
Hg-198             1.644130e-11    1.976726e-12    5.760805e-12    1.068049e-11 
Hg-199             1.989761e-11    3.362936e-12    7.057073e-12    1.284054e-11 
Hg-200             2.818669e-11    4.626366e-12    9.945829e-12    1.824086e-11 
Hg-201             1.545345e-11    2.653491e-12    5.467513e-12    9.985932e-12 
Hg-202             3.607361e-11    6.041684e-12    1.271549e-11    2.335812e-11 
Hg-203             5.741360e-99    1.000000e-99    2.046658e-99    3.694702e-99 
Hg-204             8.154102e-12    1.402633e-12    2.885631e-12    5.268471e-12 
Hg-205             5.741360e-99    1.000000e-99    2.046658e-99    3.694702e-99 
Hg-206             5.741360e-99    1.000000e-99    2.046658e-99    3.694702e-99 
Hg-207             5.741360e-99    1.000000e-99    2.046658e-99    3.694702e-99 
Hg-208             5.741360e-99    1.000000e-99    2.046658e-99    3.694702e-99 
Tl-192             5.741360e-99    1.000000e-99    2.046658e-99    3.694702e-99 
Tl-193             5.741360e-99    1.000000e-99    2.046658e-99    3.694702e-99 
Tl-194             5.741360e-99    1.000000e-99    2.046658e-99    3.694702e-99 
Tl-195             5.741360e-99    1.000000e-99    2.046658e-99    3.694702e-99 
Tl-196             5.741360e-99    1.000000e-99    2.046658e-99    3.694702e-99 
Tl-197             5.741360e-99    1.000000e-99    2.046658e-99    3.694702e-99 
Tl-198             5.741360e-99    1.000000e-99    2.046658e-99    3.694702e-99 
Tl-199             5.741360e-99    1.000000e-99    2.046658e-99    3.694702e-99 
Tl-200             5.741360e-99    1.000000e-99    2.046658e-99    3.694702e-99 
Tl-201             5.741360e-99    1.000000e-99    2.046658e-99    3.694702e-99 
Tl-202             5.741360e-99    1.000000e-99    2.046658e-99    3.694702e-99 
Tl-203             1.892040e-11    3.223624e-12    6.676658e-12    1.224374e-11 
Tl-204             5.611729e-23    1.000000e-99    1.173940e-23    4.437789e-23 
Tl-205             4.533202e-11    7.770846e-12    1.605951e-11    2.927251e-11 
Tl-206             5.741360e-99    1.000000e-99    2.046658e-99    3.694702e-99 
Tl-207             5.741360e-99    1.000000e-99    2.046658e-99    3.694702e-99 
Tl-208             5.741360e-99    1.000000e-99    2.046658e-99    3.694702e-99 
Tl-209             5.741360e-99    1.000000e-99    2.046658e-99    3.694702e-99 
Tl-210             5.741360e-99    1.000000e-99    2.046658e-99    3.694702e-99 
Pb-193             5.741360e-99    1.000000e-99    2.046658e-99    3.694702e-99 
Pb-194             5.741360e-99    1.000000e-99    2.046658e-99    3.694702e-99 
Pb-195             5.741360e-99    1.000000e-99    2.046658e-99    3.694702e-99 
Pb-196             5.741360e-99    1.000000e-99    2.046658e-99    3.694702e-99 
Pb-197             5.741360e-99    1.000000e-99    2.046658e-99    3.694702e-99 
Pb-198             5.741360e-99    1.000000e-99    2.046658e-99    3.694702e-99 
Pb-199             5.741360e-99    1.000000e-99    2.046658e-99    3.694702e-99 
Pb-200             5.741360e-99    1.000000e-99    2.046658e-99    3.694702e-99 
Pb-201             5.741360e-99    1.000000e-99    2.046658e-99    3.694702e-99 
Pb-202             5.741360e-99    1.000000e-99    2.046658e-99    3.694702e-99 
Pb-203             5.741360e-99    1.000000e-99    2.046658e-99    3.694702e-99 
Pb-204             1.747835e-11    2.933641e-12    6.164530e-12    1.131382e-11 
Pb-205             6.107268e-15    1.000000e-99    1.297176e-15    4.810093e-15 
Pb-208             5.205046e-10    8.857723e-11    1.838008e-10    3.367039e-10 
Pb-209             5.741360e-99    1.000000e-99    2.046658e-99    3.694702e-99 
Pb-210             1.348799e-24    1.000000e-99    2.758096e-25    1.072990e-24 
Pb-211             5.741360e-99    1.000000e-99    2.046658e-99    3.694702e-99 
Bi-202             5.741360e-99    1.000000e-99    2.046658e-99    3.694702e-99 
Bi-203             5.741360e-99    1.000000e-99    2.046658e-99    3.694702e-99 
Bi-204             5.741360e-99    1.000000e-99    2.046658e-99    3.694702e-99 
Bi-205             5.741360e-99    1.000000e-99    2.046658e-99    3.694702e-99 
Bi-206             5.741360e-99    1.000000e-99    2.046658e-99    3.694702e-99 
Bi-207             5.741360e-99    1.000000e-99    2.046658e-99    3.694702e-99 
Bi-208             5.741360e-99    1.000000e-99    2.046658e-99    3.694702e-99 
Bi-209             5.082263e-11    8.726086e-12    1.800374e-11    3.281889e-11 
Bi-210             5.741360e-99    1.000000e-99    2.046658e-99    3.694702e-99 
Al-26m1            5.741360e-99    1.000000e-99    2.046658e-99    3.694702e-99 
Kr-85m1            5.741360e-99    1.000000e-99    2.046658e-99    3.694702e-99 
Cd-115m1           5.741360e-99    1.000000e-99    2.046658e-99    3.694702e-99 
Lu-176m1           5.741360e-99    1.000000e-99    2.046658e-99    3.694702e-99 
Ta-180m1           5.741360e-99    1.000000e-99    2.046658e-99    3.694702e-99 
