# Battino yields
# Model: m2z1m3
# Mini: 2.00
# Z: 1.00e-03
# Mfinal: 0.682099511659186
# Mfinal (MESA): 0.9384224206663625
# Created by Daniel Boyea on 2024-12-06
isotope         wind_yield      initial_abundance wind_yield_mesaevo wind_yield_postmesa 
Neutron-1          1.676264e-30    1.000000e-99    1.676264e-30    2.139806e-65 
H-1                9.331412e-01    7.493283e-01    7.522307e-01    1.809105e-01 
H-2                3.316497e-06    1.453725e-05    2.700173e-06    6.163242e-07 
He-3               2.792407e-04    4.143560e-05    2.251537e-04    5.408701e-05 
He-4               3.713181e-01    2.496157e-01    2.988059e-01    7.251223e-02 
Be-7               8.887932e-08    1.000000e-99    7.067371e-08    1.820561e-08 
B-8                1.403570e-14    1.000000e-99    1.126247e-14    2.773233e-15 
Li-7               2.559211e-10    7.773632e-10    2.023648e-10    5.355633e-11 
C-11               4.926988e-19    1.000000e-99    3.942953e-19    9.840351e-20 
B-11               3.766163e-11    2.858459e-11    3.033885e-11    7.322786e-12 
C-12               9.002715e-03    1.250306e-04    7.088447e-03    1.914268e-03 
C-13               9.076542e-04    4.159852e-07    7.194419e-04    1.882123e-04 
N-13               8.922242e-09    1.000000e-99    7.165482e-09    1.756760e-09 
N-14               7.839883e-04    1.059760e-05    6.204713e-04    1.635171e-04 
C-14               1.822532e-08    1.000000e-99    1.416069e-08    4.064621e-09 
N-15               6.569600e-08    4.174470e-08    5.235971e-08    1.333629e-08 
O-16               1.607579e-03    7.409037e-04    1.278421e-03    3.291575e-04 
O-17               6.907708e-06    3.816498e-08    5.556700e-06    1.351009e-06 
O-18               1.807741e-07    2.173014e-07    1.457599e-07    3.501420e-08 
F-17               1.059087e-13    1.000000e-99    8.505092e-14    2.085779e-14 
F-18               2.728365e-13    1.000000e-99    2.192664e-13    5.357005e-14 
F-19               1.047490e-06    5.615996e-09    8.205824e-07    2.269080e-07 
Ne-20              7.745035e-05    5.753344e-05    6.233965e-05    1.511070e-05 
Ne-21              1.202498e-07    4.579390e-08    9.570211e-08    2.454772e-08 
Ne-22              3.311618e-04    1.471557e-06    2.585630e-04    7.259873e-05 
Na-22              1.233078e-08    1.000000e-99    9.853074e-09    2.477707e-09 
Na-23              3.019628e-06    4.003142e-07    2.365059e-06    6.545687e-07 
Mg-23              8.519566e-19    1.000000e-99    6.845966e-19    1.673599e-19 
Mg-24              2.108003e-05    1.511707e-05    1.694591e-05    4.134121e-06 
Mg-25              1.556182e-06    7.740045e-07    1.236858e-06    3.193243e-07 
Mg-26              2.231007e-06    8.855979e-07    1.763229e-06    4.677778e-07 
Al-26              5.496286e-09    1.000000e-99    4.344408e-09    1.151878e-09 
Al-27              9.440543e-07    6.486896e-07    7.591909e-07    1.848634e-07 
Si-27              2.353356e-21    1.000000e-99    1.892077e-21    4.612785e-22 
Si-28              1.993872e-05    1.512523e-05    1.606134e-05    3.877387e-06 
Si-29              5.287019e-07    3.922927e-07    4.256987e-07    1.030032e-07 
Si-30              3.999327e-07    2.675184e-07    3.215067e-07    7.842607e-08 
P-31               1.277918e-07    7.112706e-08    1.022076e-07    2.558416e-08 
S-31               1.318162e-99    1.000000e-99    1.061839e-99   2.563229e-100 
Be-8               1.318162e-99    1.000000e-99    1.061839e-99   2.563229e-100 
O-14               3.889242e-15    1.000000e-99    3.126885e-15    7.623570e-16 
O-15               4.629732e-12    1.000000e-99    3.719060e-12    9.106723e-13 
Na-21              3.115190e-18    1.000000e-99    2.502870e-18    6.123197e-19 
Al-25              1.539735e-18    1.000000e-99    1.237965e-18    3.017700e-19 
P-29               7.203802e-25    1.000000e-99    5.791445e-25    1.412357e-25 
P-30               7.662458e-21    1.000000e-99    6.160190e-21    1.502268e-21 
Pb-206             1.260489e-09    2.800248e-11    9.840261e-10    2.764631e-10 
Pb-207             2.168015e-09    3.092430e-11    1.693584e-09    4.744303e-10 
Bi-211             5.074497e-31    1.000000e-99    4.037055e-31    1.037442e-31 
Po-210             1.318162e-99    1.000000e-99    1.061839e-99   2.563229e-100 
F-20               1.703835e-27    1.000000e-99    1.369823e-27    3.340121e-28 
Ne-19              5.012086e-21    1.000000e-99    4.029645e-21    9.824412e-22 
Na-24              1.067329e-18    1.000000e-99    8.581444e-19    2.091843e-19 
Mg-27              9.022519e-27    1.000000e-99    7.254044e-27    1.768475e-27 
Mg-28              2.019779e-57    1.000000e-99    1.623928e-57    3.958517e-58 
Al-28              1.304822e-25    1.000000e-99    1.049086e-25    2.557367e-26 
Al-29              3.214265e-37    1.000000e-99    2.584309e-37    6.299560e-38 
Si-31              9.477071e-21    1.000000e-99    7.619681e-21    1.857390e-21 
Si-32              1.274248e-13    1.000000e-99    9.899892e-14    2.842591e-14 
P-32               3.002594e-17    1.000000e-99    2.335737e-17    6.668573e-18 
P-33               5.667826e-20    1.000000e-99    4.556717e-20    1.111109e-20 
P-34               4.128988e-60    1.000000e-99    3.319758e-60    8.092304e-61 
P-35               1.318162e-99    1.000000e-99    1.061839e-99   2.563229e-100 
S-32               1.434726e-05    1.093022e-05    1.155834e-05    2.788920e-06 
S-33               4.897244e-08    3.267747e-08    3.934418e-08    9.628259e-09 
S-34               2.630148e-07    1.892124e-07    2.117001e-07    5.131467e-08 
S-35               3.742760e-18    1.000000e-99    3.008736e-18    7.340248e-19 
S-36               2.508872e-09    8.080247e-10    1.997338e-09    5.115341e-10 
S-37               1.529001e-28    1.000000e-99    1.229333e-28    2.996681e-29 
S-38               3.163009e-60    1.000000e-99    2.543099e-60    6.199105e-61 
Cl-34              2.646315e-25    1.000000e-99    2.127667e-25    5.186479e-26 
Cl-35              8.908037e-08    6.827226e-08    7.177285e-08    1.730753e-08 
Cl-36              1.575110e-10    1.000000e-99    1.241780e-10    3.333305e-11 
Cl-37              3.890679e-08    2.307865e-08    3.120441e-08    7.702379e-09 
Cl-38              6.642935e-24    1.000000e-99    5.341002e-24    1.301933e-24 
Cl-39              1.844081e-35    1.000000e-99    1.482664e-35    3.614171e-36 
Cl-40              1.318162e-99    1.000000e-99    1.061839e-99   2.563229e-100 
Ar-35              1.318162e-99    1.000000e-99    1.061839e-99   2.563229e-100 
Ar-36              2.135801e-06    1.638017e-06    1.720848e-06    4.149526e-07 
Ar-37              8.155117e-13    1.000000e-99    6.389052e-13    1.766066e-13 
Ar-38              2.148896e-07    1.575563e-07    1.730110e-07    4.187853e-08 
Ar-39              4.904255e-11    1.000000e-99    3.832484e-11    1.071771e-11 
Ar-40              1.171795e-09    2.652579e-10    9.344531e-10    2.373419e-10 
Ar-41              2.024828e-23    1.000000e-99    1.627987e-23    3.968414e-24 
Ar-42              3.789949e-18    1.000000e-99    2.952787e-18    8.371618e-19 
Ar-43              8.219475e-78    1.000000e-99    5.855321e-78    2.364154e-78 
Ar-44              1.318162e-99    1.000000e-99    1.061839e-99   2.563229e-100 
K-38               3.783278e-29    1.000000e-99    3.041798e-29    7.414799e-30 
K-39               5.245926e-08    3.903232e-08    4.224804e-08    1.021122e-08 
K-40               2.643225e-10    5.009611e-12    2.090788e-10    5.524367e-11 
K-41               4.220539e-09    2.961327e-09    3.394577e-09    8.259622e-10 
K-42               6.728535e-21    1.000000e-99    5.405691e-21    1.322844e-21 
K-43               6.984885e-29    1.000000e-99    5.615934e-29    1.368951e-29 
K-44               1.318162e-99    1.000000e-99    1.061839e-99   2.563229e-100 
K-45               1.318162e-99    1.000000e-99    1.061839e-99   2.563229e-100 
K-46               1.318162e-99    1.000000e-99    1.061839e-99   2.563229e-100 
Ca-39              1.318162e-99    1.000000e-99    1.061839e-99   2.563229e-100 
Ca-40              1.575636e-06    1.205704e-06    1.269463e-06    3.061737e-07 
Ca-41              4.969519e-10    1.000000e-99    3.916515e-10    1.053004e-10 
Ca-42              7.325327e-09    5.067885e-09    5.890903e-09    1.434424e-09 
Ca-43              1.557773e-09    1.082618e-09    1.252930e-09    3.048432e-10 
Ca-44              2.290116e-08    1.711749e-08    1.844303e-08    4.458126e-09 
Ca-45              1.533976e-17    1.000000e-99    1.233040e-17    3.009357e-18 
Ca-46              1.187652e-10    3.431555e-11    9.514241e-11    2.362276e-11 
Ca-47              3.765691e-21    1.000000e-99    3.027634e-21    7.380569e-22 
Ca-48              2.201114e-09    1.674002e-09    1.773224e-09    4.278902e-10 
Ca-49              1.469895e-28    1.000000e-99    1.181812e-28    2.880827e-29 
Sc-43              4.072902e-22    1.000000e-99    3.274663e-22    7.982396e-23 
Sc-44              5.702094e-23    1.000000e-99    4.584552e-23    1.117541e-23 
Sc-45              8.200409e-10    5.418583e-10    6.589513e-10    1.610896e-10 
Sc-46              7.757968e-18    1.000000e-99    6.236527e-18    1.521441e-18 
Sc-47              5.225147e-21    1.000000e-99    4.201031e-21    1.024116e-21 
Sc-48              2.454846e-33    1.000000e-99    1.973727e-33    4.811193e-34 
Sc-49              2.812879e-25    1.000000e-99    2.261589e-25    5.512903e-26 
Sc-50              4.433656e-65    1.000000e-99    3.564714e-65    8.689415e-66 
Ti-44              3.091551e-26    1.000000e-99    2.400653e-26    6.908988e-27 
Ti-45              1.318162e-99    1.000000e-99    1.061839e-99   2.563229e-100 
Ti-46              4.378117e-09    3.234687e-09    3.524902e-09    8.532155e-10 
Ti-47              3.903703e-09    2.979675e-09    3.145001e-09    7.587017e-10 
Ti-48              6.966947e-08    5.376501e-08    5.614109e-08    1.352838e-08 
Ti-49              3.606040e-09    2.259364e-09    2.893210e-09    7.128294e-10 
Ti-50              4.541940e-09    2.209998e-09    3.628797e-09    9.131429e-10 
Ti-51              1.373877e-27    1.000000e-99    1.104610e-27    2.692669e-28 
Ti-52              4.290511e-60    1.000000e-99    3.449624e-60    8.408868e-61 
V-47               8.080237e-27    1.000000e-99    6.496609e-27    1.583628e-27 
V-48               7.641209e-23    1.000000e-99    6.141958e-23    1.499251e-23 
V-49               1.299300e-20    1.000000e-99    1.019149e-20    2.801503e-21 
V-50               1.310971e-11    1.016393e-11    1.056523e-11    2.544480e-12 
V-51               5.465049e-09    4.141499e-09    4.401936e-09    1.063113e-09 
V-52               5.858286e-27    1.000000e-99    4.710060e-27    1.148226e-27 
V-53               3.514624e-41    1.000000e-99    2.825801e-41    6.888226e-42 
Cr-48              1.318162e-99    1.000000e-99    1.061839e-99   2.563229e-100 
Cr-49              1.318162e-99    1.000000e-99    1.061839e-99   2.563229e-100 
Cr-50              1.066818e-08    8.272808e-09    8.597623e-09    2.070559e-09 
Cr-51              1.259236e-14    1.000000e-99    9.882019e-15    2.710339e-15 
Cr-52              2.172358e-07    1.659075e-07    1.750155e-07    4.222023e-08 
Cr-53              2.503747e-08    1.917344e-08    2.017229e-08    4.865178e-09 
Cr-54              7.821226e-09    4.862314e-09    6.279031e-09    1.542195e-09 
Cr-55              5.498738e-27    1.000000e-99    4.421033e-27    1.077705e-27 
Cr-56              4.157891e-40    1.000000e-99    3.342996e-40    8.148950e-41 
Mn-51              1.119008e-28    1.000000e-99    8.996960e-29    2.193116e-29 
Mn-52              1.318162e-99    1.000000e-99    1.061839e-99   2.563229e-100 
Mn-53              3.996969e-20    1.000000e-99    3.176172e-20    8.207974e-21 
Mn-54              2.416382e-21    1.000000e-99    1.896699e-21    5.196832e-22 
Mn-55              1.458173e-07    1.099097e-07    1.174384e-07    2.837892e-08 
Mn-56              6.103232e-21    1.000000e-99    4.907073e-21    1.196159e-21 
Mn-57              1.959360e-35    1.000000e-99    1.575350e-35    3.840102e-36 
Fe-52              1.318162e-99    1.000000e-99    1.061839e-99   2.563229e-100 
Fe-53              1.318162e-99    1.000000e-99    1.061839e-99   2.563229e-100 
Fe-54              1.050608e-06    8.125526e-07    8.466438e-07    2.039647e-07 
Fe-55              1.025651e-09    1.000000e-99    8.041122e-10    2.215389e-10 
Fe-56              1.727679e-05    1.322776e-05    1.391980e-05    3.356997e-06 
Fe-57              4.439561e-07    3.109417e-07    3.570226e-07    8.693352e-08 
Fe-58              1.168684e-07    4.210661e-08    9.330326e-08    2.356518e-08 
Fe-59              3.679769e-16    1.000000e-99    2.958301e-16    7.214680e-17 
Fe-60              9.073348e-09    1.000000e-99    7.250865e-09    1.822483e-09 
Fe-61              3.636114e-26    1.000000e-99    2.923480e-26    7.126342e-27 
Co-55              4.580267e-25    1.000000e-99    3.682584e-25    8.976824e-26 
Co-56              3.664397e-28    1.000000e-99    2.913878e-28    7.505186e-29 
Co-57              7.166973e-21    1.000000e-99    5.581812e-21    1.585162e-21 
Co-58              2.035590e-23    1.000000e-99    1.634192e-23    4.013978e-24 
Co-59              6.680528e-08    3.995077e-08    5.364858e-08    1.315670e-08 
Co-60              9.275261e-15    1.000000e-99    7.452611e-15    1.822650e-15 
Co-61              4.273036e-22    1.000000e-99    3.435574e-22    8.374625e-23 
Co-62              5.457286e-37    1.000000e-99    4.387726e-37    1.069560e-37 
Co-63              1.318162e-99    1.000000e-99    1.061839e-99   2.563229e-100 
Ni-56              1.318162e-99    1.000000e-99    1.061839e-99   2.563229e-100 
Ni-57              1.318162e-99    1.000000e-99    1.061839e-99   2.563229e-100 
Ni-58              7.398841e-07    5.716115e-07    5.962294e-07    1.436548e-07 
Ni-59              2.017232e-09    1.000000e-99    1.587064e-09    4.301684e-10 
Ni-60              3.094570e-07    2.277763e-07    2.491895e-07    6.026749e-08 
Ni-61              1.888253e-08    1.006630e-08    1.513945e-08    3.743083e-09 
Ni-62              5.236730e-08    3.262192e-08    4.207631e-08    1.029099e-08 
Ni-63              8.155470e-11    1.000000e-99    6.363615e-11    1.791856e-11 
Ni-64              2.035654e-08    8.575837e-09    1.630740e-08    4.049144e-09 
Ni-65              1.879527e-21    1.000000e-99    1.511163e-21    3.683643e-22 
Ni-66              3.639510e-28    1.000000e-99    2.926212e-28    7.132988e-29 
Ni-67              1.318162e-99    1.000000e-99    1.061839e-99   2.563229e-100 
Ni-68              1.318162e-99    1.000000e-99    1.061839e-99   2.563229e-100 
Cu-60              1.009422e-32    1.000000e-99    8.115875e-33    1.978341e-33 
Cu-61              3.554232e-27    1.000000e-99    2.857646e-27    6.965853e-28 
Cu-62              3.921557e-32    1.000000e-99    3.152981e-32    7.685765e-33 
Cu-63              1.283465e-08    6.606275e-09    1.029490e-08    2.539754e-09 
Cu-64              6.330124e-19    1.000000e-99    5.089488e-19    1.240636e-19 
Cu-65              6.782042e-09    3.037412e-09    5.430751e-09    1.351292e-09 
Cu-66              1.624135e-25    1.000000e-99    1.305822e-25    3.183126e-26 
Cu-67              4.480357e-28    1.000000e-99    3.602263e-28    8.780943e-29 
Cu-68              1.318162e-99    1.000000e-99    1.061839e-99   2.563229e-100 
Cu-69              1.318162e-99    1.000000e-99    1.061839e-99   2.563229e-100 
Cu-70              1.318162e-99    1.000000e-99    1.061839e-99   2.563229e-100 
Cu-71              1.318162e-99    1.000000e-99    1.061839e-99   2.563229e-100 
Zn-62              1.318162e-99    1.000000e-99    1.061839e-99   2.563229e-100 
Zn-63              1.318162e-99    1.000000e-99    1.061839e-99   2.563229e-100 
Zn-64              1.591009e-08    1.131768e-08    1.280607e-08    3.104023e-09 
Zn-65              1.941913e-12    1.000000e-99    1.514853e-12    4.270597e-13 
Zn-66              1.045566e-08    6.696091e-09    8.401003e-09    2.054660e-09 
Zn-67              1.662084e-09    9.989226e-10    1.334179e-09    3.279057e-10 
Zn-68              7.649184e-09    4.636426e-09    6.139335e-09    1.509849e-09 
Zn-69              8.202248e-23    1.000000e-99    6.594709e-23    1.607539e-23 
Zn-70              2.067552e-10    1.578203e-10    1.665724e-10    4.018276e-11 
Zn-71              2.768093e-29    1.000000e-99    2.225573e-29    5.425202e-30 
Zn-72              1.097959e-58    1.000000e-99    8.827728e-59    2.151864e-59 
Zn-73              1.318162e-99    1.000000e-99    1.061839e-99   2.563229e-100 
Zn-74              1.318162e-99    1.000000e-99    1.061839e-99   2.563229e-100 
Ga-65              2.088383e-34    1.000000e-99    1.679086e-34    4.092972e-35 
Ga-66              1.318162e-99    1.000000e-99    1.061839e-99   2.563229e-100 
Ga-67              1.058061e-27    1.000000e-99    8.506945e-28    2.073669e-28 
Ga-68              1.209766e-33    1.000000e-99    9.726670e-34    2.370991e-34 
Ga-69              8.357678e-10    4.554638e-10    6.697558e-10    1.660119e-10 
Ga-70              1.799251e-24    1.000000e-99    1.446620e-24    3.526313e-25 
Ga-71              6.162903e-10    3.110416e-10    4.931677e-10    1.231226e-10 
Ga-72              2.207414e-20    1.000000e-99    1.774786e-20    4.326279e-21 
Ga-73              6.510117e-29    1.000000e-99    5.234215e-29    1.275902e-29 
Ga-74              2.413054e-86    1.000000e-99    1.940125e-86    4.729286e-87 
Ga-75              1.318162e-99    1.000000e-99    1.061839e-99   2.563229e-100 
Ge-66              1.318162e-99    1.000000e-99    1.061839e-99   2.563229e-100 
Ge-67              1.318162e-99    1.000000e-99    1.061839e-99   2.563229e-100 
Ge-68              1.318162e-99    1.000000e-99    1.061839e-99   2.563229e-100 
Ge-69              1.318162e-99    1.000000e-99    1.061839e-99   2.563229e-100 
Ge-70              1.046620e-09    5.161822e-10    8.373438e-10    2.092758e-10 
Ge-71              9.997050e-18    1.000000e-99    8.037539e-18    1.959510e-18 
Ge-72              1.253425e-09    6.916546e-10    1.003746e-09    2.496793e-10 
Ge-73              3.524284e-10    1.956341e-10    2.822132e-10    7.021518e-11 
Ge-74              1.757822e-09    9.236751e-10    1.405870e-09    3.519528e-10 
Ge-75              7.643027e-23    1.000000e-99    6.145088e-23    1.497939e-23 
Ge-76              2.561518e-10    1.964686e-10    2.063914e-10    4.976033e-11 
Ge-77              4.520486e-23    1.000000e-99    3.634523e-23    8.859628e-24 
Ge-78              9.115049e-40    1.000000e-99    7.328613e-40    1.786436e-40 
As-69              1.318162e-99    1.000000e-99    1.061839e-99   2.563229e-100 
As-70              1.318162e-99    1.000000e-99    1.061839e-99   2.563229e-100 
As-71              6.280473e-37    1.000000e-99    5.049578e-37    1.230895e-37 
As-72              1.318162e-99    1.000000e-99    1.061839e-99   2.563229e-100 
As-73              7.848430e-37    1.000000e-99    6.310235e-37    1.538195e-37 
As-74              1.033176e-27    1.000000e-99    8.031491e-28    2.300272e-28 
As-75              2.406079e-10    1.431312e-10    1.928328e-10    4.777513e-11 
As-76              1.844669e-20    1.000000e-99    1.483133e-20    3.615356e-21 
As-77              2.415445e-22    1.000000e-99    1.942040e-22    4.734052e-23 
As-78              4.206985e-37    1.000000e-99    3.382468e-37    8.245168e-38 
As-79              1.318162e-99    1.000000e-99    1.061839e-99   2.563229e-100 
As-80              1.318162e-99    1.000000e-99    1.061839e-99   2.563229e-100 
As-81              1.318162e-99    1.000000e-99    1.061839e-99   2.563229e-100 
Se-72              1.318162e-99    1.000000e-99    1.061839e-99   2.563229e-100 
Se-73              1.318162e-99    1.000000e-99    1.061839e-99   2.563229e-100 
Se-74              1.535263e-11    1.198965e-11    1.237492e-11    2.977714e-12 
Se-75              2.905798e-20    1.000000e-99    2.335841e-20    5.699572e-21 
Se-76              2.960606e-10    1.297302e-10    2.360964e-10    5.996420e-11 
Se-77              1.889250e-10    1.071453e-10    1.512664e-10    3.765856e-11 
Se-78              7.591081e-10    3.379353e-10    6.052071e-10    1.539010e-10 
Se-79              4.276892e-11    1.000000e-99    3.343457e-11    9.334351e-12 
Se-80              1.231235e-09    7.232795e-10    9.858332e-10    2.454019e-10 
Se-81              1.579121e-25    1.000000e-99    1.269631e-25    3.094903e-26 
Se-82              1.702589e-10    1.304821e-10    1.371789e-10    3.308009e-11 
Se-83              1.450426e-27    1.000000e-99    1.166160e-27    2.842660e-28 
Se-84              1.456254e-60    1.000000e-99    1.170847e-60    2.854078e-61 
Br-74              1.318162e-99    1.000000e-99    1.061839e-99   2.563229e-100 
Br-75              1.318162e-99    1.000000e-99    1.061839e-99   2.563229e-100 
Br-76              1.318162e-99    1.000000e-99    1.061839e-99   2.563229e-100 
Br-77              1.318162e-99    1.000000e-99    1.061839e-99   2.563229e-100 
Br-78              1.318162e-99    1.000000e-99    1.061839e-99   2.563229e-100 
Br-79              1.965683e-10    1.390555e-10    1.581883e-10    3.838002e-11 
Br-80              4.832928e-25    1.000000e-99    3.885732e-25    9.471961e-26 
Br-81              2.328483e-10    1.387166e-10    1.864902e-10    4.635815e-11 
Br-82              1.229932e-20    1.000000e-99    9.888777e-21    2.410546e-21 
Br-83              5.994550e-25    1.000000e-99    4.819693e-25    1.174857e-25 
Br-84              6.287619e-39    1.000000e-99    5.055324e-39    1.232295e-39 
Br-85              1.318162e-99    1.000000e-99    1.061839e-99   2.563229e-100 
Br-86              1.318162e-99    1.000000e-99    1.061839e-99   2.563229e-100 
Br-87              1.318162e-99    1.000000e-99    1.061839e-99   2.563229e-100 
Kr-76              1.318162e-99    1.000000e-99    1.061839e-99   2.563229e-100 
Kr-77              1.318162e-99    1.000000e-99    1.061839e-99   2.563229e-100 
Kr-78              4.998048e-12    3.903699e-12    4.028664e-12    9.693839e-13 
Kr-79              4.925603e-24    1.000000e-99    3.960233e-24    9.653694e-25 
Kr-80              4.850831e-11    2.577028e-11    3.882675e-11    9.681554e-12 
Kr-81              9.400137e-12    1.000000e-99    7.403372e-12    1.996765e-12 
Kr-82              3.681036e-10    1.320727e-10    2.924080e-10    7.569560e-11 
Kr-83              2.395513e-10    1.325358e-10    1.915548e-10    4.799652e-11 
Kr-84              1.259894e-09    6.607919e-10    1.006160e-09    2.537334e-10 
Kr-85              4.383426e-16    1.000000e-99    3.469255e-16    9.141704e-17 
Kr-86              4.597854e-10    2.046221e-10    3.662112e-10    9.357416e-11 
Kr-87              4.841939e-25    1.000000e-99    3.892979e-25    9.489601e-26 
Kr-88              1.645326e-57    1.000000e-99    1.322863e-57    3.224635e-58 
Kr-89              1.318162e-99    1.000000e-99    1.061839e-99   2.563229e-100 
Kr-90              1.318162e-99    1.000000e-99    1.061839e-99   2.563229e-100 
Rb-79              1.318162e-99    1.000000e-99    1.061839e-99   2.563229e-100 
Rb-80              1.318162e-99    1.000000e-99    1.061839e-99   2.563229e-100 
Rb-81              1.318162e-99    1.000000e-99    1.061839e-99   2.563229e-100 
Rb-82              1.318162e-99    1.000000e-99    1.061839e-99   2.563229e-100 
Rb-83              1.318162e-99    1.000000e-99    1.061839e-99   2.563229e-100 
Rb-84              8.856450e-30    1.000000e-99    6.780756e-30    2.075694e-30 
Rb-85              2.597978e-10    1.283575e-10    2.072703e-10    5.252755e-11 
Rb-86              4.066804e-19    1.000000e-99    3.269413e-19    7.973909e-20 
Rb-87              1.258200e-10    5.067309e-11    1.001434e-10    2.567666e-11 
Rb-88              9.815019e-27    1.000000e-99    7.891387e-27    1.923632e-27 
Rb-89              2.791173e-39    1.000000e-99    2.244138e-39    5.470352e-40 
Rb-90              1.318162e-99    1.000000e-99    1.061839e-99   2.563229e-100 
Rb-91              1.318162e-99    1.000000e-99    1.061839e-99   2.563229e-100 
Sr-80              1.318162e-99    1.000000e-99    1.061839e-99   2.563229e-100 
Sr-81              1.318162e-99    1.000000e-99    1.061839e-99   2.563229e-100 
Sr-82              1.318162e-99    1.000000e-99    1.061839e-99   2.563229e-100 
Sr-83              1.318162e-99    1.000000e-99    1.061839e-99   2.563229e-100 
Sr-84              4.133904e-12    3.230901e-12    3.332166e-12    8.017371e-13 
Sr-85              2.547633e-21    1.000000e-99    2.048074e-21    4.995593e-22 
Sr-86              2.400322e-10    5.849808e-11    1.895696e-10    5.046255e-11 
Sr-87              1.635623e-10    4.447112e-11    1.292453e-10    3.431692e-11 
Sr-88              2.492772e-09    5.015302e-10    1.962367e-09    5.304049e-10 
Sr-89              2.244512e-19    1.000000e-99    1.803715e-19    4.407969e-20 
Sr-90              1.061361e-14    1.000000e-99    8.250572e-15    2.363038e-15 
Sr-91              2.718424e-60    1.000000e-99    2.160244e-60    5.581798e-61 
Sr-92              8.208778e-83    1.000000e-99    5.847716e-83    2.361063e-83 
Sr-93              1.318162e-99    1.000000e-99    1.061839e-99   2.563229e-100 
Sr-94              1.318162e-99    1.000000e-99    1.061839e-99   2.563229e-100 
Y-85               1.318162e-99    1.000000e-99    1.061839e-99   2.563229e-100 
Y-86               1.318162e-99    1.000000e-99    1.061839e-99   2.563229e-100 
Y-87               1.318162e-99    1.000000e-99    1.061839e-99   2.563229e-100 
Y-88               1.318162e-99    1.000000e-99    1.061839e-99   2.563229e-100 
Y-89               6.411518e-10    1.230448e-10    5.044949e-10    1.366569e-10 
Y-90               2.701218e-18    1.000000e-99    2.099843e-18    6.013750e-19 
Y-91               1.972667e-26    1.000000e-99    1.585882e-26    3.867848e-27 
Y-92               3.025716e-79    1.000000e-99    2.155442e-79    8.702743e-80 
Y-93               1.318162e-99    1.000000e-99    1.061839e-99   2.563229e-100 
Y-94               1.318162e-99    1.000000e-99    1.061839e-99   2.563229e-100 
Y-95               1.318162e-99    1.000000e-99    1.061839e-99   2.563229e-100 
Y-96               1.318162e-99    1.000000e-99    1.061839e-99   2.563229e-100 
Zr-86              1.318162e-99    1.000000e-99    1.061839e-99   2.563229e-100 
Zr-87              1.318162e-99    1.000000e-99    1.061839e-99   2.563229e-100 
Zr-88              1.318162e-99    1.000000e-99    1.061839e-99   2.563229e-100 
Zr-89              1.318162e-99    1.000000e-99    1.061839e-99   2.563229e-100 
Zr-90              7.308022e-10    1.535741e-10    5.753169e-10    1.554852e-10 
Zr-91              1.783665e-10    3.387065e-11    1.402841e-10    3.808237e-11 
Zr-92              2.814786e-10    5.231471e-11    2.213662e-10    6.011243e-11 
Zr-93              7.718750e-11    1.000000e-99    6.022245e-11    1.696505e-11 
Zr-94              3.729886e-10    5.418147e-11    2.927756e-10    8.021305e-11 
Zr-95              7.010706e-20    1.000000e-99    5.627001e-20    1.383706e-20 
Zr-96              2.535336e-11    8.911428e-12    2.014187e-11    5.211493e-12 
Zr-97              2.273143e-23    1.000000e-99    1.827632e-23    4.455107e-24 
Zr-98              2.502989e-62    1.000000e-99    2.012434e-62    4.905547e-63 
Nb-89              1.318162e-99    1.000000e-99    1.061839e-99   2.563229e-100 
Nb-90              1.318162e-99    1.000000e-99    1.061839e-99   2.563229e-100 
Nb-91              1.318162e-99    1.000000e-99    1.061839e-99   2.563229e-100 
Nb-92              1.318162e-99    1.000000e-99    1.061839e-99   2.563229e-100 
Nb-93              2.476131e-11    1.901762e-11    1.994925e-11    4.812052e-12 
Nb-94              2.806928e-15    1.000000e-99    2.199309e-15    6.076184e-16 
Nb-95              4.885714e-20    1.000000e-99    3.920901e-20    9.648126e-21 
Nb-96              2.322462e-28    1.000000e-99    1.867288e-28    4.551737e-29 
Nb-97              1.738074e-24    1.000000e-99    1.397431e-24    3.406430e-25 
Nb-98              2.434833e-58    1.000000e-99    1.957636e-58    4.771971e-59 
Nb-99              1.318162e-99    1.000000e-99    1.061839e-99   2.563229e-100 
Mo-90              1.318162e-99    1.000000e-99    1.061839e-99   2.563229e-100 
Mo-91              1.318162e-99    1.000000e-99    1.061839e-99   2.563229e-100 
Mo-92              1.304707e-11    1.013407e-11    1.051521e-11    2.531851e-12 
Mo-93              1.641192e-14    1.000000e-99    1.292386e-14    3.488063e-15 
Mo-94              9.534937e-12    6.453319e-12    7.656276e-12    1.878661e-12 
Mo-95              5.120984e-11    1.122904e-11    4.031332e-11    1.089652e-11 
Mo-96              8.801491e-11    1.188573e-11    6.907399e-11    1.894093e-11 
Mo-97              3.303223e-11    6.881453e-12    2.600555e-11    7.026678e-12 
Mo-98              1.067523e-10    1.755936e-11    8.385311e-11    2.289914e-11 
Mo-99              5.302051e-22    1.000000e-99    4.262734e-22    1.039317e-22 
Mo-100             1.156459e-11    7.152491e-12    9.262993e-12    2.301593e-12 
Mo-101             8.663766e-29    1.000000e-99    6.965485e-29    1.698281e-29 
Mo-102             5.088308e-60    1.000000e-99    4.091062e-60    9.972451e-61 
Tc-93              1.318162e-99    1.000000e-99    1.061839e-99   2.563229e-100 
Tc-94              1.318162e-99    1.000000e-99    1.061839e-99   2.563229e-100 
Tc-95              1.318162e-99    1.000000e-99    1.061839e-99   2.563229e-100 
Tc-96              1.318162e-99    1.000000e-99    1.061839e-99   2.563229e-100 
Tc-97              2.575412e-15    1.000000e-99    2.034914e-15    5.404973e-16 
Tc-98              5.623195e-16    1.000000e-99    4.414806e-16    1.208389e-16 
Tc-99              1.084397e-11    1.000000e-99    8.456073e-12    2.387892e-12 
Tc-100             1.247813e-30    1.000000e-99    1.002407e-30    2.454061e-31 
Tc-101             2.469529e-28    1.000000e-99    1.985504e-28    4.840252e-29 
Tc-102             1.251041e-40    1.000000e-99    1.005852e-40    2.451884e-41 
Tc-103             1.318162e-99    1.000000e-99    1.061839e-99   2.563229e-100 
Tc-104             1.318162e-99    1.000000e-99    1.061839e-99   2.563229e-100 
Tc-105             1.318162e-99    1.000000e-99    1.061839e-99   2.563229e-100 
Ru-94              1.318162e-99    1.000000e-99    1.061839e-99   2.563229e-100 
Ru-95              1.318162e-99    1.000000e-99    1.061839e-99   2.563229e-100 
Ru-96              3.752848e-12    2.928269e-12    3.024910e-12    7.279385e-13 
Ru-97              1.112320e-23    1.000000e-99    8.943132e-24    2.180068e-24 
Ru-98              1.300466e-12    1.008004e-12    1.048065e-12    2.524004e-13 
Ru-99              9.337538e-12    6.951645e-12    7.516197e-12    1.821341e-12 
Ru-100             4.936869e-11    6.934131e-12    3.873184e-11    1.063685e-11 
Ru-101             2.110933e-11    9.483608e-12    1.678046e-11    4.328879e-12 
Ru-102             7.966217e-11    1.771328e-11    6.271801e-11    1.694417e-11 
Ru-103             6.010856e-22    1.000000e-99    4.831966e-22    1.178890e-22 
Ru-104             1.558200e-11    1.065883e-11    1.250884e-11    3.073161e-12 
Ru-105             5.538713e-25    1.000000e-99    4.453193e-25    1.085520e-25 
Ru-106             2.957290e-29    1.000000e-99    2.377698e-29    5.795922e-30 
Rh-98              1.318162e-99    1.000000e-99    1.061839e-99   2.563229e-100 
Rh-99              1.318162e-99    1.000000e-99    1.061839e-99   2.563229e-100 
Rh-100             1.318162e-99    1.000000e-99    1.061839e-99   2.563229e-100 
Rh-101             1.318162e-99    1.000000e-99    1.061839e-99   2.563229e-100 
Rh-102             1.318162e-99    1.000000e-99    1.061839e-99   2.563229e-100 
Rh-103             2.374606e-11    1.055627e-11    1.887233e-11    4.873733e-12 
Rh-104             9.884317e-30    1.000000e-99    7.943931e-30    1.940386e-30 
Rh-105             1.956144e-23    1.000000e-99    1.572756e-23    3.833877e-24 
Rh-106             3.827063e-60    1.000000e-99    3.077006e-60    7.500568e-61 
Rh-107             1.318162e-99    1.000000e-99    1.061839e-99   2.563229e-100 
Rh-108             1.318162e-99    1.000000e-99    1.061839e-99   2.563229e-100 
Pd-99              1.318162e-99    1.000000e-99    1.061839e-99   2.563229e-100 
Pd-100             1.318162e-99    1.000000e-99    1.061839e-99   2.563229e-100 
Pd-101             1.318162e-99    1.000000e-99    1.061839e-99   2.563229e-100 
Pd-102             5.431216e-13    4.244959e-13    4.377878e-13    1.053338e-13 
Pd-103             3.734643e-23    1.000000e-99    3.002581e-23    7.320620e-24 
Pd-104             3.643669e-11    4.727067e-12    2.857514e-11    7.861545e-12 
Pd-105             2.032277e-11    9.566459e-12    1.617018e-11    4.152585e-12 
Pd-106             5.212237e-11    1.182003e-11    4.104717e-11    1.107519e-11 
Pd-107             7.352856e-12    1.000000e-99    5.735081e-12    1.617775e-12 
Pd-108             6.218402e-11    1.165968e-11    4.888817e-11    1.329584e-11 
Pd-109             7.793637e-23    1.000000e-99    6.266172e-23    1.527465e-23 
Pd-110             9.293364e-12    5.260094e-12    7.423289e-12    1.870074e-12 
Pd-111             2.687845e-28    1.000000e-99    2.160994e-28    5.268514e-29 
Pd-112             4.666173e-58    1.000000e-99    3.751661e-58    9.145119e-59 
Ag-101             1.318162e-99    1.000000e-99    1.061839e-99   2.563229e-100 
Ag-102             1.318162e-99    1.000000e-99    1.061839e-99   2.563229e-100 
Ag-103             1.318162e-99    1.000000e-99    1.061839e-99   2.563229e-100 
Ag-104             1.318162e-99    1.000000e-99    1.061839e-99   2.563229e-100 
Ag-105             1.318162e-99    1.000000e-99    1.061839e-99   2.563229e-100 
Ag-106             1.318162e-99    1.000000e-99    1.061839e-99   2.563229e-100 
Ag-107             1.003969e-11    7.847210e-12    8.092519e-12    1.947171e-12 
Ag-108             6.890149e-30    1.000000e-99    5.539714e-30    1.350435e-30 
Ag-109             2.308144e-11    7.426657e-12    1.824936e-11    4.832075e-12 
Ag-110             1.141416e-29    1.000000e-99    9.172040e-30    2.242118e-30 
Ag-111             4.660119e-23    1.000000e-99    3.742840e-23    9.172790e-24 
Ag-112             1.109768e-58    1.000000e-99    8.922672e-59    2.175007e-59 
Ag-113             1.318162e-99    1.000000e-99    1.061839e-99   2.563229e-100 
Cd-102             1.318162e-99    1.000000e-99    1.061839e-99   2.563229e-100 
Cd-103             1.318162e-99    1.000000e-99    1.061839e-99   2.563229e-100 
Cd-104             1.318162e-99    1.000000e-99    1.061839e-99   2.563229e-100 
Cd-105             1.318162e-99    1.000000e-99    1.061839e-99   2.563229e-100 
Cd-106             8.130416e-13    6.351687e-13    6.553531e-13    1.576885e-13 
Cd-107             9.817574e-26    1.000000e-99    7.893451e-26    1.924123e-26 
Cd-108             6.589377e-13    4.607729e-13    5.297220e-13    1.292157e-13 
Cd-109             7.445810e-20    1.000000e-99    5.984061e-20    1.461749e-20 
Cd-110             4.759634e-11    6.586100e-12    3.734092e-11    1.025542e-11 
Cd-111             2.225440e-11    6.810926e-12    1.758467e-11    4.669730e-12 
Cd-112             6.858485e-11    1.295533e-11    5.392243e-11    1.466242e-11 
Cd-113             2.385007e-11    6.619464e-12    1.882260e-11    5.027475e-12 
Cd-114             9.741845e-11    1.570051e-11    7.650203e-11    2.091642e-11 
Cd-115             1.935705e-20    1.000000e-99    1.550349e-20    3.853558e-21 
Cd-116             9.812345e-12    4.164981e-12    7.801622e-12    2.010723e-12 
Cd-117             9.138308e-26    1.000000e-99    7.347308e-26    1.791000e-26 
Cd-118             1.548641e-58    1.000000e-99    1.245127e-58    3.035144e-59 
In-106             1.318162e-99    1.000000e-99    1.061839e-99   2.563229e-100 
In-107             1.318162e-99    1.000000e-99    1.061839e-99   2.563229e-100 
In-108             1.318162e-99    1.000000e-99    1.061839e-99   2.563229e-100 
In-109             1.318162e-99    1.000000e-99    1.061839e-99   2.563229e-100 
In-110             1.318162e-99    1.000000e-99    1.061839e-99   2.563229e-100 
In-111             1.318162e-99    1.000000e-99    1.061839e-99   2.563229e-100 
In-112             1.318162e-99    1.000000e-99    1.061839e-99   2.563229e-100 
In-113             3.346050e-13    2.606192e-13    2.696920e-13    6.491305e-14 
In-114             2.351744e-31    1.000000e-99    1.890831e-31    4.609128e-32 
In-115             2.300561e-11    5.920214e-12    1.813998e-11    4.865627e-12 
In-116             2.117575e-30    1.000000e-99    1.701506e-30    4.160683e-31 
In-117             3.669682e-26    1.000000e-99    2.950468e-26    7.192134e-27 
In-118             1.384661e-59    1.000000e-99    1.113285e-59    2.713764e-60 
In-119             1.318162e-99    1.000000e-99    1.061839e-99   2.563229e-100 
Sn-108             1.318162e-99    1.000000e-99    1.061839e-99   2.563229e-100 
Sn-109             1.318162e-99    1.000000e-99    1.061839e-99   2.563229e-100 
Sn-110             1.318162e-99    1.000000e-99    1.061839e-99   2.563229e-100 
Sn-111             1.318162e-99    1.000000e-99    1.061839e-99   2.563229e-100 
Sn-112             1.566098e-12    1.222110e-12    1.262325e-12    3.037731e-13 
Sn-113             3.048339e-22    1.000000e-99    2.450360e-22    5.979788e-23 
Sn-114             1.093602e-12    8.442352e-13    8.812632e-13    2.123384e-13 
Sn-115             5.667235e-13    4.380975e-13    4.566972e-13    1.100263e-13 
Sn-116             1.251885e-10    1.894855e-11    9.827563e-11    2.691292e-11 
Sn-117             4.535950e-11    1.009239e-11    3.571937e-11    9.640127e-12 
Sn-118             1.931628e-10    3.212056e-11    1.517347e-10    4.142814e-11 
Sn-119             6.094286e-11    1.148049e-11    4.791685e-11    1.302601e-11 
Sn-120             2.919318e-10    4.395201e-11    2.291412e-10    6.279058e-11 
Sn-121             2.029074e-22    1.000000e-99    1.631386e-22    3.976871e-23 
Sn-122             2.270106e-11    6.346294e-12    1.794367e-11    4.757391e-12 
Sn-123             4.229119e-22    1.000000e-99    3.372533e-22    8.565863e-23 
Sn-124             1.055399e-11    8.066747e-12    8.502808e-12    2.051180e-12 
Sn-125             1.661776e-23    1.000000e-99    1.336039e-23    3.257372e-24 
Sn-126             1.864541e-16    1.000000e-99    1.484413e-16    3.801280e-17 
Sn-127             2.001657e-30    1.000000e-99    1.609357e-30    3.922998e-31 
Sn-128             1.318162e-99    1.000000e-99    1.061839e-99   2.563229e-100 
Sn-129             1.318162e-99    1.000000e-99    1.061839e-99   2.563229e-100 
Sn-130             1.318162e-99    1.000000e-99    1.061839e-99   2.563229e-100 
Sb-112             1.318162e-99    1.000000e-99    1.061839e-99   2.563229e-100 
Sb-113             1.318162e-99    1.000000e-99    1.061839e-99   2.563229e-100 
Sb-114             1.318162e-99    1.000000e-99    1.061839e-99   2.563229e-100 
Sb-115             1.318162e-99    1.000000e-99    1.061839e-99   2.563229e-100 
Sb-116             1.318162e-99    1.000000e-99    1.061839e-99   2.563229e-100 
Sb-117             1.318162e-99    1.000000e-99    1.061839e-99   2.563229e-100 
Sb-118             1.318162e-99    1.000000e-99    1.061839e-99   2.563229e-100 
Sb-119             1.318162e-99    1.000000e-99    1.061839e-99   2.563229e-100 
Sb-120             1.318162e-99    1.000000e-99    1.061839e-99   2.563229e-100 
Sb-121             2.637424e-11    6.323438e-12    2.077953e-11    5.594711e-12 
Sb-122             2.981266e-22    1.000000e-99    2.396819e-22    5.844471e-23 
Sb-123             8.966588e-12    4.807177e-12    7.154895e-12    1.811693e-12 
Sb-124             1.328428e-24    1.000000e-99    1.067808e-24    2.606201e-25 
Sb-125             3.622213e-20    1.000000e-99    2.910705e-20    7.115082e-21 
Sb-126             3.482652e-23    1.000000e-99    2.749920e-23    7.327317e-24 
Sb-127             1.660986e-26    1.000000e-99    1.335452e-26    3.255341e-27 
Sb-128             9.887361e-93    1.000000e-99    6.952656e-93    2.934705e-93 
Sb-129             1.318162e-99    1.000000e-99    1.061839e-99   2.563229e-100 
Sb-130             1.318162e-99    1.000000e-99    1.061839e-99   2.563229e-100 
Sb-131             1.318162e-99    1.000000e-99    1.061839e-99   2.563229e-100 
Sb-132             1.318162e-99    1.000000e-99    1.061839e-99   2.563229e-100 
Sb-133             1.318162e-99    1.000000e-99    1.061839e-99   2.563229e-100 
Te-114             1.318162e-99    1.000000e-99    1.061839e-99   2.563229e-100 
Te-115             1.318162e-99    1.000000e-99    1.061839e-99   2.563229e-100 
Te-116             1.318162e-99    1.000000e-99    1.061839e-99   2.563229e-100 
Te-117             1.318162e-99    1.000000e-99    1.061839e-99   2.563229e-100 
Te-118             1.318162e-99    1.000000e-99    1.061839e-99   2.563229e-100 
Te-119             1.318162e-99    1.000000e-99    1.061839e-99   2.563229e-100 
Te-120             2.084096e-13    1.629768e-13    1.679920e-13    4.041756e-14 
Te-121             8.133261e-24    1.000000e-99    6.538983e-24    1.594278e-24 
Te-122             3.542669e-11    4.492698e-12    2.778188e-11    7.644814e-12 
Te-123             1.255228e-11    1.580026e-12    9.843776e-12    2.708502e-12 
Te-124             7.246868e-11    8.448534e-12    5.680111e-11    1.566757e-11 
Te-125             3.691174e-11    1.262469e-11    2.920917e-11    7.702575e-12 
Te-126             1.616479e-10    3.378304e-11    1.271720e-10    3.447594e-11 
Te-127             4.150467e-23    1.000000e-99    3.337024e-23    8.134437e-24 
Te-128             8.846869e-11    5.738049e-11    7.092712e-11    1.754157e-11 
Te-129             6.041932e-26    1.000000e-99    4.857785e-26    1.184147e-26 
Te-130             8.087128e-11    6.216134e-11    6.516200e-11    1.570928e-11 
Te-131             1.077428e-27    1.000000e-99    8.662656e-28    2.111629e-28 
Te-132             1.232960e-58    1.000000e-99    9.913153e-59    2.416449e-59 
Te-133             1.318162e-99    1.000000e-99    1.061839e-99   2.563229e-100 
Te-134             1.318162e-99    1.000000e-99    1.061839e-99   2.563229e-100 
I-117              1.318162e-99    1.000000e-99    1.061839e-99   2.563229e-100 
I-118              1.318162e-99    1.000000e-99    1.061839e-99   2.563229e-100 
I-119              1.318162e-99    1.000000e-99    1.061839e-99   2.563229e-100 
I-120              1.318162e-99    1.000000e-99    1.061839e-99   2.563229e-100 
I-121              1.318162e-99    1.000000e-99    1.061839e-99   2.563229e-100 
I-122              1.318162e-99    1.000000e-99    1.061839e-99   2.563229e-100 
I-123              1.318162e-99    1.000000e-99    1.061839e-99   2.563229e-100 
I-124              1.318162e-99    1.000000e-99    1.061839e-99   2.563229e-100 
I-125              6.200895e-23    1.000000e-99    4.985002e-23    1.215894e-23 
I-126              1.957580e-29    1.000000e-99    1.573919e-29    3.836614e-30 
I-127              3.433259e-11    1.460417e-11    2.726058e-11    7.072013e-12 
I-128              1.050366e-26    1.000000e-99    8.444850e-27    2.058809e-27 
I-129              3.457459e-13    1.000000e-99    2.691055e-13    7.664038e-14 
I-130              8.375613e-28    1.000000e-99    6.734095e-28    1.641518e-28 
I-131              2.074219e-22    1.000000e-99    1.667653e-22    4.065667e-23 
I-132              2.517780e-39    1.000000e-99    2.024327e-39    4.934536e-40 
I-133              1.318162e-99    1.000000e-99    1.061839e-99   2.563229e-100 
I-134              1.318162e-99    1.000000e-99    1.061839e-99   2.563229e-100 
I-135              1.318162e-99    1.000000e-99    1.061839e-99   2.563229e-100 
Xe-118             1.318162e-99    1.000000e-99    1.061839e-99   2.563229e-100 
Xe-119             1.318162e-99    1.000000e-99    1.061839e-99   2.563229e-100 
Xe-120             1.318162e-99    1.000000e-99    1.061839e-99   2.563229e-100 
Xe-121             1.318162e-99    1.000000e-99    1.061839e-99   2.563229e-100 
Xe-122             1.318162e-99    1.000000e-99    1.061839e-99   2.563229e-100 
Xe-123             1.318162e-99    1.000000e-99    1.061839e-99   2.563229e-100 
Xe-124             2.827371e-13    2.211488e-13    2.279058e-13    5.483127e-14 
Xe-125             1.668202e-25    1.000000e-99    1.341255e-25    3.269469e-26 
Xe-126             2.498120e-13    1.951020e-13    2.013597e-13    4.845231e-14 
Xe-127             4.960347e-23    1.000000e-99    3.987850e-23    9.724962e-24 
Xe-128             4.212939e-11    3.946281e-12    3.297897e-11    9.150424e-12 
Xe-129             7.851700e-11    4.897376e-11    6.287108e-11    1.564593e-11 
Xe-130             9.412929e-11    7.872101e-12    7.365485e-11    2.047443e-11 
Xe-131             8.290803e-11    3.948217e-11    6.597206e-11    1.693598e-11 
Xe-132             2.294474e-10    4.810526e-11    1.805250e-10    4.892234e-11 
Xe-133             9.120146e-22    1.000000e-99    7.330184e-22    1.789962e-22 
Xe-134             3.191720e-11    1.789596e-11    2.552984e-11    6.387355e-12 
Xe-135             5.379306e-24    1.000000e-99    4.325025e-24    1.054281e-24 
Xe-136             1.955625e-11    1.479745e-11    1.575232e-11    3.803932e-12 
Xe-137             4.318643e-31    1.000000e-99    3.472242e-31    8.464006e-32 
Xe-138             1.318162e-99    1.000000e-99    1.061839e-99   2.563229e-100 
Cs-123             1.318162e-99    1.000000e-99    1.061839e-99   2.563229e-100 
Cs-124             1.318162e-99    1.000000e-99    1.061839e-99   2.563229e-100 
Cs-125             1.318162e-99    1.000000e-99    1.061839e-99   2.563229e-100 
Cs-126             1.318162e-99    1.000000e-99    1.061839e-99   2.563229e-100 
Cs-127             1.318162e-99    1.000000e-99    1.061839e-99   2.563229e-100 
Cs-128             1.318162e-99    1.000000e-99    1.061839e-99   2.563229e-100 
Cs-129             1.318162e-99    1.000000e-99    1.061839e-99   2.563229e-100 
Cs-130             1.318162e-99    1.000000e-99    1.061839e-99   2.563229e-100 
Cs-131             3.724751e-24    1.000000e-99    2.994605e-24    7.301461e-25 
Cs-132             4.573349e-34    1.000000e-99    3.677029e-34    8.963195e-35 
Cs-133             4.110754e-11    1.427331e-11    3.253170e-11    8.575844e-12 
Cs-134             1.619990e-19    1.000000e-99    1.294926e-19    3.250637e-20 
Cs-135             1.236350e-11    1.000000e-99    9.659946e-12    2.703557e-12 
Cs-136             1.275749e-21    1.000000e-99    1.024020e-21    2.517291e-22 
Cs-137             9.989070e-15    1.000000e-99    7.756217e-15    2.232853e-15 
Cs-138             1.234400e-35    1.000000e-99    9.924732e-36    2.419271e-36 
Cs-139             1.318162e-99    1.000000e-99    1.061839e-99   2.563229e-100 
Ba-124             1.318162e-99    1.000000e-99    1.061839e-99   2.563229e-100 
Ba-125             1.318162e-99    1.000000e-99    1.061839e-99   2.563229e-100 
Ba-126             1.318162e-99    1.000000e-99    1.061839e-99   2.563229e-100 
Ba-127             1.318162e-99    1.000000e-99    1.061839e-99   2.563229e-100 
Ba-128             1.318162e-99    1.000000e-99    1.061839e-99   2.563229e-100 
Ba-129             1.318162e-99    1.000000e-99    1.061839e-99   2.563229e-100 
Ba-130             2.321406e-13    1.815943e-13    1.871218e-13    4.501874e-14 
Ba-131             3.523893e-24    1.000000e-99    2.833168e-24    6.907250e-25 
Ba-132             2.257204e-13    1.763712e-13    1.819427e-13    4.377772e-14 
Ba-133             1.786957e-23    1.000000e-99    1.432553e-23    3.544035e-24 
Ba-134             6.284185e-11    4.276167e-12    4.913851e-11    1.370334e-11 
Ba-135             3.503486e-11    1.174963e-11    2.770794e-11    7.326924e-12 
Ba-136             1.908847e-10    1.410093e-11    1.492882e-10    4.159650e-11 
Ba-137             1.707608e-10    2.031659e-11    1.338604e-10    3.690046e-11 
Ba-138             2.253835e-09    1.306368e-10    1.761299e-09    4.925359e-10 
Ba-139             2.255281e-25    1.000000e-99    1.813266e-25    4.420150e-26 
Ba-140             9.784789e-38    1.000000e-99    7.867092e-38    1.917697e-38 
Ba-141             1.318162e-99    1.000000e-99    1.061839e-99   2.563229e-100 
Ba-142             1.318162e-99    1.000000e-99    1.061839e-99   2.563229e-100 
La-127             1.318162e-99    1.000000e-99    1.061839e-99   2.563229e-100 
La-128             1.318162e-99    1.000000e-99    1.061839e-99   2.563229e-100 
La-129             1.318162e-99    1.000000e-99    1.061839e-99   2.563229e-100 
La-130             1.318162e-99    1.000000e-99    1.061839e-99   2.563229e-100 
La-131             1.318162e-99    1.000000e-99    1.061839e-99   2.563229e-100 
La-132             1.318162e-99    1.000000e-99    1.061839e-99   2.563229e-100 
La-133             1.318162e-99    1.000000e-99    1.061839e-99   2.563229e-100 
La-134             1.318162e-99    1.000000e-99    1.061839e-99   2.563229e-100 
La-135             1.318162e-99    1.000000e-99    1.061839e-99   2.563229e-100 
La-136             1.318162e-99    1.000000e-99    1.061839e-99   2.563229e-100 
La-137             4.423448e-19    1.000000e-99    3.470168e-19    9.532799e-20 
La-138             2.037109e-14    1.605515e-14    1.642034e-14    3.950750e-15 
La-139             2.745578e-10    1.791828e-11    2.146220e-10    5.993582e-11 
La-140             9.817534e-23    1.000000e-99    7.893253e-23    1.924281e-23 
La-141             1.216278e-37    1.000000e-99    9.779028e-38    2.383754e-38 
La-142             1.318162e-99    1.000000e-99    1.061839e-99   2.563229e-100 
La-143             1.318162e-99    1.000000e-99    1.061839e-99   2.563229e-100 
Ce-130             1.318162e-99    1.000000e-99    1.061839e-99   2.563229e-100 
Ce-131             1.318162e-99    1.000000e-99    1.061839e-99   2.563229e-100 
Ce-132             1.318162e-99    1.000000e-99    1.061839e-99   2.563229e-100 
Ce-133             1.318162e-99    1.000000e-99    1.061839e-99   2.563229e-100 
Ce-134             1.318162e-99    1.000000e-99    1.061839e-99   2.563229e-100 
Ce-135             1.318162e-99    1.000000e-99    1.061839e-99   2.563229e-100 
Ce-136             1.073925e-13    8.389287e-14    8.656375e-14    2.082873e-14 
Ce-137             2.365032e-26    1.000000e-99    1.901515e-26    4.635170e-27 
Ce-138             1.474330e-13    1.148751e-13    1.188328e-13    2.860023e-14 
Ce-139             1.461188e-22    1.000000e-99    1.174558e-22    2.866298e-23 
Ce-140             9.407525e-10    4.106711e-11    7.347194e-10    2.060331e-10 
Ce-141             7.883058e-21    1.000000e-99    6.309006e-21    1.574053e-21 
Ce-142             1.985353e-11    5.233978e-12    1.571194e-11    4.141596e-12 
Ce-143             1.136935e-23    1.000000e-99    9.141030e-24    2.228316e-24 
Ce-144             1.010637e-27    1.000000e-99    8.125648e-28    1.980723e-28 
Ce-145             1.318162e-99    1.000000e-99    1.061839e-99   2.563229e-100 
Ce-146             1.318162e-99    1.000000e-99    1.061839e-99   2.563229e-100 
Pr-133             1.318162e-99    1.000000e-99    1.061839e-99   2.563229e-100 
Pr-134             1.318162e-99    1.000000e-99    1.061839e-99   2.563229e-100 
Pr-135             1.318162e-99    1.000000e-99    1.061839e-99   2.563229e-100 
Pr-136             1.318162e-99    1.000000e-99    1.061839e-99   2.563229e-100 
Pr-137             1.318162e-99    1.000000e-99    1.061839e-99   2.563229e-100 
Pr-138             1.318162e-99    1.000000e-99    1.061839e-99   2.563229e-100 
Pr-139             1.318162e-99    1.000000e-99    1.061839e-99   2.563229e-100 
Pr-140             1.318162e-99    1.000000e-99    1.061839e-99   2.563229e-100 
Pr-141             9.054011e-11    6.916594e-12    7.081445e-11    1.972566e-11 
Pr-142             4.340630e-23    1.000000e-99    3.489879e-23    8.507506e-24 
Pr-143             3.130864e-22    1.000000e-99    2.512983e-22    6.178802e-23 
Pr-144             1.766406e-31    1.000000e-99    1.420213e-31    3.461937e-32 
Pr-145             1.034366e-83    1.000000e-99    7.368540e-84    2.975125e-84 
Pr-146             1.318162e-99    1.000000e-99    1.061839e-99   2.563229e-100 
Pr-147             1.318162e-99    1.000000e-99    1.061839e-99   2.563229e-100 
Pr-148             1.318162e-99    1.000000e-99    1.061839e-99   2.563229e-100 
Pr-149             1.318162e-99    1.000000e-99    1.061839e-99   2.563229e-100 
Nd-134             1.318162e-99    1.000000e-99    1.061839e-99   2.563229e-100 
Nd-135             1.318162e-99    1.000000e-99    1.061839e-99   2.563229e-100 
Nd-136             1.318162e-99    1.000000e-99    1.061839e-99   2.563229e-100 
Nd-137             1.318162e-99    1.000000e-99    1.061839e-99   2.563229e-100 
Nd-138             1.318162e-99    1.000000e-99    1.061839e-99   2.563229e-100 
Nd-139             1.318162e-99    1.000000e-99    1.061839e-99   2.563229e-100 
Nd-140             1.318162e-99    1.000000e-99    1.061839e-99   2.563229e-100 
Nd-141             1.026883e-58    1.000000e-99    8.256270e-59    2.012564e-59 
Nd-142             2.514763e-10    9.928675e-12    1.963432e-10    5.513315e-11 
Nd-143             4.093721e-11    4.487588e-12    3.206083e-11    8.876389e-12 
Nd-144             1.231332e-10    8.834047e-12    9.629494e-11    2.683826e-11 
Nd-145             2.447437e-11    3.098270e-12    1.918451e-11    5.289852e-12 
Nd-146             1.149315e-10    6.453515e-12    8.982828e-11    2.510326e-11 
Nd-147             9.443876e-22    1.000000e-99    7.569362e-22    1.874514e-22 
Nd-148             1.061151e-11    2.186990e-12    8.350983e-12    2.260529e-12 
Nd-149             2.163846e-26    1.000000e-99    1.739747e-26    4.240989e-27 
Nd-150             2.820594e-12    2.170205e-12    2.272496e-12    5.480974e-13 
Nd-151             1.866774e-29    1.000000e-99    1.500904e-29    3.658706e-30 
Nd-152             1.161893e-60    1.000000e-99    9.341765e-61    2.277166e-61 
Pm-137             1.318162e-99    1.000000e-99    1.061839e-99   2.563229e-100 
Pm-138             1.318162e-99    1.000000e-99    1.061839e-99   2.563229e-100 
Pm-139             1.318162e-99    1.000000e-99    1.061839e-99   2.563229e-100 
Pm-140             1.318162e-99    1.000000e-99    1.061839e-99   2.563229e-100 
Pm-141             1.318162e-99    1.000000e-99    1.061839e-99   2.563229e-100 
Pm-142             1.318162e-99    1.000000e-99    1.061839e-99   2.563229e-100 
Pm-143             1.318162e-99    1.000000e-99    1.061839e-99   2.563229e-100 
Pm-144             1.318162e-99    1.000000e-99    1.061839e-99   2.563229e-100 
Pm-145             1.002293e-19    1.000000e-99    7.918249e-20    2.104681e-20 
Pm-146             1.199050e-25    1.000000e-99    9.633655e-26    2.356850e-26 
Pm-147             4.497019e-19    1.000000e-99    3.591994e-19    9.050247e-20 
Pm-148             1.516689e-26    1.000000e-99    1.219429e-26    2.972601e-27 
Pm-149             8.128428e-24    1.000000e-99    6.534411e-24    1.594017e-24 
Pm-150             4.528709e-40    1.000000e-99    3.641138e-40    8.875706e-41 
Pm-151             3.048335e-24    1.000000e-99    2.450893e-24    5.974422e-25 
Pm-152             2.531808e-58    1.000000e-99    2.035605e-58    4.962029e-59 
Pm-153             1.318162e-99    1.000000e-99    1.061839e-99   2.563229e-100 
Pm-154             1.318162e-99    1.000000e-99    1.061839e-99   2.563229e-100 
Sm-140             1.318162e-99    1.000000e-99    1.061839e-99   2.563229e-100 
Sm-141             1.318162e-99    1.000000e-99    1.061839e-99   2.563229e-100 
Sm-142             1.318162e-99    1.000000e-99    1.061839e-99   2.563229e-100 
Sm-143             1.318162e-99    1.000000e-99    1.061839e-99   2.563229e-100 
Sm-144             4.743381e-13    3.686844e-13    3.822969e-13    9.204118e-14 
Sm-145             1.121155e-21    1.000000e-99    9.011042e-22    2.200511e-22 
Sm-146             7.091275e-16    1.000000e-99    5.575167e-16    1.516108e-16 
Sm-147             1.421538e-11    1.836076e-12    1.114256e-11    3.072823e-12 
Sm-148             3.176321e-11    1.385876e-12    2.482236e-11    6.940848e-12 
Sm-149             7.021926e-12    1.715272e-12    5.533167e-12    1.488759e-12 
Sm-150             2.399617e-11    9.221409e-13    1.874184e-11    5.254337e-12 
Sm-151             1.978957e-13    1.000000e-99    1.540785e-13    4.381715e-14 
Sm-152             2.393324e-11    3.386198e-12    1.877154e-11    5.161699e-12 
Sm-153             6.553479e-23    1.000000e-99    5.268827e-23    1.284652e-23 
Sm-154             7.538919e-12    2.918862e-12    5.972148e-12    1.566771e-12 
Sm-155             1.490722e-28    1.000000e-99    1.198436e-28    2.922857e-29 
Sm-156             5.883322e-59    1.000000e-99    4.730264e-59    1.153058e-59 
Sm-157             1.318162e-99    1.000000e-99    1.061839e-99   2.563229e-100 
Sm-158             1.318162e-99    1.000000e-99    1.061839e-99   2.563229e-100 
Eu-143             1.318162e-99    1.000000e-99    1.061839e-99   2.563229e-100 
Eu-144             1.318162e-99    1.000000e-99    1.061839e-99   2.563229e-100 
Eu-145             1.318162e-99    1.000000e-99    1.061839e-99   2.563229e-100 
Eu-146             1.318162e-99    1.000000e-99    1.061839e-99   2.563229e-100 
Eu-147             1.318162e-99    1.000000e-99    1.061839e-99   2.563229e-100 
Eu-148             1.318162e-99    1.000000e-99    1.061839e-99   2.563229e-100 
Eu-149             1.318162e-99    1.000000e-99    1.061839e-99   2.563229e-100 
Eu-150             1.318162e-99    1.000000e-99    1.061839e-99   2.563229e-100 
Eu-151             5.676451e-12    2.037834e-12    4.494507e-12    1.181944e-12 
Eu-152             1.135478e-19    1.000000e-99    8.976065e-20    2.378711e-20 
Eu-153             6.601277e-12    2.253990e-12    5.222130e-12    1.379147e-12 
Eu-154             1.808676e-19    1.000000e-99    1.428721e-19    3.799540e-20 
Eu-155             5.219288e-20    1.000000e-99    4.174158e-20    1.045129e-20 
Eu-156             6.322122e-28    1.000000e-99    5.083065e-28    1.239057e-28 
Eu-157             2.712608e-82    1.000000e-99    1.932429e-82    7.801792e-83 
Eu-158             1.318162e-99    1.000000e-99    1.061839e-99   2.563229e-100 
Eu-159             1.318162e-99    1.000000e-99    1.061839e-99   2.563229e-100 
Gd-144             1.318162e-99    1.000000e-99    1.061839e-99   2.563229e-100 
Gd-145             1.318162e-99    1.000000e-99    1.061839e-99   2.563229e-100 
Gd-146             1.318162e-99    1.000000e-99    1.061839e-99   2.563229e-100 
Gd-147             1.318162e-99    1.000000e-99    1.061839e-99   2.563229e-100 
Gd-148             1.318162e-99    1.000000e-99    1.061839e-99   2.563229e-100 
Gd-149             1.318162e-99    1.000000e-99    1.061839e-99   2.563229e-100 
Gd-150             1.318162e-99    1.000000e-99    1.061839e-99   2.563229e-100 
Gd-151             1.318162e-99    1.000000e-99    1.061839e-99   2.563229e-100 
Gd-152             4.259647e-13    2.949842e-14    3.338337e-13    9.213105e-14 
Gd-153             4.358512e-20    1.000000e-99    3.498274e-20    8.602383e-21 
Gd-154             8.262899e-12    3.212400e-13    6.453341e-12    1.809558e-12 
Gd-155             6.808361e-12    2.194122e-12    5.380556e-12    1.427805e-12 
Gd-156             1.863960e-11    3.053791e-12    1.463451e-11    4.005093e-12 
Gd-157             9.639044e-12    2.350375e-12    7.593815e-12    2.045229e-12 
Gd-158             3.216014e-11    3.753092e-12    2.520421e-11    6.955926e-12 
Gd-159             3.970779e-23    1.000000e-99    3.192546e-23    7.782324e-24 
Gd-160             6.708365e-12    3.345899e-12    5.341347e-12    1.367017e-12 
Gd-161             2.532471e-30    1.000000e-99    2.035407e-30    4.970638e-31 
Gd-162             2.441794e-62    1.000000e-99    1.963233e-62    4.785613e-63 
Tb-147             1.318162e-99    1.000000e-99    1.061839e-99   2.563229e-100 
Tb-148             1.318162e-99    1.000000e-99    1.061839e-99   2.563229e-100 
Tb-149             1.318162e-99    1.000000e-99    1.061839e-99   2.563229e-100 
Tb-150             1.318162e-99    1.000000e-99    1.061839e-99   2.563229e-100 
Tb-151             1.318162e-99    1.000000e-99    1.061839e-99   2.563229e-100 
Tb-152             1.318162e-99    1.000000e-99    1.061839e-99   2.563229e-100 
Tb-153             1.318162e-99    1.000000e-99    1.061839e-99   2.563229e-100 
Tb-154             1.318162e-99    1.000000e-99    1.061839e-99   2.563229e-100 
Tb-155             1.318162e-99    1.000000e-99    1.061839e-99   2.563229e-100 
Tb-156             1.318162e-99    1.000000e-99    1.061839e-99   2.563229e-100 
Tb-157             8.764008e-16    1.000000e-99    6.852265e-16    1.911743e-16 
Tb-158             2.357552e-16    1.000000e-99    1.833486e-16    5.240661e-17 
Tb-159             9.503564e-12    2.767390e-12    7.503330e-12    2.000234e-12 
Tb-160             1.562222e-20    1.000000e-99    1.246516e-20    3.157057e-21 
Tb-161             2.958150e-23    1.000000e-99    2.375551e-23    5.825992e-24 
Tb-162             8.410243e-59    1.000000e-99    6.761940e-59    1.648303e-59 
Tb-163             1.318162e-99    1.000000e-99    1.061839e-99   2.563229e-100 
Tb-164             1.318162e-99    1.000000e-99    1.061839e-99   2.563229e-100 
Tb-165             1.318162e-99    1.000000e-99    1.061839e-99   2.563229e-100 
Dy-148             1.318162e-99    1.000000e-99    1.061839e-99   2.563229e-100 
Dy-149             1.318162e-99    1.000000e-99    1.061839e-99   2.563229e-100 
Dy-150             1.318162e-99    1.000000e-99    1.061839e-99   2.563229e-100 
Dy-151             1.318162e-99    1.000000e-99    1.061839e-99   2.563229e-100 
Dy-152             1.318162e-99    1.000000e-99    1.061839e-99   2.563229e-100 
Dy-153             1.318162e-99    1.000000e-99    1.061839e-99   2.563229e-100 
Dy-154             1.318162e-99    1.000000e-99    1.061839e-99   2.563229e-100 
Dy-155             1.318162e-99    1.000000e-99    1.061839e-99   2.563229e-100 
Dy-156             1.283905e-14    1.004583e-14    1.034922e-14    2.489825e-15 
Dy-157             2.988228e-27    1.000000e-99    2.402573e-27    5.856557e-28 
Dy-158             2.295592e-14    1.744221e-14    1.848852e-14    4.467396e-15 
Dy-159             6.483445e-22    1.000000e-99    5.211054e-22    1.272391e-22 
Dy-160             1.006993e-11    4.305356e-13    7.868481e-12    2.201450e-12 
Dy-161             9.271307e-12    3.500988e-12    7.346877e-12    1.924431e-12 
Dy-162             2.710771e-11    4.752243e-12    2.129915e-11    5.808562e-12 
Dy-163             9.670591e-12    4.667240e-12    7.691536e-12    1.979055e-12 
Dy-164             4.130398e-11    5.316332e-12    3.238579e-11    8.918184e-12 
Dy-165             6.062305e-25    1.000000e-99    4.874159e-25    1.188146e-25 
Dy-166             3.293094e-38    1.000000e-99    2.647687e-38    6.454061e-39 
Dy-167             1.318162e-99    1.000000e-99    1.061839e-99   2.563229e-100 
Dy-168             1.318162e-99    1.000000e-99    1.061839e-99   2.563229e-100 
Ho-153             1.318162e-99    1.000000e-99    1.061839e-99   2.563229e-100 
Ho-154             1.318162e-99    1.000000e-99    1.061839e-99   2.563229e-100 
Ho-155             1.318162e-99    1.000000e-99    1.061839e-99   2.563229e-100 
Ho-156             1.318162e-99    1.000000e-99    1.061839e-99   2.563229e-100 
Ho-157             1.318162e-99    1.000000e-99    1.061839e-99   2.563229e-100 
Ho-158             1.318162e-99    1.000000e-99    1.061839e-99   2.563229e-100 
Ho-159             1.318162e-99    1.000000e-99    1.061839e-99   2.563229e-100 
Ho-160             1.318162e-99    1.000000e-99    1.061839e-99   2.563229e-100 
Ho-161             1.318162e-99    1.000000e-99    1.061839e-99   2.563229e-100 
Ho-162             1.318162e-99    1.000000e-99    1.061839e-99   2.563229e-100 
Ho-163             2.590042e-12    1.000000e-99    2.024575e-12    5.654671e-13 
Ho-164             4.586362e-27    1.000000e-99    3.687305e-27    8.990577e-28 
Ho-165             1.506513e-11    4.247732e-12    1.189053e-11    3.174603e-12 
Ho-166             3.805357e-22    1.000000e-99    3.059458e-22    7.458983e-23 
Ho-167             4.611856e-32    1.000000e-99    3.707989e-32    9.038665e-33 
Ho-168             9.952616e-86    1.000000e-99    7.089984e-86    2.862632e-86 
Ho-169             1.318162e-99    1.000000e-99    1.061839e-99   2.563229e-100 
Er-154             1.318162e-99    1.000000e-99    1.061839e-99   2.563229e-100 
Er-155             1.318162e-99    1.000000e-99    1.061839e-99   2.563229e-100 
Er-156             1.318162e-99    1.000000e-99    1.061839e-99   2.563229e-100 
Er-157             1.318162e-99    1.000000e-99    1.061839e-99   2.563229e-100 
Er-158             1.318162e-99    1.000000e-99    1.061839e-99   2.563229e-100 
Er-159             1.318162e-99    1.000000e-99    1.061839e-99   2.563229e-100 
Er-160             1.318162e-99    1.000000e-99    1.061839e-99   2.563229e-100 
Er-161             1.318162e-99    1.000000e-99    1.061839e-99   2.563229e-100 
Er-162             2.058050e-14    1.610307e-14    1.658941e-14    3.991095e-15 
Er-163             6.593883e-29    1.000000e-99    5.301563e-29    1.292319e-29 
Er-164             4.826875e-12    1.914578e-13    3.771843e-12    1.055031e-12 
Er-165             1.204609e-23    1.000000e-99    9.685192e-24    2.360900e-24 
Er-166             2.139966e-11    4.048087e-12    1.682626e-11    4.573403e-12 
Er-167             1.078666e-11    2.778393e-12    8.503798e-12    2.282858e-12 
Er-168             3.532455e-11    3.265541e-12    2.764894e-11    7.675606e-12 
Er-169             9.934895e-22    1.000000e-99    7.972800e-22    1.962095e-22 
Er-170             9.429746e-12    1.841543e-12    7.407669e-12    2.022076e-12 
Er-171             6.833697e-25    1.000000e-99    5.494368e-25    1.339329e-25 
Er-172             3.969567e-41    1.000000e-99    3.191582e-41    7.779859e-42 
Er-173             1.318162e-99    1.000000e-99    1.061839e-99   2.563229e-100 
Er-174             1.318162e-99    1.000000e-99    1.061839e-99   2.563229e-100 
Er-175             1.318162e-99    1.000000e-99    1.061839e-99   2.563229e-100 
Tm-159             1.318162e-99    1.000000e-99    1.061839e-99   2.563229e-100 
Tm-160             1.318162e-99    1.000000e-99    1.061839e-99   2.563229e-100 
Tm-161             1.318162e-99    1.000000e-99    1.061839e-99   2.563229e-100 
Tm-162             1.318162e-99    1.000000e-99    1.061839e-99   2.563229e-100 
Tm-163             1.318162e-99    1.000000e-99    1.061839e-99   2.563229e-100 
Tm-164             1.318162e-99    1.000000e-99    1.061839e-99   2.563229e-100 
Tm-165             1.318162e-99    1.000000e-99    1.061839e-99   2.563229e-100 
Tm-166             1.318162e-99    1.000000e-99    1.061839e-99   2.563229e-100 
Tm-167             1.318162e-99    1.000000e-99    1.061839e-99   2.563229e-100 
Tm-168             1.318162e-99    1.000000e-99    1.061839e-99   2.563229e-100 
Tm-169             8.348162e-12    1.855923e-12    6.569567e-12    1.778595e-12 
Tm-170             8.708307e-20    1.000000e-99    6.979423e-20    1.728884e-20 
Tm-171             3.520169e-20    1.000000e-99    2.812683e-20    7.074856e-21 
Tm-172             4.210582e-28    1.000000e-99    3.385360e-28    8.252218e-29 
Tm-173             2.726920e-48    1.000000e-99    2.170309e-48    5.566110e-49 
Tm-174             1.318162e-99    1.000000e-99    1.061839e-99   2.563229e-100 
Tm-175             1.318162e-99    1.000000e-99    1.061839e-99   2.563229e-100 
Tm-176             1.318162e-99    1.000000e-99    1.061839e-99   2.563229e-100 
Yb-160             1.318162e-99    1.000000e-99    1.061839e-99   2.563229e-100 
Yb-161             1.318162e-99    1.000000e-99    1.061839e-99   2.563229e-100 
Yb-162             1.318162e-99    1.000000e-99    1.061839e-99   2.563229e-100 
Yb-163             1.318162e-99    1.000000e-99    1.061839e-99   2.563229e-100 
Yb-164             1.318162e-99    1.000000e-99    1.061839e-99   2.563229e-100 
Yb-165             1.318162e-99    1.000000e-99    1.061839e-99   2.563229e-100 
Yb-166             1.318162e-99    1.000000e-99    1.061839e-99   2.563229e-100 
Yb-167             1.318162e-99    1.000000e-99    1.061839e-99   2.563229e-100 
Yb-168             2.025283e-14    1.584623e-14    1.632527e-14    3.927556e-15 
Yb-169             3.331093e-25    1.000000e-99    2.677951e-25    6.531422e-26 
Yb-170             1.033789e-11    3.749693e-13    8.074517e-12    2.263373e-12 
Yb-171             1.346911e-11    1.771730e-12    1.055470e-11    2.914413e-12 
Yb-172             3.489667e-11    2.724303e-12    2.729738e-11    7.599284e-12 
Yb-173             1.766876e-11    2.024667e-12    1.384195e-11    3.826811e-12 
Yb-174             7.756724e-11    4.018455e-12    6.060251e-11    1.696473e-11 
Yb-175             1.964056e-22    1.000000e-99    1.578330e-22    3.857265e-23 
Yb-176             3.176476e-11    1.629433e-12    2.483782e-11    6.926948e-12 
Yb-177             1.498047e-25    1.000000e-99    1.204445e-25    2.936022e-26 
Yb-178             1.234187e-57    1.000000e-99    9.923021e-58    2.418854e-58 
Yb-179             1.318162e-99    1.000000e-99    1.061839e-99   2.563229e-100 
Yb-180             1.318162e-99    1.000000e-99    1.061839e-99   2.563229e-100 
Lu-165             1.318162e-99    1.000000e-99    1.061839e-99   2.563229e-100 
Lu-166             1.318162e-99    1.000000e-99    1.061839e-99   2.563229e-100 
Lu-167             1.318162e-99    1.000000e-99    1.061839e-99   2.563229e-100 
Lu-168             1.318162e-99    1.000000e-99    1.061839e-99   2.563229e-100 
Lu-169             1.318162e-99    1.000000e-99    1.061839e-99   2.563229e-100 
Lu-170             1.318162e-99    1.000000e-99    1.061839e-99   2.563229e-100 
Lu-171             1.318162e-99    1.000000e-99    1.061839e-99   2.563229e-100 
Lu-172             1.318162e-99    1.000000e-99    1.061839e-99   2.563229e-100 
Lu-173             1.318162e-99    1.000000e-99    1.061839e-99   2.563229e-100 
Lu-174             1.318162e-99    1.000000e-99    1.061839e-99   2.563229e-100 
Lu-175             1.227803e-11    1.829538e-12    9.631965e-12    2.646068e-12 
Lu-176             4.553078e-12    4.880658e-14    3.548362e-12    1.004716e-12 
Lu-177             3.096263e-22    1.000000e-99    2.483881e-22    6.123822e-23 
Lu-178             9.366505e-38    1.000000e-99    7.530787e-38    1.835719e-38 
Lu-179             4.178732e-85    1.000000e-99    2.976816e-85    1.201917e-85 
Lu-180             1.318162e-99    1.000000e-99    1.061839e-99   2.563229e-100 
Lu-181             1.318162e-99    1.000000e-99    1.061839e-99   2.563229e-100 
Lu-182             1.318162e-99    1.000000e-99    1.061839e-99   2.563229e-100 
Hf-166             1.318162e-99    1.000000e-99    1.061839e-99   2.563229e-100 
Hf-167             1.318162e-99    1.000000e-99    1.061839e-99   2.563229e-100 
Hf-168             1.318162e-99    1.000000e-99    1.061839e-99   2.563229e-100 
Hf-169             1.318162e-99    1.000000e-99    1.061839e-99   2.563229e-100 
Hf-170             1.318162e-99    1.000000e-99    1.061839e-99   2.563229e-100 
Hf-171             1.318162e-99    1.000000e-99    1.061839e-99   2.563229e-100 
Hf-172             1.318162e-99    1.000000e-99    1.061839e-99   2.563229e-100 
Hf-173             1.318162e-99    1.000000e-99    1.061839e-99   2.563229e-100 
Hf-174             1.575165e-14    1.232360e-14    1.269698e-14    3.054671e-15 
Hf-175             1.197865e-24    1.000000e-99    9.629552e-25    2.349102e-25 
Hf-176             3.837660e-12    4.039817e-13    3.007562e-12    8.300976e-13 
Hf-177             1.096432e-11    1.439118e-12    8.596042e-12    2.368281e-12 
Hf-178             4.386781e-11    2.123250e-12    3.427350e-11    9.594311e-12 
Hf-179             1.559009e-11    1.066063e-12    1.218975e-11    3.400343e-12 
Hf-180             8.352627e-11    2.760926e-12    6.520161e-11    1.832466e-11 
Hf-181             7.753328e-21    1.000000e-99    6.190228e-21    1.563099e-21 
Hf-182             2.530051e-12    1.000000e-99    1.980663e-12    5.493889e-13 
Hf-183             6.164458e-29    1.000000e-99    4.954206e-29    1.210252e-29 
Hf-184             1.315859e-80    1.000000e-99    9.373831e-81    3.784762e-81 
Hf-185             1.318162e-99    1.000000e-99    1.061839e-99   2.563229e-100 
Ta-169             1.318162e-99    1.000000e-99    1.061839e-99   2.563229e-100 
Ta-170             1.318162e-99    1.000000e-99    1.061839e-99   2.563229e-100 
Ta-171             1.318162e-99    1.000000e-99    1.061839e-99   2.563229e-100 
Ta-172             1.318162e-99    1.000000e-99    1.061839e-99   2.563229e-100 
Ta-173             1.318162e-99    1.000000e-99    1.061839e-99   2.563229e-100 
Ta-174             1.318162e-99    1.000000e-99    1.061839e-99   2.563229e-100 
Ta-175             1.318162e-99    1.000000e-99    1.061839e-99   2.563229e-100 
Ta-176             1.318162e-99    1.000000e-99    1.061839e-99   2.563229e-100 
Ta-177             1.318162e-99    1.000000e-99    1.061839e-99   2.563229e-100 
Ta-178             1.318162e-99    1.000000e-99    1.061839e-99   2.563229e-100 
Ta-179             5.390898e-21    1.000000e-99    4.318002e-21    1.072896e-21 
Ta-180             3.189811e-16    2.431369e-16    2.568596e-16    6.212155e-17 
Ta-181             1.876640e-11    1.987460e-12    1.469339e-11    4.073011e-12 
Ta-182             3.509837e-19    1.000000e-99    2.780267e-19    7.295702e-20 
Ta-183             2.022341e-24    1.000000e-99    1.612024e-24    4.103176e-25 
Ta-184             3.780574e-64    1.000000e-99    3.039628e-64    7.409455e-65 
Ta-185             1.318162e-99    1.000000e-99    1.061839e-99   2.563229e-100 
Ta-186             1.318162e-99    1.000000e-99    1.061839e-99   2.563229e-100 
W-172              1.318162e-99    1.000000e-99    1.061839e-99   2.563229e-100 
W-173              1.318162e-99    1.000000e-99    1.061839e-99   2.563229e-100 
W-174              1.318162e-99    1.000000e-99    1.061839e-99   2.563229e-100 
W-175              1.318162e-99    1.000000e-99    1.061839e-99   2.563229e-100 
W-176              1.318162e-99    1.000000e-99    1.061839e-99   2.563229e-100 
W-177              1.318162e-99    1.000000e-99    1.061839e-99   2.563229e-100 
W-178              1.318162e-99    1.000000e-99    1.061839e-99   2.563229e-100 
W-179              1.318162e-99    1.000000e-99    1.061839e-99   2.563229e-100 
W-180              1.241122e-14    8.402384e-15    9.956218e-15    2.454998e-15 
W-181              9.717656e-24    1.000000e-99    7.779542e-24    1.938114e-24 
W-182              3.839679e-11    1.879169e-12    3.000120e-11    8.395586e-12 
W-183              2.309800e-11    1.020641e-12    1.803877e-11    5.059236e-12 
W-184              5.955161e-11    2.196903e-12    4.648710e-11    1.306450e-11 
W-185              3.993388e-20    1.000000e-99    3.195166e-20    7.982215e-21 
W-186              1.912386e-11    2.060157e-12    1.496996e-11    4.153895e-12 
W-187              7.674901e-24    1.000000e-99    6.170664e-24    1.504237e-24 
W-188              1.964939e-28    1.000000e-99    1.579836e-28    3.851037e-29 
W-189              1.318187e-99    1.000000e-99    1.061858e-99   2.563296e-100 
W-190              1.318162e-99    1.000000e-99    1.061839e-99   2.563229e-100 
Re-175             1.318162e-99    1.000000e-99    1.061839e-99   2.563229e-100 
Re-176             1.318162e-99    1.000000e-99    1.061839e-99   2.563229e-100 
Re-177             1.318162e-99    1.000000e-99    1.061839e-99   2.563229e-100 
Re-178             1.318162e-99    1.000000e-99    1.061839e-99   2.563229e-100 
Re-179             1.318162e-99    1.000000e-99    1.061839e-99   2.563229e-100 
Re-180             1.318162e-99    1.000000e-99    1.061839e-99   2.563229e-100 
Re-181             1.318162e-99    1.000000e-99    1.061839e-99   2.563229e-100 
Re-182             1.318162e-99    1.000000e-99    1.061839e-99   2.563229e-100 
Re-183             1.318162e-99    1.000000e-99    1.061839e-99   2.563229e-100 
Re-184             1.318162e-99    1.000000e-99    1.061839e-99   2.563229e-100 
Re-185             1.244998e-11    1.048801e-12    9.734932e-12    2.715051e-12 
Re-186             1.737585e-22    1.000000e-99    1.396269e-22    3.413165e-23 
Re-187             6.620850e-12    1.774610e-12    5.217785e-12    1.403065e-12 
Re-188             6.260889e-24    1.000000e-99    5.033809e-24    1.227080e-24 
Re-189             1.497806e-38    1.000000e-99    1.204243e-38    2.935633e-39 
Re-190             2.078336e-84    1.000000e-99    1.480549e-84    5.977865e-85 
Re-191             1.318162e-99    1.000000e-99    1.061839e-99   2.563229e-100 
Os-179             1.318162e-99    1.000000e-99    1.061839e-99   2.563229e-100 
Os-180             1.318162e-99    1.000000e-99    1.061839e-99   2.563229e-100 
Os-181             1.318162e-99    1.000000e-99    1.061839e-99   2.563229e-100 
Os-182             1.318162e-99    1.000000e-99    1.061839e-99   2.563229e-100 
Os-183             1.318162e-99    1.000000e-99    1.061839e-99   2.563229e-100 
Os-184             9.096653e-15    7.114694e-15    7.332529e-15    1.764124e-15 
Os-185             2.605508e-24    1.000000e-99    2.094508e-24    5.110000e-25 
Os-186             2.367997e-11    5.783407e-13    1.848414e-11    5.195834e-12 
Os-187             7.404402e-12    6.003667e-13    5.795103e-12    1.609300e-12 
Os-188             4.977845e-11    4.877998e-12    3.898677e-11    1.079168e-11 
Os-189             1.656706e-11    5.979000e-12    1.312023e-11    3.446827e-12 
Os-190             5.873783e-11    9.774740e-12    4.613510e-11    1.260273e-11 
Os-191             1.816226e-21    1.000000e-99    1.455362e-21    3.608644e-22 
Os-192             3.433232e-11    1.534082e-11    2.729191e-11    7.040410e-12 
Os-193             2.716635e-23    1.000000e-99    2.184193e-23    5.324420e-24 
Os-194             1.832421e-21    1.000000e-99    1.440014e-21    3.924070e-22 
Os-195             1.936063e-85    1.000000e-99    1.379200e-85    5.568629e-86 
Os-196             1.318162e-99    1.000000e-99    1.061839e-99   2.563229e-100 
Ir-181             1.318162e-99    1.000000e-99    1.061839e-99   2.563229e-100 
Ir-182             1.318162e-99    1.000000e-99    1.061839e-99   2.563229e-100 
Ir-183             1.318162e-99    1.000000e-99    1.061839e-99   2.563229e-100 
Ir-184             1.318162e-99    1.000000e-99    1.061839e-99   2.563229e-100 
Ir-185             1.318162e-99    1.000000e-99    1.061839e-99   2.563229e-100 
Ir-186             1.318162e-99    1.000000e-99    1.061839e-99   2.563229e-100 
Ir-187             1.318162e-99    1.000000e-99    1.061839e-99   2.563229e-100 
Ir-188             1.318162e-99    1.000000e-99    1.061839e-99   2.563229e-100 
Ir-189             1.318162e-99    1.000000e-99    1.061839e-99   2.563229e-100 
Ir-190             1.318162e-99    1.000000e-99    1.061839e-99   2.563229e-100 
Ir-191             2.547815e-11    1.358593e-11    2.032385e-11    5.154301e-12 
Ir-192             5.349150e-20    1.000000e-99    4.282799e-20    1.066351e-20 
Ir-193             3.949118e-11    2.310425e-11    3.157165e-11    7.919535e-12 
Ir-194             8.751039e-23    1.000000e-99    7.034717e-23    1.716322e-23 
Ir-195             3.369668e-35    1.000000e-99    2.709255e-35    6.604131e-36 
Ir-196             1.318162e-99    1.000000e-99    1.061839e-99   2.563229e-100 
Ir-197             1.318162e-99    1.000000e-99    1.061839e-99   2.563229e-100 
Pt-184             1.318162e-99    1.000000e-99    1.061839e-99   2.563229e-100 
Pt-185             1.318162e-99    1.000000e-99    1.061839e-99   2.563229e-100 
Pt-186             1.318162e-99    1.000000e-99    1.061839e-99   2.563229e-100 
Pt-187             1.318162e-99    1.000000e-99    1.061839e-99   2.563229e-100 
Pt-188             1.318162e-99    1.000000e-99    1.061839e-99   2.563229e-100 
Pt-189             1.318162e-99    1.000000e-99    1.061839e-99   2.563229e-100 
Pt-190             1.290812e-14    1.009369e-14    1.040480e-14    2.503324e-15 
Pt-191             3.535572e-26    1.000000e-99    2.842642e-26    6.929309e-27 
Pt-192             1.367044e-11    5.855278e-13    1.068770e-11    2.982735e-12 
Pt-193             7.567638e-14    1.000000e-99    5.897999e-14    1.669639e-14 
Pt-194             6.730424e-11    2.492036e-11    5.333265e-11    1.397159e-11 
Pt-195             4.770977e-11    2.570572e-11    3.807217e-11    9.637595e-12 
Pt-196             9.573797e-11    1.927734e-11    7.530396e-11    2.043401e-11 
Pt-197             1.167791e-22    1.000000e-99    9.389165e-23    2.288746e-23 
Pt-198             9.026234e-12    5.526664e-12    7.224839e-12    1.801395e-12 
Pt-199             7.006355e-28    1.000000e-99    5.633151e-28    1.373204e-28 
Pt-200             9.017552e-59    1.000000e-99    7.250224e-59    1.767328e-59 
Pt-201             1.318162e-99    1.000000e-99    1.061839e-99   2.563229e-100 
Pt-202             1.318162e-99    1.000000e-99    1.061839e-99   2.563229e-100 
Au-185             1.318162e-99    1.000000e-99    1.061839e-99   2.563229e-100 
Au-186             1.318162e-99    1.000000e-99    1.061839e-99   2.563229e-100 
Au-187             1.318162e-99    1.000000e-99    1.061839e-99   2.563229e-100 
Au-188             1.318162e-99    1.000000e-99    1.061839e-99   2.563229e-100 
Au-189             1.318162e-99    1.000000e-99    1.061839e-99   2.563229e-100 
Au-190             1.318162e-99    1.000000e-99    1.061839e-99   2.563229e-100 
Au-191             1.318162e-99    1.000000e-99    1.061839e-99   2.563229e-100 
Au-192             1.318162e-99    1.000000e-99    1.061839e-99   2.563229e-100 
Au-193             1.318162e-99    1.000000e-99    1.061839e-99   2.563229e-100 
Au-194             1.318162e-99    1.000000e-99    1.061839e-99   2.563229e-100 
Au-195             1.410052e-25    1.000000e-99    1.132718e-25    2.773342e-26 
Au-196             6.484378e-76    1.000000e-99    4.619310e-76    1.865069e-76 
Au-197             3.533502e-11    1.084275e-11    2.791423e-11    7.420796e-12 
Au-198             4.915328e-22    1.000000e-99    3.951736e-22    9.635922e-23 
Au-199             1.618351e-23    1.000000e-99    1.301095e-23    3.172563e-24 
Au-200             4.364910e-57    1.000000e-99    3.509442e-57    8.554681e-58 
Au-201             1.318162e-99    1.000000e-99    1.061839e-99   2.563229e-100 
Au-202             1.318162e-99    1.000000e-99    1.061839e-99   2.563229e-100 
Au-203             1.318162e-99    1.000000e-99    1.061839e-99   2.563229e-100 
Hg-189             1.318162e-99    1.000000e-99    1.061839e-99   2.563229e-100 
Hg-190             1.318162e-99    1.000000e-99    1.061839e-99   2.563229e-100 
Hg-191             1.318162e-99    1.000000e-99    1.061839e-99   2.563229e-100 
Hg-192             1.318162e-99    1.000000e-99    1.061839e-99   2.563229e-100 
Hg-193             1.318162e-99    1.000000e-99    1.061839e-99   2.563229e-100 
Hg-194             1.318162e-99    1.000000e-99    1.061839e-99   2.563229e-100 
Hg-195             1.318162e-99    1.000000e-99    1.061839e-99   2.563229e-100 
Hg-196             3.860572e-14    3.012089e-14    3.111732e-14    7.488400e-15 
Hg-197             8.454526e-26    1.000000e-99    6.797531e-26    1.656995e-26 
Hg-198             7.018297e-11    1.976726e-12    5.477232e-11    1.541066e-11 
Hg-199             3.493922e-11    3.362936e-12    2.734363e-11    7.595589e-12 
Hg-200             1.098979e-10    4.626366e-12    8.581252e-11    2.408537e-11 
Hg-201             4.801010e-11    2.653491e-12    3.750761e-11    1.050249e-11 
Hg-202             1.999529e-10    6.041684e-12    1.560850e-10    4.386796e-11 
Hg-203             3.469993e-22    1.000000e-99    2.781508e-22    6.884842e-23 
Hg-204             8.034992e-12    1.402633e-12    6.314881e-12    1.720110e-12 
Hg-205             1.766906e-30    1.000000e-99    1.420142e-30    3.467643e-31 
Hg-206             1.318162e-99    1.000000e-99    1.061839e-99   2.563229e-100 
Hg-207             1.318162e-99    1.000000e-99    1.061839e-99   2.563229e-100 
Hg-208             1.318162e-99    1.000000e-99    1.061839e-99   2.563229e-100 
Tl-192             1.318162e-99    1.000000e-99    1.061839e-99   2.563229e-100 
Tl-193             1.318162e-99    1.000000e-99    1.061839e-99   2.563229e-100 
Tl-194             1.318162e-99    1.000000e-99    1.061839e-99   2.563229e-100 
Tl-195             1.318162e-99    1.000000e-99    1.061839e-99   2.563229e-100 
Tl-196             1.318162e-99    1.000000e-99    1.061839e-99   2.563229e-100 
Tl-197             1.318162e-99    1.000000e-99    1.061839e-99   2.563229e-100 
Tl-198             1.318162e-99    1.000000e-99    1.061839e-99   2.563229e-100 
Tl-199             1.318162e-99    1.000000e-99    1.061839e-99   2.563229e-100 
Tl-200             1.318162e-99    1.000000e-99    1.061839e-99   2.563229e-100 
Tl-201             1.318162e-99    1.000000e-99    1.061839e-99   2.563229e-100 
Tl-202             1.318162e-99    1.000000e-99    1.061839e-99   2.563229e-100 
Tl-203             8.992896e-11    3.223624e-12    7.020360e-11    1.972536e-11 
Tl-204             9.492721e-19    1.000000e-99    7.590015e-19    1.902706e-19 
Tl-205             2.139725e-10    7.770846e-12    1.670974e-10    4.687518e-11 
Tl-206             2.105203e-29    1.000000e-99    1.689918e-29    4.152843e-30 
Tl-207             3.011429e-34    1.000000e-99    2.408737e-34    6.026920e-35 
Tl-208             1.318162e-99    1.000000e-99    1.061839e-99   2.563229e-100 
Tl-209             1.318162e-99    1.000000e-99    1.061839e-99   2.563229e-100 
Tl-210             1.318162e-99    1.000000e-99    1.061839e-99   2.563229e-100 
Pb-193             1.318162e-99    1.000000e-99    1.061839e-99   2.563229e-100 
Pb-194             1.318162e-99    1.000000e-99    1.061839e-99   2.563229e-100 
Pb-195             1.318162e-99    1.000000e-99    1.061839e-99   2.563229e-100 
Pb-196             1.318162e-99    1.000000e-99    1.061839e-99   2.563229e-100 
Pb-197             1.318162e-99    1.000000e-99    1.061839e-99   2.563229e-100 
Pb-198             1.318162e-99    1.000000e-99    1.061839e-99   2.563229e-100 
Pb-199             1.318162e-99    1.000000e-99    1.061839e-99   2.563229e-100 
Pb-200             1.318162e-99    1.000000e-99    1.061839e-99   2.563229e-100 
Pb-201             1.318162e-99    1.000000e-99    1.061839e-99   2.563229e-100 
Pb-202             1.318162e-99    1.000000e-99    1.061839e-99   2.563229e-100 
Pb-203             1.318162e-99    1.000000e-99    1.061839e-99   2.563229e-100 
Pb-204             1.192329e-10    2.933641e-12    9.298475e-11    2.624814e-11 
Pb-205             3.946919e-12    1.000000e-99    3.096428e-12    8.504906e-13 
Pb-208             7.957115e-08    8.857723e-11    6.233385e-08    1.723730e-08 
Pb-209             9.687906e-27    1.000000e-99    7.788823e-27    1.899083e-27 
Pb-210             3.062137e-18    1.000000e-99    2.409434e-18    6.527030e-19 
Pb-211             1.318162e-99    1.000000e-99    1.061839e-99   2.563229e-100 
Bi-202             1.318162e-99    1.000000e-99    1.061839e-99   2.563229e-100 
Bi-203             1.318162e-99    1.000000e-99    1.061839e-99   2.563229e-100 
Bi-204             1.318162e-99    1.000000e-99    1.061839e-99   2.563229e-100 
Bi-205             1.318162e-99    1.000000e-99    1.061839e-99   2.563229e-100 
Bi-206             1.318162e-99    1.000000e-99    1.061839e-99   2.563229e-100 
Bi-207             1.318162e-99    1.000000e-99    1.061839e-99   2.563229e-100 
Bi-208             1.318162e-99    1.000000e-99    1.061839e-99   2.563229e-100 
Bi-209             1.087272e-09    8.726086e-12    8.513632e-10    2.359090e-10 
Bi-210             3.722499e-10    1.000000e-99    2.915727e-10    8.067724e-11 
Al-26m1            3.643926e-19    1.000000e-99    2.912109e-19    7.318176e-20 
Kr-85m1            2.385487e-22    1.000000e-99    1.917960e-22    4.675266e-23 
Cd-115m1           2.120461e-23    1.000000e-99    1.704826e-23    4.156345e-24 
Lu-176m1           3.826304e-25    1.000000e-99    3.076385e-25    7.499183e-26 
Ta-180m1           8.399885e-30    1.000000e-99    6.753612e-30    1.646273e-30 
