# Battino yields
# Model: m3z2m2_hCBM
# Mini: 3.00
# Z: 2.00e-02
# Mfinal: 0.6478360286325447
# Mfinal (MESA): 0.7029053520111571
# Created by Daniel Boyea on 2024-12-10
isotope         wind_yield      initial_abundance wind_yield_mesaevo wind_yield_postmesa 
Neutron-1          2.352164e-99    1.000000e-99    2.297095e-99   5.506932e-101 
H-1                1.544776e+00    7.064434e-01    1.508902e+00    3.587358e-02 
H-2                5.952822e-06    1.370527e-05    5.824901e-06    1.279206e-07 
He-3               3.270661e-04    4.524566e-05    3.194422e-04    7.623907e-06 
He-4               7.126204e-01    2.734973e-01    6.958807e-01    1.673973e-02 
Be-7               6.053095e-16    7.557599e-17    5.911550e-16    1.415447e-17 
B-8                6.202905e-27    1.000000e-99    5.867357e-27    3.355476e-28 
Li-7               2.882482e-06    3.599641e-07    2.815079e-06    6.740353e-08 
C-11               2.569024e-26    1.000000e-99    2.480975e-26    8.804885e-28 
B-11               6.717525e-09    2.855891e-09    6.560253e-09    1.572720e-10 
C-12               3.623056e-02    3.424729e-03    3.523426e-02    9.963000e-04 
C-13               2.284104e-04    4.156115e-05    2.230900e-04    5.320394e-06 
N-13               2.352164e-99    1.000000e-99    2.297095e-99   5.506932e-101 
N-14               7.217185e-03    1.058808e-03    7.048810e-03    1.683751e-04 
C-14               5.875456e-13    1.000000e-99    5.702901e-13    1.725556e-14 
N-15               4.406939e-06    4.170720e-06    4.304988e-06    1.019505e-07 
O-16               3.378810e-02    9.624352e-03    3.292777e-02    8.603327e-04 
O-17               6.500696e-05    3.813070e-06    6.349007e-05    1.516884e-06 
O-18               3.477203e-05    2.171062e-05    3.396561e-05    8.064133e-07 
F-17               2.352164e-99    1.000000e-99    2.297095e-99   5.506932e-101 
F-18               2.352164e-99    1.000000e-99    2.297095e-99   5.506932e-101 
F-19               5.200376e-06    5.610951e-07    5.052444e-06    1.479320e-07 
Ne-20              4.309730e-03    1.817733e-03    4.208521e-03    1.012086e-04 
Ne-21              1.303341e-05    4.575277e-06    1.271508e-05    3.183281e-07 
Ne-22              2.987447e-03    1.470235e-04    2.900727e-03    8.671942e-05 
Na-22              1.977855e-24    1.000000e-99    1.915545e-24    6.230999e-26 
Na-23              1.568246e-04    3.999546e-05    1.529913e-04    3.833280e-06 
Mg-23              2.352164e-99    1.000000e-99    2.297095e-99   5.506932e-101 
Mg-24              1.399351e-03    5.862424e-04    1.366448e-03    3.290351e-05 
Mg-25              3.076491e-04    7.733092e-05    2.994723e-04    8.176859e-06 
Mg-26              4.789513e-04    8.848024e-05    4.655815e-04    1.336985e-05 
Al-26              1.925998e-10    1.000000e-99    1.875207e-10    5.079047e-12 
Al-27              1.571177e-04    6.481069e-05    1.534086e-04    3.709093e-06 
Si-27              2.352164e-99    1.000000e-99    2.297095e-99   5.506932e-101 
Si-28              1.751286e-03    7.452665e-04    1.710295e-03    4.099143e-05 
Si-29              9.402546e-05    3.919403e-05    9.181251e-05    2.212954e-06 
Si-30              6.947171e-05    2.672780e-05    6.780220e-05    1.669503e-06 
P-31               1.790307e-05    7.106317e-06    1.747555e-05    4.275206e-07 
S-31               2.352164e-99    1.000000e-99    2.297095e-99   5.506932e-101 
Be-8               2.352164e-99    1.000000e-99    2.297095e-99   5.506932e-101 
O-14               2.352164e-99    1.000000e-99    2.297095e-99   5.506932e-101 
O-15               2.352164e-99    1.000000e-99    2.297095e-99   5.506932e-101 
Na-21              2.352164e-99    1.000000e-99    2.297095e-99   5.506932e-101 
Al-25              2.352164e-99    1.000000e-99    2.297095e-99   5.506932e-101 
P-29               2.352164e-99    1.000000e-99    2.297095e-99   5.506932e-101 
P-30               2.352164e-99    1.000000e-99    2.297095e-99   5.506932e-101 
Pb-206             2.571957e-08    2.797732e-09    2.502862e-08    6.909455e-10 
Pb-207             2.212233e-08    3.089652e-09    2.153159e-08    5.907458e-10 
Bi-211             2.352164e-99    1.000000e-99    2.297095e-99   5.506932e-101 
Po-210             2.352164e-99    1.000000e-99    2.297095e-99   5.506932e-101 
F-20               2.352164e-99    1.000000e-99    2.297095e-99   5.506932e-101 
Ne-19              2.352164e-99    1.000000e-99    2.297095e-99   5.506932e-101 
Na-24              2.352164e-99    1.000000e-99    2.297095e-99   5.506932e-101 
Mg-27              2.352164e-99    1.000000e-99    2.297095e-99   5.506932e-101 
Mg-28              2.352164e-99    1.000000e-99    2.297095e-99   5.506932e-101 
Al-28              2.352164e-99    1.000000e-99    2.297095e-99   5.506932e-101 
Al-29              2.352164e-99    1.000000e-99    2.297095e-99   5.506932e-101 
Si-31              2.352164e-99    1.000000e-99    2.297095e-99   5.506932e-101 
Si-32              2.216301e-17    1.000000e-99    2.143547e-17    7.275379e-19 
P-32               5.032085e-21    1.000000e-99    4.866898e-21    1.651866e-22 
P-33               2.352164e-99    1.000000e-99    2.297095e-99   5.506932e-101 
P-34               2.352164e-99    1.000000e-99    2.297095e-99   5.506932e-101 
P-35               2.352164e-99    1.000000e-99    2.297095e-99   5.506932e-101 
S-32               9.373014e-04    4.010872e-04    9.153958e-04    2.190564e-05 
S-33               8.084313e-06    3.264811e-06    7.893073e-06    1.912408e-07 
S-34               4.614525e-05    1.890425e-05    4.505452e-05    1.090732e-06 
S-35               2.352164e-99    1.000000e-99    2.297095e-99   5.506932e-101 
S-36               3.966353e-07    8.072988e-08    3.860691e-07    1.056618e-08 
S-37               2.352164e-99    1.000000e-99    2.297095e-99   5.506932e-101 
S-38               2.352164e-99    1.000000e-99    2.297095e-99   5.506932e-101 
Cl-34              2.352164e-99    1.000000e-99    2.297095e-99   5.506932e-101 
Cl-35              1.582923e-05    6.821093e-06    1.545988e-05    3.693540e-07 
Cl-36              3.148339e-08    1.000000e-99    3.059677e-08    8.866181e-10 
Cl-37              6.574732e-06    2.305792e-06    6.414341e-06    1.603911e-07 
Cl-38              2.352164e-99    1.000000e-99    2.297095e-99   5.506932e-101 
Cl-39              2.352164e-99    1.000000e-99    2.297095e-99   5.506932e-101 
Cl-40              2.352164e-99    1.000000e-99    2.297095e-99   5.506932e-101 
Ar-35              2.352164e-99    1.000000e-99    2.297095e-99   5.506932e-101 
Ar-36              1.902460e-04    8.202156e-05    1.858078e-04    4.438189e-06 
Ar-37              1.738310e-17    1.000000e-99    1.685132e-17    5.317736e-19 
Ar-38              3.815102e-05    1.574147e-05    3.725109e-05    8.999368e-07 
Ar-39              2.302095e-14    1.000000e-99    2.231884e-14    7.021136e-16 
Ar-40              1.292934e-07    2.650204e-08    1.257904e-07    3.503028e-09 
Ar-41              2.352164e-99    1.000000e-99    2.297095e-99   5.506932e-101 
Ar-42              1.208376e-21    1.000000e-99    1.166565e-21    4.181110e-23 
Ar-43              2.352164e-99    1.000000e-99    2.297095e-99   5.506932e-101 
Ar-44              2.352164e-99    1.000000e-99    2.297095e-99   5.506932e-101 
K-38               2.352164e-99    1.000000e-99    2.297095e-99   5.506932e-101 
K-39               9.320476e-06    3.899726e-06    9.101274e-06    2.192027e-07 
K-40               3.523303e-08    3.310922e-10    3.421787e-08    1.015153e-09 
K-41               8.170191e-07    2.958666e-07    7.972614e-07    1.975770e-08 
K-42               5.286137e-26    1.000000e-99    5.103196e-26    1.829408e-27 
K-43               2.352164e-99    1.000000e-99    2.297095e-99   5.506932e-101 
K-44               2.352164e-99    1.000000e-99    2.297095e-99   5.506932e-101 
K-45               2.352164e-99    1.000000e-99    2.297095e-99   5.506932e-101 
K-46               2.352164e-99    1.000000e-99    2.297095e-99   5.506932e-101 
Ca-39              2.352164e-99    1.000000e-99    2.297095e-99   5.506932e-101 
Ca-40              1.682148e-04    7.225225e-05    1.642871e-04    3.927783e-06 
Ca-41              2.738425e-09    1.000000e-99    2.661356e-09    7.706900e-11 
Ca-42              1.306211e-06    5.063333e-07    1.274968e-06    3.124243e-08 
Ca-43              2.825870e-07    1.081646e-07    2.758005e-07    6.786447e-09 
Ca-44              4.057707e-06    1.710212e-06    3.962445e-06    9.526179e-08 
Ca-45              2.352164e-99    1.000000e-99    2.297095e-99   5.506932e-101 
Ca-46              1.363884e-08    3.428473e-09    1.327382e-08    3.650126e-10 
Ca-47              2.352164e-99    1.000000e-99    2.297095e-99   5.506932e-101 
Ca-48              3.926156e-07    1.672498e-07    3.834286e-07    9.187078e-09 
Ca-49              2.352164e-99    1.000000e-99    2.297095e-99   5.506932e-101 
Sc-43              2.352164e-99    1.000000e-99    2.297095e-99   5.506932e-101 
Sc-44              2.352164e-99    1.000000e-99    2.297095e-99   5.506932e-101 
Sc-45              1.505957e-07    5.413715e-08    1.469257e-07    3.670026e-09 
Sc-46              2.352164e-99    1.000000e-99    2.297095e-99   5.506932e-101 
Sc-47              2.352164e-99    1.000000e-99    2.297095e-99   5.506932e-101 
Sc-48              2.352164e-99    1.000000e-99    2.297095e-99   5.506932e-101 
Sc-49              2.352164e-99    1.000000e-99    2.297095e-99   5.506932e-101 
Sc-50              2.352164e-99    1.000000e-99    2.297095e-99   5.506932e-101 
Ti-44              1.699857e-27    1.000000e-99    1.630671e-27    6.918563e-29 
Ti-45              2.352164e-99    1.000000e-99    2.297095e-99   5.506932e-101 
Ti-46              7.719686e-07    3.231782e-07    7.538213e-07    1.814731e-08 
Ti-47              6.930755e-07    2.976998e-07    6.768782e-07    1.619736e-08 
Ti-48              6.932662e-06    3.013765e-06    6.771199e-06    1.614634e-07 
Ti-49              6.232599e-07    2.257335e-07    6.082031e-07    1.505678e-08 
Ti-50              6.695072e-07    2.208013e-07    6.529425e-07    1.656468e-08 
Ti-51              2.352164e-99    1.000000e-99    2.297095e-99   5.506932e-101 
Ti-52              2.352164e-99    1.000000e-99    2.297095e-99   5.506932e-101 
V-47               2.352164e-99    1.000000e-99    2.297095e-99   5.506932e-101 
V-48               2.352164e-99    1.000000e-99    2.297095e-99   5.506932e-101 
V-49               1.954173e-24    1.000000e-99    1.896207e-24    5.796544e-26 
V-50               2.319330e-09    1.015480e-09    2.265401e-09    5.392842e-11 
V-51               9.666554e-07    4.137779e-07    9.440662e-07    2.258918e-08 
V-52               2.352164e-99    1.000000e-99    2.297095e-99   5.506932e-101 
V-53               2.352164e-99    1.000000e-99    2.297095e-99   5.506932e-101 
Cr-48              2.352164e-99    1.000000e-99    2.297095e-99   5.506932e-101 
Cr-49              2.352164e-99    1.000000e-99    2.297095e-99   5.506932e-101 
Cr-50              1.887546e-06    8.265377e-07    1.843658e-06    4.388778e-08 
Cr-51              4.894225e-19    1.000000e-99    4.742149e-19    1.520760e-20 
Cr-52              3.858001e-05    1.657585e-05    3.767928e-05    9.007316e-07 
Cr-53              4.471165e-06    1.915622e-06    4.366699e-06    1.044661e-07 
Cr-54              1.528167e-06    4.857946e-07    1.490188e-06    3.797865e-08 
Cr-55              2.352164e-99    1.000000e-99    2.297095e-99   5.506932e-101 
Cr-56              2.352164e-99    1.000000e-99    2.297095e-99   5.506932e-101 
Mn-51              2.352164e-99    1.000000e-99    2.297095e-99   5.506932e-101 
Mn-52              2.352164e-99    1.000000e-99    2.297095e-99   5.506932e-101 
Mn-53              1.110340e-17    1.000000e-99    1.077576e-17    3.276418e-19 
Mn-54              1.571917e-24    1.000000e-99    1.524910e-24    4.700750e-26 
Mn-55              2.616379e-05    1.098109e-05    2.555055e-05    6.132383e-07 
Mn-56              2.352164e-99    1.000000e-99    2.297095e-99   5.506932e-101 
Mn-57              2.352164e-99    1.000000e-99    2.297095e-99   5.506932e-101 
Fe-52              2.352164e-99    1.000000e-99    2.297095e-99   5.506932e-101 
Fe-53              2.352164e-99    1.000000e-99    2.297095e-99   5.506932e-101 
Fe-54              1.860368e-04    8.118227e-05    1.817082e-04    4.328599e-06 
Fe-55              1.091065e-12    1.000000e-99    1.060245e-12    3.082036e-14 
Fe-56              3.066900e-03    1.321588e-03    2.995349e-03    7.155063e-05 
Fe-57              8.364524e-05    3.106624e-05    8.163540e-05    2.009838e-06 
Fe-58              3.055400e-05    4.206879e-06    2.972150e-05    8.325033e-07 
Fe-59              2.352164e-99    1.000000e-99    2.297095e-99   5.506932e-101 
Fe-60              6.130143e-07    1.000000e-99    5.935176e-07    1.949675e-08 
Fe-61              2.352164e-99    1.000000e-99    2.297095e-99   5.506932e-101 
Co-55              2.352164e-99    1.000000e-99    2.297095e-99   5.506932e-101 
Co-56              2.352164e-99    1.000000e-99    2.297095e-99   5.506932e-101 
Co-57              2.349522e-23    1.000000e-99    2.279581e-23    6.994156e-25 
Co-58              2.352164e-99    1.000000e-99    2.297095e-99   5.506932e-101 
Co-59              1.426880e-05    3.991489e-06    1.390500e-05    3.637975e-07 
Co-60              4.578773e-22    1.000000e-99    4.401310e-22    1.774635e-23 
Co-61              2.352164e-99    1.000000e-99    2.297095e-99   5.506932e-101 
Co-62              2.352164e-99    1.000000e-99    2.297095e-99   5.506932e-101 
Co-63              2.352164e-99    1.000000e-99    2.297095e-99   5.506932e-101 
Ni-56              2.352164e-99    1.000000e-99    2.297095e-99   5.506932e-101 
Ni-57              2.352164e-99    1.000000e-99    2.297095e-99   5.506932e-101 
Ni-58              1.309031e-04    5.710980e-05    1.278573e-04    3.045837e-06 
Ni-59              3.868358e-07    1.000000e-99    3.760691e-07    1.076678e-08 
Ni-60              5.645174e-05    2.275717e-05    5.511198e-05    1.339762e-06 
Ni-61              4.170993e-06    1.005726e-06    4.062049e-06    1.089442e-07 
Ni-62              1.135309e-05    3.259262e-06    1.106150e-05    2.915903e-07 
Ni-63              4.468968e-14    1.000000e-99    4.327557e-14    1.414113e-15 
Ni-64              4.244521e-06    8.568133e-07    4.126242e-06    1.182791e-07 
Ni-65              2.352164e-99    1.000000e-99    2.297095e-99   5.506932e-101 
Ni-66              2.352164e-99    1.000000e-99    2.297095e-99   5.506932e-101 
Ni-67              2.352164e-99    1.000000e-99    2.297095e-99   5.506932e-101 
Ni-68              2.352164e-99    1.000000e-99    2.297095e-99   5.506932e-101 
Cu-60              2.352164e-99    1.000000e-99    2.297095e-99   5.506932e-101 
Cu-61              2.352164e-99    1.000000e-99    2.297095e-99   5.506932e-101 
Cu-62              2.352164e-99    1.000000e-99    2.297095e-99   5.506932e-101 
Cu-63              2.851217e-06    6.600340e-07    2.775134e-06    7.608282e-08 
Cu-64              2.352164e-99    1.000000e-99    2.297095e-99   5.506932e-101 
Cu-65              1.420661e-06    3.034684e-07    1.381528e-06    3.913302e-08 
Cu-66              2.352164e-99    1.000000e-99    2.297095e-99   5.506932e-101 
Cu-67              2.352164e-99    1.000000e-99    2.297095e-99   5.506932e-101 
Cu-68              2.352164e-99    1.000000e-99    2.297095e-99   5.506932e-101 
Cu-69              2.352164e-99    1.000000e-99    2.297095e-99   5.506932e-101 
Cu-70              2.352164e-99    1.000000e-99    2.297095e-99   5.506932e-101 
Cu-71              2.352164e-99    1.000000e-99    2.297095e-99   5.506932e-101 
Zn-62              2.352164e-99    1.000000e-99    2.297095e-99   5.506932e-101 
Zn-63              2.352164e-99    1.000000e-99    2.297095e-99   5.506932e-101 
Zn-64              2.873911e-06    1.130751e-06    2.805108e-06    6.880343e-08 
Zn-65              2.514667e-16    1.000000e-99    2.435191e-16    7.947523e-18 
Zn-66              2.125929e-06    6.690076e-07    2.071355e-06    5.457407e-08 
Zn-67              3.537224e-07    9.980253e-08    3.443980e-07    9.324449e-09 
Zn-68              1.629895e-06    4.632262e-07    1.586643e-06    4.325237e-08 
Zn-69              2.352164e-99    1.000000e-99    2.297095e-99   5.506932e-101 
Zn-70              3.693736e-08    1.576786e-08    3.607019e-08    8.671627e-10 
Zn-71              2.352164e-99    1.000000e-99    2.297095e-99   5.506932e-101 
Zn-72              2.352164e-99    1.000000e-99    2.297095e-99   5.506932e-101 
Zn-73              2.352164e-99    1.000000e-99    2.297095e-99   5.506932e-101 
Zn-74              2.352164e-99    1.000000e-99    2.297095e-99   5.506932e-101 
Ga-65              2.352164e-99    1.000000e-99    2.297095e-99   5.506932e-101 
Ga-66              2.352164e-99    1.000000e-99    2.297095e-99   5.506932e-101 
Ga-67              2.352164e-99    1.000000e-99    2.297095e-99   5.506932e-101 
Ga-68              2.352164e-99    1.000000e-99    2.297095e-99   5.506932e-101 
Ga-69              1.805128e-07    4.550546e-08    1.755925e-07    4.920370e-09 
Ga-70              2.352164e-99    1.000000e-99    2.297095e-99   5.506932e-101 
Ga-71              1.193646e-07    3.107622e-08    1.161396e-07    3.225022e-09 
Ga-72              2.352164e-99    1.000000e-99    2.297095e-99   5.506932e-101 
Ga-73              2.352164e-99    1.000000e-99    2.297095e-99   5.506932e-101 
Ga-74              2.352164e-99    1.000000e-99    2.297095e-99   5.506932e-101 
Ga-75              2.352164e-99    1.000000e-99    2.297095e-99   5.506932e-101 
Ge-66              2.352164e-99    1.000000e-99    2.297095e-99   5.506932e-101 
Ge-67              2.352164e-99    1.000000e-99    2.297095e-99   5.506932e-101 
Ge-68              2.352164e-99    1.000000e-99    2.297095e-99   5.506932e-101 
Ge-69              2.352164e-99    1.000000e-99    2.297095e-99   5.506932e-101 
Ge-70              2.243683e-07    5.157185e-08    2.181373e-07    6.231022e-09 
Ge-71              2.352164e-99    1.000000e-99    2.297095e-99   5.506932e-101 
Ge-72              2.584747e-07    6.910333e-08    2.515033e-07    6.971401e-09 
Ge-73              7.368114e-08    1.954584e-08    7.168921e-08    1.991930e-09 
Ge-74              3.595181e-07    9.228454e-08    3.497405e-07    9.777608e-09 
Ge-75              2.352164e-99    1.000000e-99    2.297095e-99   5.506932e-101 
Ge-76              4.578047e-08    1.962921e-08    4.470728e-08    1.073188e-09 
Ge-77              2.352164e-99    1.000000e-99    2.297095e-99   5.506932e-101 
Ge-78              2.352164e-99    1.000000e-99    2.297095e-99   5.506932e-101 
As-69              2.352164e-99    1.000000e-99    2.297095e-99   5.506932e-101 
As-70              2.352164e-99    1.000000e-99    2.297095e-99   5.506932e-101 
As-71              2.352164e-99    1.000000e-99    2.297095e-99   5.506932e-101 
As-72              2.352164e-99    1.000000e-99    2.297095e-99   5.506932e-101 
As-73              2.352164e-99    1.000000e-99    2.297095e-99   5.506932e-101 
As-74              2.352164e-99    1.000000e-99    2.297095e-99   5.506932e-101 
As-75              4.741769e-08    1.430027e-08    4.617424e-08    1.243450e-09 
As-76              2.352164e-99    1.000000e-99    2.297095e-99   5.506932e-101 
As-77              2.352164e-99    1.000000e-99    2.297095e-99   5.506932e-101 
As-78              2.352164e-99    1.000000e-99    2.297095e-99   5.506932e-101 
As-79              2.352164e-99    1.000000e-99    2.297095e-99   5.506932e-101 
As-80              2.352164e-99    1.000000e-99    2.297095e-99   5.506932e-101 
As-81              2.352164e-99    1.000000e-99    2.297095e-99   5.506932e-101 
Se-72              2.352164e-99    1.000000e-99    2.297095e-99   5.506932e-101 
Se-73              2.352164e-99    1.000000e-99    2.297095e-99   5.506932e-101 
Se-74              2.721216e-09    1.197888e-09    2.658002e-09    6.321405e-11 
Se-75              2.352164e-99    1.000000e-99    2.297095e-99   5.506932e-101 
Se-76              6.143167e-08    1.296136e-08    5.970262e-08    1.729046e-09 
Se-77              3.668882e-08    1.070490e-08    3.572021e-08    9.686082e-10 
Se-78              1.499768e-07    3.376317e-08    1.458227e-07    4.154111e-09 
Se-79              1.192460e-12    4.097865e-26    1.153924e-12    3.853634e-14 
Se-80              2.318918e-07    7.226298e-08    2.259124e-07    5.979422e-09 
Se-81              2.352164e-99    1.000000e-99    2.297095e-99   5.506932e-101 
Se-82              3.030316e-08    1.303649e-08    2.959549e-08    7.076603e-10 
Se-83              2.352164e-99    1.000000e-99    2.297095e-99   5.506932e-101 
Se-84              2.352164e-99    1.000000e-99    2.297095e-99   5.506932e-101 
Br-74              2.352164e-99    1.000000e-99    2.297095e-99   5.506932e-101 
Br-75              2.352164e-99    1.000000e-99    2.297095e-99   5.506932e-101 
Br-76              2.352164e-99    1.000000e-99    2.297095e-99   5.506932e-101 
Br-77              2.352164e-99    1.000000e-99    2.297095e-99   5.506932e-101 
Br-78              2.352164e-99    1.000000e-99    2.297095e-99   5.506932e-101 
Br-79              4.658063e-08    1.389306e-08    4.536093e-08    1.219707e-09 
Br-80              2.352164e-99    1.000000e-99    2.297095e-99   5.506932e-101 
Br-81              4.385143e-08    1.385920e-08    4.272761e-08    1.123817e-09 
Br-82              2.352164e-99    1.000000e-99    2.297095e-99   5.506932e-101 
Br-83              2.352164e-99    1.000000e-99    2.297095e-99   5.506932e-101 
Br-84              2.352164e-99    1.000000e-99    2.297095e-99   5.506932e-101 
Br-85              2.352164e-99    1.000000e-99    2.297095e-99   5.506932e-101 
Br-86              2.352164e-99    1.000000e-99    2.297095e-99   5.506932e-101 
Br-87              2.352164e-99    1.000000e-99    2.297095e-99   5.506932e-101 
Kr-76              2.352164e-99    1.000000e-99    2.297095e-99   5.506932e-101 
Kr-77              2.352164e-99    1.000000e-99    2.297095e-99   5.506932e-101 
Kr-78              8.859338e-10    3.900193e-10    8.653537e-10    2.058014e-11 
Kr-79              2.352164e-99    1.000000e-99    2.297095e-99   5.506932e-101 
Kr-80              7.384970e-09    2.574713e-09    7.201158e-09    1.838121e-10 
Kr-81              2.290094e-13    1.000000e-99    2.221114e-13    6.897990e-15 
Kr-82              6.332981e-08    1.319540e-08    6.159592e-08    1.733889e-09 
Kr-83              4.238361e-08    1.324168e-08    4.130320e-08    1.080408e-09 
Kr-84              2.318446e-07    6.601984e-08    2.258414e-07    6.003286e-09 
Kr-85              2.755268e-20    1.000000e-99    2.653827e-20    1.014413e-21 
Kr-86              8.767896e-08    2.044383e-08    8.532834e-08    2.350616e-09 
Kr-87              2.352164e-99    1.000000e-99    2.297095e-99   5.506932e-101 
Kr-88              2.352164e-99    1.000000e-99    2.297095e-99   5.506932e-101 
Kr-89              2.352164e-99    1.000000e-99    2.297095e-99   5.506932e-101 
Kr-90              2.352164e-99    1.000000e-99    2.297095e-99   5.506932e-101 
Rb-79              2.352164e-99    1.000000e-99    2.297095e-99   5.506932e-101 
Rb-80              2.352164e-99    1.000000e-99    2.297095e-99   5.506932e-101 
Rb-81              2.352164e-99    1.000000e-99    2.297095e-99   5.506932e-101 
Rb-82              2.352164e-99    1.000000e-99    2.297095e-99   5.506932e-101 
Rb-83              2.352164e-99    1.000000e-99    2.297095e-99   5.506932e-101 
Rb-84              2.352164e-99    1.000000e-99    2.297095e-99   5.506932e-101 
Rb-85              5.120653e-08    1.282422e-08    4.984217e-08    1.364362e-09 
Rb-86              2.352164e-99    1.000000e-99    2.297095e-99   5.506932e-101 
Rb-87              3.081784e-08    4.989853e-09    2.994156e-08    8.762770e-10 
Rb-88              2.352164e-99    1.000000e-99    2.297095e-99   5.506932e-101 
Rb-89              2.352164e-99    1.000000e-99    2.297095e-99   5.506932e-101 
Rb-90              2.352164e-99    1.000000e-99    2.297095e-99   5.506932e-101 
Rb-91              2.352164e-99    1.000000e-99    2.297095e-99   5.506932e-101 
Sr-80              2.352164e-99    1.000000e-99    2.297095e-99   5.506932e-101 
Sr-81              2.352164e-99    1.000000e-99    2.297095e-99   5.506932e-101 
Sr-82              2.352164e-99    1.000000e-99    2.297095e-99   5.506932e-101 
Sr-83              2.352164e-99    1.000000e-99    2.297095e-99   5.506932e-101 
Sr-84              7.331612e-10    3.227999e-10    7.161301e-10    1.703106e-11 
Sr-85              2.352164e-99    1.000000e-99    2.297095e-99   5.506932e-101 
Sr-86              3.697146e-08    5.844553e-09    3.596153e-08    1.009929e-09 
Sr-87              2.585159e-08    4.516023e-09    2.515674e-08    6.948566e-10 
Sr-88              4.011378e-07    5.010796e-08    3.903129e-07    1.082490e-08 
Sr-89              2.352164e-99    1.000000e-99    2.297095e-99   5.506932e-101 
Sr-90              1.218330e-18    1.000000e-99    1.178724e-18    3.960600e-20 
Sr-91              2.352164e-99    1.000000e-99    2.297095e-99   5.506932e-101 
Sr-92              2.352164e-99    1.000000e-99    2.297095e-99   5.506932e-101 
Sr-93              2.352164e-99    1.000000e-99    2.297095e-99   5.506932e-101 
Sr-94              2.352164e-99    1.000000e-99    2.297095e-99   5.506932e-101 
Y-85               2.352164e-99    1.000000e-99    2.297095e-99   5.506932e-101 
Y-86               2.352164e-99    1.000000e-99    2.297095e-99   5.506932e-101 
Y-87               2.352164e-99    1.000000e-99    2.297095e-99   5.506932e-101 
Y-88               2.352164e-99    1.000000e-99    2.297095e-99   5.506932e-101 
Y-89               1.118902e-07    1.229343e-08    1.088504e-07    3.039746e-09 
Y-90               3.099408e-22    1.000000e-99    2.998651e-22    1.007569e-23 
Y-91               2.352164e-99    1.000000e-99    2.297095e-99   5.506932e-101 
Y-92               2.352164e-99    1.000000e-99    2.297095e-99   5.506932e-101 
Y-93               2.352164e-99    1.000000e-99    2.297095e-99   5.506932e-101 
Y-94               2.352164e-99    1.000000e-99    2.297095e-99   5.506932e-101 
Y-95               2.352164e-99    1.000000e-99    2.297095e-99   5.506932e-101 
Y-96               2.352164e-99    1.000000e-99    2.297095e-99   5.506932e-101 
Zr-86              2.352164e-99    1.000000e-99    2.297095e-99   5.506932e-101 
Zr-87              2.352164e-99    1.000000e-99    2.297095e-99   5.506932e-101 
Zr-88              2.352164e-99    1.000000e-99    2.297095e-99   5.506932e-101 
Zr-89              2.352164e-99    1.000000e-99    2.297095e-99   5.506932e-101 
Zr-90              1.169727e-07    1.534361e-08    1.138534e-07    3.119271e-09 
Zr-91              3.224635e-08    3.384023e-09    3.137255e-08    8.738078e-10 
Zr-92              5.171298e-08    5.226772e-09    5.030503e-08    1.407946e-09 
Zr-93              3.180045e-11    1.000000e-99    3.089556e-11    9.048941e-13 
Zr-94              6.183799e-08    5.413280e-09    6.015159e-08    1.686397e-09 
Zr-95              2.352164e-99    1.000000e-99    2.297095e-99   5.506932e-101 
Zr-96              6.949769e-09    8.903423e-10    6.751003e-09    1.987656e-10 
Zr-97              2.352164e-99    1.000000e-99    2.297095e-99   5.506932e-101 
Zr-98              2.352164e-99    1.000000e-99    2.297095e-99   5.506932e-101 
Nb-89              2.352164e-99    1.000000e-99    2.297095e-99   5.506932e-101 
Nb-90              2.352164e-99    1.000000e-99    2.297095e-99   5.506932e-101 
Nb-91              2.352164e-99    1.000000e-99    2.297095e-99   5.506932e-101 
Nb-92              2.352164e-99    1.000000e-99    2.297095e-99   5.506932e-101 
Nb-93              1.887157e-08    1.900054e-09    1.835716e-08    5.144102e-10 
Nb-94              3.300241e-18    1.000000e-99    3.212696e-18    8.754529e-20 
Nb-95              2.352164e-99    1.000000e-99    2.297095e-99   5.506932e-101 
Nb-96              2.352164e-99    1.000000e-99    2.297095e-99   5.506932e-101 
Nb-97              2.352164e-99    1.000000e-99    2.297095e-99   5.506932e-101 
Nb-98              2.352164e-99    1.000000e-99    2.297095e-99   5.506932e-101 
Nb-99              2.352164e-99    1.000000e-99    2.297095e-99   5.506932e-101 
Mo-90              2.352164e-99    1.000000e-99    2.297095e-99   5.506932e-101 
Mo-91              2.352164e-99    1.000000e-99    2.297095e-99   5.506932e-101 
Mo-92              2.307990e-09    1.012496e-09    2.254345e-09    5.364491e-11 
Mo-93              1.218862e-17    1.000000e-99    1.185873e-17    3.298831e-19 
Mo-94              1.558902e-09    6.447522e-10    1.522398e-09    3.650400e-11 
Mo-95              1.002891e-08    1.121895e-09    9.756212e-09    2.727005e-10 
Mo-96              1.518987e-08    1.187505e-09    1.477278e-08    4.170811e-10 
Mo-97              5.616778e-09    6.875272e-10    5.465390e-09    1.513877e-10 
Mo-98              1.758402e-08    1.754359e-09    1.710791e-08    4.761080e-10 
Mo-99              2.352164e-99    1.000000e-99    2.297095e-99   5.506932e-101 
Mo-100             2.709064e-09    7.146065e-10    2.639537e-09    6.952654e-11 
Mo-101             2.352164e-99    1.000000e-99    2.297095e-99   5.506932e-101 
Mo-102             2.352164e-99    1.000000e-99    2.297095e-99   5.506932e-101 
Tc-93              2.352164e-99    1.000000e-99    2.297095e-99   5.506932e-101 
Tc-94              2.352164e-99    1.000000e-99    2.297095e-99   5.506932e-101 
Tc-95              2.352164e-99    1.000000e-99    2.297095e-99   5.506932e-101 
Tc-96              2.352164e-99    1.000000e-99    2.297095e-99   5.506932e-101 
Tc-97              3.689477e-16    1.000000e-99    3.594831e-16    9.464623e-18 
Tc-98              2.349855e-15    1.000000e-99    2.290328e-15    5.952674e-17 
Tc-99              5.470591e-13    1.000000e-99    5.316280e-13    1.543116e-14 
Tc-100             2.352164e-99    1.000000e-99    2.297095e-99   5.506932e-101 
Tc-101             2.352164e-99    1.000000e-99    2.297095e-99   5.506932e-101 
Tc-102             2.352164e-99    1.000000e-99    2.297095e-99   5.506932e-101 
Tc-103             2.352164e-99    1.000000e-99    2.297095e-99   5.506932e-101 
Tc-104             2.352164e-99    1.000000e-99    2.297095e-99   5.506932e-101 
Tc-105             2.352164e-99    1.000000e-99    2.297095e-99   5.506932e-101 
Ru-94              2.352164e-99    1.000000e-99    2.297095e-99   5.506932e-101 
Ru-95              2.352164e-99    1.000000e-99    2.297095e-99   5.506932e-101 
Ru-96              6.647924e-10    2.925638e-10    6.493487e-10    1.544369e-11 
Ru-97              2.352164e-99    1.000000e-99    2.297095e-99   5.506932e-101 
Ru-98              2.296582e-10    1.007098e-10    2.243203e-10    5.337959e-12 
Ru-99              3.437036e-09    6.945400e-10    3.347939e-09    8.909694e-11 
Ru-100             7.900962e-09    6.927902e-10    7.686579e-09    2.143832e-10 
Ru-101             3.615398e-09    9.475089e-10    3.524148e-09    9.124992e-11 
Ru-102             1.325783e-08    1.769736e-09    1.290427e-08    3.535654e-10 
Ru-103             2.352164e-99    1.000000e-99    2.297095e-99   5.506932e-101 
Ru-104             3.237005e-09    1.064926e-09    3.157069e-09    7.993621e-11 
Ru-105             2.352164e-99    1.000000e-99    2.297095e-99   5.506932e-101 
Ru-106             2.352164e-99    1.000000e-99    2.297095e-99   5.506932e-101 
Rh-98              2.352164e-99    1.000000e-99    2.297095e-99   5.506932e-101 
Rh-99              2.352164e-99    1.000000e-99    2.297095e-99   5.506932e-101 
Rh-100             2.352164e-99    1.000000e-99    2.297095e-99   5.506932e-101 
Rh-101             2.352164e-99    1.000000e-99    2.297095e-99   5.506932e-101 
Rh-102             2.352164e-99    1.000000e-99    2.297095e-99   5.506932e-101 
Rh-103             4.051625e-09    1.054679e-09    3.949316e-09    1.023092e-10 
Rh-104             2.352164e-99    1.000000e-99    2.297095e-99   5.506932e-101 
Rh-105             2.352164e-99    1.000000e-99    2.297095e-99   5.506932e-101 
Rh-106             2.352164e-99    1.000000e-99    2.297095e-99   5.506932e-101 
Rh-107             2.352164e-99    1.000000e-99    2.297095e-99   5.506932e-101 
Rh-108             2.352164e-99    1.000000e-99    2.297095e-99   5.506932e-101 
Pd-99              2.352164e-99    1.000000e-99    2.297095e-99   5.506932e-101 
Pd-100             2.352164e-99    1.000000e-99    2.297095e-99   5.506932e-101 
Pd-101             2.352164e-99    1.000000e-99    2.297095e-99   5.506932e-101 
Pd-102             9.632680e-11    4.241146e-11    9.408916e-11    2.237635e-12 
Pd-103             2.352164e-99    1.000000e-99    2.297095e-99   5.506932e-101 
Pd-104             5.778292e-09    4.722820e-10    5.621127e-09    1.571656e-10 
Pd-105             3.478274e-09    9.557865e-10    3.390995e-09    8.727844e-11 
Pd-106             8.573797e-09    1.180942e-09    8.345608e-09    2.281885e-10 
Pd-107             1.046912e-11    1.000000e-99    1.017443e-11    2.946877e-13 
Pd-108             1.003981e-08    1.164921e-09    9.770528e-09    2.692797e-10 
Pd-109             2.352164e-99    1.000000e-99    2.297095e-99   5.506932e-101 
Pd-110             2.191543e-09    5.255369e-10    2.134899e-09    5.664469e-11 
Pd-111             2.352164e-99    1.000000e-99    2.297095e-99   5.506932e-101 
Pd-112             2.352164e-99    1.000000e-99    2.297095e-99   5.506932e-101 
Ag-101             2.352164e-99    1.000000e-99    2.297095e-99   5.506932e-101 
Ag-102             2.352164e-99    1.000000e-99    2.297095e-99   5.506932e-101 
Ag-103             2.352164e-99    1.000000e-99    2.297095e-99   5.506932e-101 
Ag-104             2.352164e-99    1.000000e-99    2.297095e-99   5.506932e-101 
Ag-105             2.352164e-99    1.000000e-99    2.297095e-99   5.506932e-101 
Ag-106             2.352164e-99    1.000000e-99    2.297095e-99   5.506932e-101 
Ag-107             2.923385e-09    7.840161e-10    2.849855e-09    7.353027e-11 
Ag-108             2.352164e-99    1.000000e-99    2.297095e-99   5.506932e-101 
Ag-109             3.830991e-09    7.419986e-10    3.731562e-09    9.942919e-11 
Ag-110             2.352164e-99    1.000000e-99    2.297095e-99   5.506932e-101 
Ag-111             2.352164e-99    1.000000e-99    2.297095e-99   5.506932e-101 
Ag-112             2.352164e-99    1.000000e-99    2.297095e-99   5.506932e-101 
Ag-113             2.352164e-99    1.000000e-99    2.297095e-99   5.506932e-101 
Cd-102             2.352164e-99    1.000000e-99    2.297095e-99   5.506932e-101 
Cd-103             2.352164e-99    1.000000e-99    2.297095e-99   5.506932e-101 
Cd-104             2.352164e-99    1.000000e-99    2.297095e-99   5.506932e-101 
Cd-105             2.352164e-99    1.000000e-99    2.297095e-99   5.506932e-101 
Cd-106             1.441474e-10    6.345981e-11    1.407988e-10    3.348521e-12 
Cd-107             2.352164e-99    1.000000e-99    2.297095e-99   5.506932e-101 
Cd-108             1.087338e-10    4.603590e-11    1.061964e-10    2.537379e-12 
Cd-109             2.352164e-99    1.000000e-99    2.297095e-99   5.506932e-101 
Cd-110             7.382863e-09    6.580184e-10    7.183198e-09    1.996648e-10 
Cd-111             3.675617e-09    6.804807e-10    3.579865e-09    9.575206e-11 
Cd-112             1.116807e-08    1.294369e-09    1.086877e-08    2.993011e-10 
Cd-113             3.904869e-09    6.613517e-10    3.802537e-09    1.023320e-10 
Cd-114             1.577552e-08    1.568640e-09    1.535018e-08    4.253398e-10 
Cd-115             2.352164e-99    1.000000e-99    2.297095e-99   5.506932e-101 
Cd-116             3.108686e-09    4.161239e-10    3.023123e-09    8.556278e-11 
Cd-117             2.352164e-99    1.000000e-99    2.297095e-99   5.506932e-101 
Cd-118             2.352164e-99    1.000000e-99    2.297095e-99   5.506932e-101 
In-106             2.352164e-99    1.000000e-99    2.297095e-99   5.506932e-101 
In-107             2.352164e-99    1.000000e-99    2.297095e-99   5.506932e-101 
In-108             2.352164e-99    1.000000e-99    2.297095e-99   5.506932e-101 
In-109             2.352164e-99    1.000000e-99    2.297095e-99   5.506932e-101 
In-110             2.352164e-99    1.000000e-99    2.297095e-99   5.506932e-101 
In-111             2.352164e-99    1.000000e-99    2.297095e-99   5.506932e-101 
In-112             2.352164e-99    1.000000e-99    2.297095e-99   5.506932e-101 
In-113             5.920010e-11    2.603856e-11    5.782473e-11    1.375368e-12 
In-114             2.352164e-99    1.000000e-99    2.297095e-99   5.506932e-101 
In-115             3.817182e-09    5.914887e-10    3.716528e-09    1.006538e-10 
In-116             2.352164e-99    1.000000e-99    2.297095e-99   5.506932e-101 
In-117             2.352164e-99    1.000000e-99    2.297095e-99   5.506932e-101 
In-118             2.352164e-99    1.000000e-99    2.297095e-99   5.506932e-101 
In-119             2.352164e-99    1.000000e-99    2.297095e-99   5.506932e-101 
Sn-108             2.352164e-99    1.000000e-99    2.297095e-99   5.506932e-101 
Sn-109             2.352164e-99    1.000000e-99    2.297095e-99   5.506932e-101 
Sn-110             2.352164e-99    1.000000e-99    2.297095e-99   5.506932e-101 
Sn-111             2.352164e-99    1.000000e-99    2.297095e-99   5.506932e-101 
Sn-112             2.774482e-10    1.221013e-10    2.710029e-10    6.445354e-12 
Sn-113             2.352164e-99    1.000000e-99    2.297095e-99   5.506932e-101 
Sn-114             1.927307e-10    8.434768e-11    1.882497e-10    4.480978e-12 
Sn-115             1.000335e-10    4.377132e-11    9.770757e-11    2.325940e-12 
Sn-116             1.943702e-08    1.893153e-09    1.891410e-08    5.229225e-10 
Sn-117             7.440045e-09    1.008332e-09    7.242213e-09    1.978316e-10 
Sn-118             3.251361e-08    3.209171e-09    3.163517e-08    8.784413e-10 
Sn-119             1.022246e-08    1.147018e-09    9.947780e-09    2.746759e-10 
Sn-120             4.959725e-08    4.391253e-09    4.824958e-08    1.347668e-09 
Sn-121             2.352164e-99    1.000000e-99    2.297095e-99   5.506932e-101 
Sn-122             6.638373e-09    6.340593e-10    6.449874e-09    1.884989e-10 
Sn-123             2.352164e-99    1.000000e-99    2.297095e-99   5.506932e-101 
Sn-124             1.911948e-09    8.059500e-10    1.866919e-09    4.502849e-11 
Sn-125             2.352164e-99    1.000000e-99    2.297095e-99   5.506932e-101 
Sn-126             1.166272e-17    1.000000e-99    1.127083e-17    3.918973e-19 
Sn-127             2.352164e-99    1.000000e-99    2.297095e-99   5.506932e-101 
Sn-128             2.352164e-99    1.000000e-99    2.297095e-99   5.506932e-101 
Sn-129             2.352164e-99    1.000000e-99    2.297095e-99   5.506932e-101 
Sn-130             2.352164e-99    1.000000e-99    2.297095e-99   5.506932e-101 
Sb-112             2.352164e-99    1.000000e-99    2.297095e-99   5.506932e-101 
Sb-113             2.352164e-99    1.000000e-99    2.297095e-99   5.506932e-101 
Sb-114             2.352164e-99    1.000000e-99    2.297095e-99   5.506932e-101 
Sb-115             2.352164e-99    1.000000e-99    2.297095e-99   5.506932e-101 
Sb-116             2.352164e-99    1.000000e-99    2.297095e-99   5.506932e-101 
Sb-117             2.352164e-99    1.000000e-99    2.297095e-99   5.506932e-101 
Sb-118             2.352164e-99    1.000000e-99    2.297095e-99   5.506932e-101 
Sb-119             2.352164e-99    1.000000e-99    2.297095e-99   5.506932e-101 
Sb-120             2.352164e-99    1.000000e-99    2.297095e-99   5.506932e-101 
Sb-121             4.624404e-09    6.317758e-10    4.501095e-09    1.233093e-10 
Sb-122             2.352164e-99    1.000000e-99    2.297095e-99   5.506932e-101 
Sb-123             1.914953e-09    4.802946e-10    1.865545e-09    4.940801e-11 
Sb-124             2.352164e-99    1.000000e-99    2.297095e-99   5.506932e-101 
Sb-125             2.352164e-99    1.000000e-99    2.297095e-99   5.506932e-101 
Sb-126             6.641061e-24    1.000000e-99    6.417904e-24    2.231566e-25 
Sb-127             2.352164e-99    1.000000e-99    2.297095e-99   5.506932e-101 
Sb-128             2.352164e-99    1.000000e-99    2.297095e-99   5.506932e-101 
Sb-129             2.352164e-99    1.000000e-99    2.297095e-99   5.506932e-101 
Sb-130             2.352164e-99    1.000000e-99    2.297095e-99   5.506932e-101 
Sb-131             2.352164e-99    1.000000e-99    2.297095e-99   5.506932e-101 
Sb-132             2.352164e-99    1.000000e-99    2.297095e-99   5.506932e-101 
Sb-133             2.352164e-99    1.000000e-99    2.297095e-99   5.506932e-101 
Te-114             2.352164e-99    1.000000e-99    2.297095e-99   5.506932e-101 
Te-115             2.352164e-99    1.000000e-99    2.297095e-99   5.506932e-101 
Te-116             2.352164e-99    1.000000e-99    2.297095e-99   5.506932e-101 
Te-117             2.352164e-99    1.000000e-99    2.297095e-99   5.506932e-101 
Te-118             2.352164e-99    1.000000e-99    2.297095e-99   5.506932e-101 
Te-119             2.352164e-99    1.000000e-99    2.297095e-99   5.506932e-101 
Te-120             3.697958e-11    1.628304e-11    3.612056e-11    8.590156e-13 
Te-121             2.352164e-99    1.000000e-99    2.297095e-99   5.506932e-101 
Te-122             5.731937e-09    4.488662e-10    5.575668e-09    1.562689e-10 
Te-123             1.958367e-09    1.578519e-10    1.905079e-09    5.328804e-11 
Te-124             1.145693e-08    8.440945e-10    1.114354e-08    3.133923e-10 
Te-125             6.007933e-09    1.261335e-09    5.852905e-09    1.550279e-10 
Te-126             2.577582e-08    3.375270e-09    2.508940e-08    6.864243e-10 
Te-127             2.352164e-99    1.000000e-99    2.297095e-99   5.506932e-101 
Te-128             1.541988e-08    5.732895e-09    1.504875e-08    3.711227e-10 
Te-129             2.352164e-99    1.000000e-99    2.297095e-99   5.506932e-101 
Te-130             1.436299e-08    6.210550e-09    1.402810e-08    3.348947e-10 
Te-131             2.352164e-99    1.000000e-99    2.297095e-99   5.506932e-101 
Te-132             2.352164e-99    1.000000e-99    2.297095e-99   5.506932e-101 
Te-133             2.352164e-99    1.000000e-99    2.297095e-99   5.506932e-101 
Te-134             2.352164e-99    1.000000e-99    2.297095e-99   5.506932e-101 
I-117              2.352164e-99    1.000000e-99    2.297095e-99   5.506932e-101 
I-118              2.352164e-99    1.000000e-99    2.297095e-99   5.506932e-101 
I-119              2.352164e-99    1.000000e-99    2.297095e-99   5.506932e-101 
I-120              2.352164e-99    1.000000e-99    2.297095e-99   5.506932e-101 
I-121              2.352164e-99    1.000000e-99    2.297095e-99   5.506932e-101 
I-122              2.352164e-99    1.000000e-99    2.297095e-99   5.506932e-101 
I-123              2.352164e-99    1.000000e-99    2.297095e-99   5.506932e-101 
I-124              2.352164e-99    1.000000e-99    2.297095e-99   5.506932e-101 
I-125              2.352164e-99    1.000000e-99    2.297095e-99   5.506932e-101 
I-126              2.352164e-99    1.000000e-99    2.297095e-99   5.506932e-101 
I-127              5.716684e-09    1.459105e-09    5.572259e-09    1.444242e-10 
I-128              2.352164e-99    1.000000e-99    2.297095e-99   5.506932e-101 
I-129              7.808270e-13    1.000000e-99    7.584828e-13    2.234426e-14 
I-130              2.352164e-99    1.000000e-99    2.297095e-99   5.506932e-101 
I-131              2.352164e-99    1.000000e-99    2.297095e-99   5.506932e-101 
I-132              2.352164e-99    1.000000e-99    2.297095e-99   5.506932e-101 
I-133              2.352164e-99    1.000000e-99    2.297095e-99   5.506932e-101 
I-134              2.352164e-99    1.000000e-99    2.297095e-99   5.506932e-101 
I-135              2.352164e-99    1.000000e-99    2.297095e-99   5.506932e-101 
Xe-118             2.352164e-99    1.000000e-99    2.297095e-99   5.506932e-101 
Xe-119             2.352164e-99    1.000000e-99    2.297095e-99   5.506932e-101 
Xe-120             2.352164e-99    1.000000e-99    2.297095e-99   5.506932e-101 
Xe-121             2.352164e-99    1.000000e-99    2.297095e-99   5.506932e-101 
Xe-122             2.352164e-99    1.000000e-99    2.297095e-99   5.506932e-101 
Xe-123             2.352164e-99    1.000000e-99    2.297095e-99   5.506932e-101 
Xe-124             5.017760e-11    2.209501e-11    4.901200e-11    1.165596e-12 
Xe-125             2.352164e-99    1.000000e-99    2.297095e-99   5.506932e-101 
Xe-126             4.428184e-11    1.949268e-11    4.325317e-11    1.028670e-12 
Xe-127             2.352164e-99    1.000000e-99    2.297095e-99   5.506932e-101 
Xe-128             6.483388e-09    3.942736e-10    6.305921e-09    1.774676e-10 
Xe-129             1.356069e-08    4.892977e-09    1.323379e-08    3.268944e-10 
Xe-130             1.383449e-08    7.865029e-10    1.345579e-08    3.787062e-10 
Xe-131             1.363673e-08    3.944670e-09    1.329779e-08    3.389383e-10 
Xe-132             3.572841e-08    4.806204e-09    3.478109e-08    9.473222e-10 
Xe-133             2.352164e-99    1.000000e-99    2.297095e-99   5.506932e-101 
Xe-134             7.896503e-09    1.787989e-09    7.686794e-09    2.097090e-10 
Xe-135             2.352164e-99    1.000000e-99    2.297095e-99   5.506932e-101 
Xe-136             3.505654e-09    1.478416e-09    3.423276e-09    8.237885e-11 
Xe-137             2.352164e-99    1.000000e-99    2.297095e-99   5.506932e-101 
Xe-138             2.352164e-99    1.000000e-99    2.297095e-99   5.506932e-101 
Cs-123             2.352164e-99    1.000000e-99    2.297095e-99   5.506932e-101 
Cs-124             2.352164e-99    1.000000e-99    2.297095e-99   5.506932e-101 
Cs-125             2.352164e-99    1.000000e-99    2.297095e-99   5.506932e-101 
Cs-126             2.352164e-99    1.000000e-99    2.297095e-99   5.506932e-101 
Cs-127             2.352164e-99    1.000000e-99    2.297095e-99   5.506932e-101 
Cs-128             2.352164e-99    1.000000e-99    2.297095e-99   5.506932e-101 
Cs-129             2.352164e-99    1.000000e-99    2.297095e-99   5.506932e-101 
Cs-130             2.352164e-99    1.000000e-99    2.297095e-99   5.506932e-101 
Cs-131             2.352164e-99    1.000000e-99    2.297095e-99   5.506932e-101 
Cs-132             2.352164e-99    1.000000e-99    2.297095e-99   5.506932e-101 
Cs-133             6.803242e-09    1.426049e-09    6.628165e-09    1.750764e-10 
Cs-134             2.352164e-99    1.000000e-99    2.297095e-99   5.506932e-101 
Cs-135             9.794510e-12    1.000000e-99    9.512459e-12    2.820505e-13 
Cs-136             2.352164e-99    1.000000e-99    2.297095e-99   5.506932e-101 
Cs-137             1.790760e-18    1.000000e-99    1.732826e-18    5.793449e-20 
Cs-138             2.352164e-99    1.000000e-99    2.297095e-99   5.506932e-101 
Cs-139             2.352164e-99    1.000000e-99    2.297095e-99   5.506932e-101 
Ba-124             2.352164e-99    1.000000e-99    2.297095e-99   5.506932e-101 
Ba-125             2.352164e-99    1.000000e-99    2.297095e-99   5.506932e-101 
Ba-126             2.352164e-99    1.000000e-99    2.297095e-99   5.506932e-101 
Ba-127             2.352164e-99    1.000000e-99    2.297095e-99   5.506932e-101 
Ba-128             2.352164e-99    1.000000e-99    2.297095e-99   5.506932e-101 
Ba-129             2.352164e-99    1.000000e-99    2.297095e-99   5.506932e-101 
Ba-130             4.120244e-11    1.814312e-11    4.024534e-11    9.571084e-13 
Ba-131             2.352164e-99    1.000000e-99    2.297095e-99   5.506932e-101 
Ba-132             4.002612e-11    1.762128e-11    3.909632e-11    9.297998e-13 
Ba-133             2.352164e-99    1.000000e-99    2.297095e-99   5.506932e-101 
Ba-134             8.551933e-09    4.272326e-10    8.318494e-09    2.334388e-10 
Ba-135             8.108752e-09    1.173907e-09    7.892814e-09    2.159380e-10 
Ba-136             2.753934e-08    1.408826e-09    2.678717e-08    7.521644e-10 
Ba-137             2.651929e-08    2.029834e-09    2.579527e-08    7.240230e-10 
Ba-138             2.573356e-07    1.305194e-08    2.502577e-07    7.077924e-09 
Ba-139             2.352164e-99    1.000000e-99    2.297095e-99   5.506932e-101 
Ba-140             2.352164e-99    1.000000e-99    2.297095e-99   5.506932e-101 
Ba-141             2.352164e-99    1.000000e-99    2.297095e-99   5.506932e-101 
Ba-142             2.352164e-99    1.000000e-99    2.297095e-99   5.506932e-101 
La-127             2.352164e-99    1.000000e-99    2.297095e-99   5.506932e-101 
La-128             2.352164e-99    1.000000e-99    2.297095e-99   5.506932e-101 
La-129             2.352164e-99    1.000000e-99    2.297095e-99   5.506932e-101 
La-130             2.352164e-99    1.000000e-99    2.297095e-99   5.506932e-101 
La-131             2.352164e-99    1.000000e-99    2.297095e-99   5.506932e-101 
La-132             2.352164e-99    1.000000e-99    2.297095e-99   5.506932e-101 
La-133             2.352164e-99    1.000000e-99    2.297095e-99   5.506932e-101 
La-134             2.352164e-99    1.000000e-99    2.297095e-99   5.506932e-101 
La-135             2.352164e-99    1.000000e-99    2.297095e-99   5.506932e-101 
La-136             2.352164e-99    1.000000e-99    2.297095e-99   5.506932e-101 
La-137             5.306588e-20    1.000000e-99    5.165267e-20    1.413212e-21 
La-138             3.622773e-12    1.603122e-12    3.538616e-12    8.415720e-14 
La-139             2.983858e-08    1.790218e-09    2.902066e-08    8.179180e-10 
La-140             2.352164e-99    1.000000e-99    2.297095e-99   5.506932e-101 
La-141             2.352164e-99    1.000000e-99    2.297095e-99   5.506932e-101 
La-142             2.352164e-99    1.000000e-99    2.297095e-99   5.506932e-101 
La-143             2.352164e-99    1.000000e-99    2.297095e-99   5.506932e-101 
Ce-130             2.352164e-99    1.000000e-99    2.297095e-99   5.506932e-101 
Ce-131             2.352164e-99    1.000000e-99    2.297095e-99   5.506932e-101 
Ce-132             2.352164e-99    1.000000e-99    2.297095e-99   5.506932e-101 
Ce-133             2.352164e-99    1.000000e-99    2.297095e-99   5.506932e-101 
Ce-134             2.352164e-99    1.000000e-99    2.297095e-99   5.506932e-101 
Ce-135             2.352164e-99    1.000000e-99    2.297095e-99   5.506932e-101 
Ce-136             1.903914e-11    8.381751e-12    1.859687e-11    4.422768e-13 
Ce-137             2.352164e-99    1.000000e-99    2.297095e-99   5.506932e-101 
Ce-138             2.610150e-11    1.147744e-11    2.549509e-11    6.064091e-13 
Ce-139             2.352164e-99    1.000000e-99    2.297095e-99   5.506932e-101 
Ce-140             7.153166e-08    4.103022e-09    6.958624e-08    1.945425e-09 
Ce-141             2.352164e-99    1.000000e-99    2.297095e-99   5.506932e-101 
Ce-142             3.681975e-09    5.229277e-10    3.579850e-09    1.021255e-10 
Ce-143             2.352164e-99    1.000000e-99    2.297095e-99   5.506932e-101 
Ce-144             2.352164e-99    1.000000e-99    2.297095e-99   5.506932e-101 
Ce-145             2.352164e-99    1.000000e-99    2.297095e-99   5.506932e-101 
Ce-146             2.352164e-99    1.000000e-99    2.297095e-99   5.506932e-101 
Pr-133             2.352164e-99    1.000000e-99    2.297095e-99   5.506932e-101 
Pr-134             2.352164e-99    1.000000e-99    2.297095e-99   5.506932e-101 
Pr-135             2.352164e-99    1.000000e-99    2.297095e-99   5.506932e-101 
Pr-136             2.352164e-99    1.000000e-99    2.297095e-99   5.506932e-101 
Pr-137             2.352164e-99    1.000000e-99    2.297095e-99   5.506932e-101 
Pr-138             2.352164e-99    1.000000e-99    2.297095e-99   5.506932e-101 
Pr-139             2.352164e-99    1.000000e-99    2.297095e-99   5.506932e-101 
Pr-140             2.352164e-99    1.000000e-99    2.297095e-99   5.506932e-101 
Pr-141             8.133778e-09    6.910381e-10    7.913616e-09    2.201619e-10 
Pr-142             2.352164e-99    1.000000e-99    2.297095e-99   5.506932e-101 
Pr-143             2.352164e-99    1.000000e-99    2.297095e-99   5.506932e-101 
Pr-144             2.352164e-99    1.000000e-99    2.297095e-99   5.506932e-101 
Pr-145             2.352164e-99    1.000000e-99    2.297095e-99   5.506932e-101 
Pr-146             2.352164e-99    1.000000e-99    2.297095e-99   5.506932e-101 
Pr-147             2.352164e-99    1.000000e-99    2.297095e-99   5.506932e-101 
Pr-148             2.352164e-99    1.000000e-99    2.297095e-99   5.506932e-101 
Pr-149             2.352164e-99    1.000000e-99    2.297095e-99   5.506932e-101 
Nd-134             2.352164e-99    1.000000e-99    2.297095e-99   5.506932e-101 
Nd-135             2.352164e-99    1.000000e-99    2.297095e-99   5.506932e-101 
Nd-136             2.352164e-99    1.000000e-99    2.297095e-99   5.506932e-101 
Nd-137             2.352164e-99    1.000000e-99    2.297095e-99   5.506932e-101 
Nd-138             2.352164e-99    1.000000e-99    2.297095e-99   5.506932e-101 
Nd-139             2.352164e-99    1.000000e-99    2.297095e-99   5.506932e-101 
Nd-140             2.352164e-99    1.000000e-99    2.297095e-99   5.506932e-101 
Nd-141             2.352164e-99    1.000000e-99    2.297095e-99   5.506932e-101 
Nd-142             1.661047e-08    9.919756e-10    1.616148e-08    4.489926e-10 
Nd-143             3.497889e-09    4.483556e-10    3.404938e-09    9.295099e-11 
Nd-144             9.873844e-09    8.826112e-10    9.606520e-09    2.673238e-10 
Nd-145             2.171441e-09    3.095487e-10    2.113891e-09    5.755008e-11 
Nd-146             8.294212e-09    6.447718e-10    8.068498e-09    2.257145e-10 
Nd-147             2.352164e-99    1.000000e-99    2.297095e-99   5.506932e-101 
Nd-148             1.645672e-09    2.185025e-10    1.601110e-09    4.456204e-11 
Nd-149             2.352164e-99    1.000000e-99    2.297095e-99   5.506932e-101 
Nd-150             5.093342e-10    2.168256e-10    4.973918e-10    1.194243e-11 
Nd-151             2.352164e-99    1.000000e-99    2.297095e-99   5.506932e-101 
Nd-152             2.352164e-99    1.000000e-99    2.297095e-99   5.506932e-101 
Pm-137             2.352164e-99    1.000000e-99    2.297095e-99   5.506932e-101 
Pm-138             2.352164e-99    1.000000e-99    2.297095e-99   5.506932e-101 
Pm-139             2.352164e-99    1.000000e-99    2.297095e-99   5.506932e-101 
Pm-140             2.352164e-99    1.000000e-99    2.297095e-99   5.506932e-101 
Pm-141             2.352164e-99    1.000000e-99    2.297095e-99   5.506932e-101 
Pm-142             2.352164e-99    1.000000e-99    2.297095e-99   5.506932e-101 
Pm-143             2.352164e-99    1.000000e-99    2.297095e-99   5.506932e-101 
Pm-144             2.352164e-99    1.000000e-99    2.297095e-99   5.506932e-101 
Pm-145             1.145619e-24    1.000000e-99    1.111159e-24    3.445955e-26 
Pm-146             2.352164e-99    1.000000e-99    2.297095e-99   5.506932e-101 
Pm-147             2.352164e-99    1.000000e-99    2.297095e-99   5.506932e-101 
Pm-148             2.352164e-99    1.000000e-99    2.297095e-99   5.506932e-101 
Pm-149             2.352164e-99    1.000000e-99    2.297095e-99   5.506932e-101 
Pm-150             2.352164e-99    1.000000e-99    2.297095e-99   5.506932e-101 
Pm-151             2.352164e-99    1.000000e-99    2.297095e-99   5.506932e-101 
Pm-152             2.352164e-99    1.000000e-99    2.297095e-99   5.506932e-101 
Pm-153             2.352164e-99    1.000000e-99    2.297095e-99   5.506932e-101 
Pm-154             2.352164e-99    1.000000e-99    2.297095e-99   5.506932e-101 
Sm-140             2.352164e-99    1.000000e-99    2.297095e-99   5.506932e-101 
Sm-141             2.352164e-99    1.000000e-99    2.297095e-99   5.506932e-101 
Sm-142             2.352164e-99    1.000000e-99    2.297095e-99   5.506932e-101 
Sm-143             2.352164e-99    1.000000e-99    2.297095e-99   5.506932e-101 
Sm-144             8.388891e-11    3.683532e-11    8.193941e-11    1.949505e-12 
Sm-145             2.352164e-99    1.000000e-99    2.297095e-99   5.506932e-101 
Sm-146             8.800130e-14    1.000000e-99    8.562842e-14    2.372879e-15 
Sm-147             1.213607e-09    1.834427e-10    1.181540e-09    3.206701e-11 
Sm-148             1.696642e-09    1.384631e-10    1.650928e-09    4.571456e-11 
Sm-149             6.920150e-10    1.713731e-10    6.744638e-10    1.755126e-11 
Sm-150             1.543742e-09    9.213125e-11    1.501453e-09    4.228914e-11 
Sm-151             3.172030e-18    1.000000e-99    3.080674e-18    9.135543e-20 
Sm-152             1.938708e-09    3.383156e-10    1.888024e-09    5.068364e-11 
Sm-153             2.352164e-99    1.000000e-99    2.297095e-99   5.506932e-101 
Sm-154             1.145378e-09    2.916240e-10    1.116183e-09    2.919409e-11 
Sm-155             2.352164e-99    1.000000e-99    2.297095e-99   5.506932e-101 
Sm-156             2.352164e-99    1.000000e-99    2.297095e-99   5.506932e-101 
Sm-157             2.352164e-99    1.000000e-99    2.297095e-99   5.506932e-101 
Sm-158             2.352164e-99    1.000000e-99    2.297095e-99   5.506932e-101 
Eu-143             2.352164e-99    1.000000e-99    2.297095e-99   5.506932e-101 
Eu-144             2.352164e-99    1.000000e-99    2.297095e-99   5.506932e-101 
Eu-145             2.352164e-99    1.000000e-99    2.297095e-99   5.506932e-101 
Eu-146             2.352164e-99    1.000000e-99    2.297095e-99   5.506932e-101 
Eu-147             2.352164e-99    1.000000e-99    2.297095e-99   5.506932e-101 
Eu-148             2.352164e-99    1.000000e-99    2.297095e-99   5.506932e-101 
Eu-149             2.352164e-99    1.000000e-99    2.297095e-99   5.506932e-101 
Eu-150             2.352164e-99    1.000000e-99    2.297095e-99   5.506932e-101 
Eu-151             6.581771e-10    2.036004e-10    6.419416e-10    1.623558e-11 
Eu-152             1.692801e-25    1.000000e-99    1.639447e-25    5.335352e-27 
Eu-153             7.398156e-10    2.251965e-10    7.215232e-10    1.829236e-11 
Eu-154             1.221336e-24    1.000000e-99    1.180242e-24    4.109387e-26 
Eu-155             1.039810e-26    1.000000e-99    1.000292e-26    3.951855e-28 
Eu-156             2.352164e-99    1.000000e-99    2.297095e-99   5.506932e-101 
Eu-157             2.352164e-99    1.000000e-99    2.297095e-99   5.506932e-101 
Eu-158             2.352164e-99    1.000000e-99    2.297095e-99   5.506932e-101 
Eu-159             2.352164e-99    1.000000e-99    2.297095e-99   5.506932e-101 
Gd-144             2.352164e-99    1.000000e-99    2.297095e-99   5.506932e-101 
Gd-145             2.352164e-99    1.000000e-99    2.297095e-99   5.506932e-101 
Gd-146             2.352164e-99    1.000000e-99    2.297095e-99   5.506932e-101 
Gd-147             2.352164e-99    1.000000e-99    2.297095e-99   5.506932e-101 
Gd-148             2.352164e-99    1.000000e-99    2.297095e-99   5.506932e-101 
Gd-149             2.352164e-99    1.000000e-99    2.297095e-99   5.506932e-101 
Gd-150             2.352164e-99    1.000000e-99    2.297095e-99   5.506932e-101 
Gd-151             2.352164e-99    1.000000e-99    2.297095e-99   5.506932e-101 
Gd-152             3.022430e-11    2.947193e-12    2.940515e-11    8.191495e-13 
Gd-153             2.352164e-99    1.000000e-99    2.297095e-99   5.506932e-101 
Gd-154             5.347351e-10    3.209515e-11    5.201069e-10    1.462822e-11 
Gd-155             7.804122e-10    2.192151e-10    7.608830e-10    1.952924e-11 
Gd-156             1.674991e-09    3.051047e-10    1.631249e-09    4.374272e-11 
Gd-157             9.858317e-10    2.348264e-10    9.606995e-10    2.513221e-11 
Gd-158             2.573373e-09    3.749720e-10    2.505088e-09    6.828531e-11 
Gd-159             2.352164e-99    1.000000e-99    2.297095e-99   5.506932e-101 
Gd-160             1.102239e-09    3.342894e-10    1.074718e-09    2.752066e-11 
Gd-161             2.352164e-99    1.000000e-99    2.297095e-99   5.506932e-101 
Gd-162             2.352164e-99    1.000000e-99    2.297095e-99   5.506932e-101 
Tb-147             2.352164e-99    1.000000e-99    2.297095e-99   5.506932e-101 
Tb-148             2.352164e-99    1.000000e-99    2.297095e-99   5.506932e-101 
Tb-149             2.352164e-99    1.000000e-99    2.297095e-99   5.506932e-101 
Tb-150             2.352164e-99    1.000000e-99    2.297095e-99   5.506932e-101 
Tb-151             2.352164e-99    1.000000e-99    2.297095e-99   5.506932e-101 
Tb-152             2.352164e-99    1.000000e-99    2.297095e-99   5.506932e-101 
Tb-153             2.352164e-99    1.000000e-99    2.297095e-99   5.506932e-101 
Tb-154             2.352164e-99    1.000000e-99    2.297095e-99   5.506932e-101 
Tb-155             2.352164e-99    1.000000e-99    2.297095e-99   5.506932e-101 
Tb-156             2.352164e-99    1.000000e-99    2.297095e-99   5.506932e-101 
Tb-157             5.522414e-20    1.000000e-99    5.361948e-20    1.604655e-21 
Tb-158             1.595529e-20    1.000000e-99    1.549719e-20    4.581006e-22 
Tb-159             1.008780e-09    2.764904e-10    9.834579e-10    2.532161e-11 
Tb-160             2.352164e-99    1.000000e-99    2.297095e-99   5.506932e-101 
Tb-161             2.352164e-99    1.000000e-99    2.297095e-99   5.506932e-101 
Tb-162             2.352164e-99    1.000000e-99    2.297095e-99   5.506932e-101 
Tb-163             2.352164e-99    1.000000e-99    2.297095e-99   5.506932e-101 
Tb-164             2.352164e-99    1.000000e-99    2.297095e-99   5.506932e-101 
Tb-165             2.352164e-99    1.000000e-99    2.297095e-99   5.506932e-101 
Dy-148             2.352164e-99    1.000000e-99    2.297095e-99   5.506932e-101 
Dy-149             2.352164e-99    1.000000e-99    2.297095e-99   5.506932e-101 
Dy-150             2.352164e-99    1.000000e-99    2.297095e-99   5.506932e-101 
Dy-151             2.352164e-99    1.000000e-99    2.297095e-99   5.506932e-101 
Dy-152             2.352164e-99    1.000000e-99    2.297095e-99   5.506932e-101 
Dy-153             2.352164e-99    1.000000e-99    2.297095e-99   5.506932e-101 
Dy-154             2.352164e-99    1.000000e-99    2.297095e-99   5.506932e-101 
Dy-155             2.352164e-99    1.000000e-99    2.297095e-99   5.506932e-101 
Dy-156             2.279289e-12    1.003681e-12    2.226342e-12    5.294649e-14 
Dy-157             2.352164e-99    1.000000e-99    2.297095e-99   5.506932e-101 
Dy-158             4.028307e-12    1.742654e-12    3.934359e-12    9.394881e-14 
Dy-159             2.352164e-99    1.000000e-99    2.297095e-99   5.506932e-101 
Dy-160             6.606847e-10    4.301488e-11    6.425736e-10    1.811110e-11 
Dy-161             1.110007e-09    3.497843e-10    1.082638e-09    2.736895e-11 
Dy-162             2.335931e-09    4.747974e-10    2.275403e-09    6.052817e-11 
Dy-163             1.453932e-09    4.663048e-10    1.418189e-09    3.574363e-11 
Dy-164             3.066636e-09    5.311557e-10    2.986287e-09    8.034894e-11 
Dy-165             2.352164e-99    1.000000e-99    2.297095e-99   5.506932e-101 
Dy-166             2.352164e-99    1.000000e-99    2.297095e-99   5.506932e-101 
Dy-167             2.352164e-99    1.000000e-99    2.297095e-99   5.506932e-101 
Dy-168             2.352164e-99    1.000000e-99    2.297095e-99   5.506932e-101 
Ho-153             2.352164e-99    1.000000e-99    2.297095e-99   5.506932e-101 
Ho-154             2.352164e-99    1.000000e-99    2.297095e-99   5.506932e-101 
Ho-155             2.352164e-99    1.000000e-99    2.297095e-99   5.506932e-101 
Ho-156             2.352164e-99    1.000000e-99    2.297095e-99   5.506932e-101 
Ho-157             2.352164e-99    1.000000e-99    2.297095e-99   5.506932e-101 
Ho-158             2.352164e-99    1.000000e-99    2.297095e-99   5.506932e-101 
Ho-159             2.352164e-99    1.000000e-99    2.297095e-99   5.506932e-101 
Ho-160             2.352164e-99    1.000000e-99    2.297095e-99   5.506932e-101 
Ho-161             2.352164e-99    1.000000e-99    2.297095e-99   5.506932e-101 
Ho-162             2.352164e-99    1.000000e-99    2.297095e-99   5.506932e-101 
Ho-163             7.445945e-16    1.000000e-99    7.233644e-16    2.123009e-17 
Ho-164             2.352164e-99    1.000000e-99    2.297095e-99   5.506932e-101 
Ho-165             1.482175e-09    4.243917e-10    1.445199e-09    3.697592e-11 
Ho-166             2.352164e-99    1.000000e-99    2.297095e-99   5.506932e-101 
Ho-167             2.352164e-99    1.000000e-99    2.297095e-99   5.506932e-101 
Ho-168             2.352164e-99    1.000000e-99    2.297095e-99   5.506932e-101 
Ho-169             2.352164e-99    1.000000e-99    2.297095e-99   5.506932e-101 
Er-154             2.352164e-99    1.000000e-99    2.297095e-99   5.506932e-101 
Er-155             2.352164e-99    1.000000e-99    2.297095e-99   5.506932e-101 
Er-156             2.352164e-99    1.000000e-99    2.297095e-99   5.506932e-101 
Er-157             2.352164e-99    1.000000e-99    2.297095e-99   5.506932e-101 
Er-158             2.352164e-99    1.000000e-99    2.297095e-99   5.506932e-101 
Er-159             2.352164e-99    1.000000e-99    2.297095e-99   5.506932e-101 
Er-160             2.352164e-99    1.000000e-99    2.297095e-99   5.506932e-101 
Er-161             2.352164e-99    1.000000e-99    2.297095e-99   5.506932e-101 
Er-162             3.653611e-12    1.608861e-12    3.568739e-12    8.487115e-14 
Er-163             2.352164e-99    1.000000e-99    2.297095e-99   5.506932e-101 
Er-164             2.936508e-10    1.912858e-11    2.855812e-10    8.069645e-12 
Er-165             2.352164e-99    1.000000e-99    2.297095e-99   5.506932e-101 
Er-166             1.729616e-09    4.044450e-10    1.685511e-09    4.410482e-11 
Er-167             1.010219e-09    2.775897e-10    9.849030e-10    2.531565e-11 
Er-168             2.296706e-09    3.262608e-10    2.235869e-09    6.083696e-11 
Er-169             2.352164e-99    1.000000e-99    2.297095e-99   5.506932e-101 
Er-170             1.242666e-09    1.839889e-10    1.209452e-09    3.321417e-11 
Er-171             2.352164e-99    1.000000e-99    2.297095e-99   5.506932e-101 
Er-172             2.352164e-99    1.000000e-99    2.297095e-99   5.506932e-101 
Er-173             2.352164e-99    1.000000e-99    2.297095e-99   5.506932e-101 
Er-174             2.352164e-99    1.000000e-99    2.297095e-99   5.506932e-101 
Er-175             2.352164e-99    1.000000e-99    2.297095e-99   5.506932e-101 
Tm-159             2.352164e-99    1.000000e-99    2.297095e-99   5.506932e-101 
Tm-160             2.352164e-99    1.000000e-99    2.297095e-99   5.506932e-101 
Tm-161             2.352164e-99    1.000000e-99    2.297095e-99   5.506932e-101 
Tm-162             2.352164e-99    1.000000e-99    2.297095e-99   5.506932e-101 
Tm-163             2.352164e-99    1.000000e-99    2.297095e-99   5.506932e-101 
Tm-164             2.352164e-99    1.000000e-99    2.297095e-99   5.506932e-101 
Tm-165             2.352164e-99    1.000000e-99    2.297095e-99   5.506932e-101 
Tm-166             2.352164e-99    1.000000e-99    2.297095e-99   5.506932e-101 
Tm-167             2.352164e-99    1.000000e-99    2.297095e-99   5.506932e-101 
Tm-168             2.352164e-99    1.000000e-99    2.297095e-99   5.506932e-101 
Tm-169             7.441056e-10    1.854256e-10    7.252507e-10    1.885497e-11 
Tm-170             2.352164e-99    1.000000e-99    2.297095e-99   5.506932e-101 
Tm-171             2.352164e-99    1.000000e-99    2.297095e-99   5.506932e-101 
Tm-172             2.352164e-99    1.000000e-99    2.297095e-99   5.506932e-101 
Tm-173             2.352164e-99    1.000000e-99    2.297095e-99   5.506932e-101 
Tm-174             2.352164e-99    1.000000e-99    2.297095e-99   5.506932e-101 
Tm-175             2.352164e-99    1.000000e-99    2.297095e-99   5.506932e-101 
Tm-176             2.352164e-99    1.000000e-99    2.297095e-99   5.506932e-101 
Yb-160             2.352164e-99    1.000000e-99    2.297095e-99   5.506932e-101 
Yb-161             2.352164e-99    1.000000e-99    2.297095e-99   5.506932e-101 
Yb-162             2.352164e-99    1.000000e-99    2.297095e-99   5.506932e-101 
Yb-163             2.352164e-99    1.000000e-99    2.297095e-99   5.506932e-101 
Yb-164             2.352164e-99    1.000000e-99    2.297095e-99   5.506932e-101 
Yb-165             2.352164e-99    1.000000e-99    2.297095e-99   5.506932e-101 
Yb-166             2.352164e-99    1.000000e-99    2.297095e-99   5.506932e-101 
Yb-167             2.352164e-99    1.000000e-99    2.297095e-99   5.506932e-101 
Yb-168             3.595341e-12    1.583199e-12    3.511823e-12    8.351758e-14 
Yb-169             2.352164e-99    1.000000e-99    2.297095e-99   5.506932e-101 
Yb-170             5.217832e-10    3.746325e-11    5.075968e-10    1.418642e-11 
Yb-171             1.087299e-09    1.770138e-10    1.058678e-09    2.862189e-11 
Yb-172             2.201033e-09    2.721856e-10    2.142300e-09    5.873231e-11 
Yb-173             1.234510e-09    2.022849e-10    1.202098e-09    3.241117e-11 
Yb-174             4.396414e-09    4.014845e-10    4.277719e-09    1.186958e-10 
Yb-175             2.352164e-99    1.000000e-99    2.297095e-99   5.506932e-101 
Yb-176             1.728046e-09    1.628828e-10    1.681324e-09    4.672223e-11 
Yb-177             2.352164e-99    1.000000e-99    2.297095e-99   5.506932e-101 
Yb-178             2.352164e-99    1.000000e-99    2.297095e-99   5.506932e-101 
Yb-179             2.352164e-99    1.000000e-99    2.297095e-99   5.506932e-101 
Yb-180             2.352164e-99    1.000000e-99    2.297095e-99   5.506932e-101 
Lu-165             2.352164e-99    1.000000e-99    2.297095e-99   5.506932e-101 
Lu-166             2.352164e-99    1.000000e-99    2.297095e-99   5.506932e-101 
Lu-167             2.352164e-99    1.000000e-99    2.297095e-99   5.506932e-101 
Lu-168             2.352164e-99    1.000000e-99    2.297095e-99   5.506932e-101 
Lu-169             2.352164e-99    1.000000e-99    2.297095e-99   5.506932e-101 
Lu-170             2.352164e-99    1.000000e-99    2.297095e-99   5.506932e-101 
Lu-171             2.352164e-99    1.000000e-99    2.297095e-99   5.506932e-101 
Lu-172             2.352164e-99    1.000000e-99    2.297095e-99   5.506932e-101 
Lu-173             2.352164e-99    1.000000e-99    2.297095e-99   5.506932e-101 
Lu-174             2.352164e-99    1.000000e-99    2.297095e-99   5.506932e-101 
Lu-175             9.073357e-10    1.827895e-10    8.839135e-10    2.342218e-11 
Lu-176             2.341069e-10    4.704642e-12    2.276105e-10    6.496405e-12 
Lu-177             2.352164e-99    1.000000e-99    2.297095e-99   5.506932e-101 
Lu-178             2.352164e-99    1.000000e-99    2.297095e-99   5.506932e-101 
Lu-179             2.352164e-99    1.000000e-99    2.297095e-99   5.506932e-101 
Lu-180             2.352164e-99    1.000000e-99    2.297095e-99   5.506932e-101 
Lu-181             2.352164e-99    1.000000e-99    2.297095e-99   5.506932e-101 
Lu-182             2.352164e-99    1.000000e-99    2.297095e-99   5.506932e-101 
Hf-166             2.352164e-99    1.000000e-99    2.297095e-99   5.506932e-101 
Hf-167             2.352164e-99    1.000000e-99    2.297095e-99   5.506932e-101 
Hf-168             2.352164e-99    1.000000e-99    2.297095e-99   5.506932e-101 
Hf-169             2.352164e-99    1.000000e-99    2.297095e-99   5.506932e-101 
Hf-170             2.352164e-99    1.000000e-99    2.297095e-99   5.506932e-101 
Hf-171             2.352164e-99    1.000000e-99    2.297095e-99   5.506932e-101 
Hf-172             2.352164e-99    1.000000e-99    2.297095e-99   5.506932e-101 
Hf-173             2.352164e-99    1.000000e-99    2.297095e-99   5.506932e-101 
Hf-174             2.796104e-12    1.231253e-12    2.731152e-12    6.495180e-14 
Hf-175             2.352164e-99    1.000000e-99    2.297095e-99   5.506932e-101 
Hf-176             2.353642e-10    4.044770e-11    2.292226e-10    6.141570e-12 
Hf-177             7.710599e-10    1.437825e-10    7.510267e-10    2.003326e-11 
Hf-178             2.377156e-09    2.121343e-10    2.312948e-09    6.420824e-11 
Hf-179             9.040839e-10    1.065106e-10    8.799441e-10    2.413979e-11 
Hf-180             4.193482e-09    2.758446e-10    4.079318e-09    1.141641e-10 
Hf-181             2.352164e-99    1.000000e-99    2.297095e-99   5.506932e-101 
Hf-182             2.570142e-12    1.000000e-99    2.496045e-12    7.409720e-14 
Hf-183             2.352164e-99    1.000000e-99    2.297095e-99   5.506932e-101 
Hf-184             2.352164e-99    1.000000e-99    2.297095e-99   5.506932e-101 
Hf-185             2.352164e-99    1.000000e-99    2.297095e-99   5.506932e-101 
Ta-169             2.352164e-99    1.000000e-99    2.297095e-99   5.506932e-101 
Ta-170             2.352164e-99    1.000000e-99    2.297095e-99   5.506932e-101 
Ta-171             2.352164e-99    1.000000e-99    2.297095e-99   5.506932e-101 
Ta-172             2.352164e-99    1.000000e-99    2.297095e-99   5.506932e-101 
Ta-173             2.352164e-99    1.000000e-99    2.297095e-99   5.506932e-101 
Ta-174             2.352164e-99    1.000000e-99    2.297095e-99   5.506932e-101 
Ta-175             2.352164e-99    1.000000e-99    2.297095e-99   5.506932e-101 
Ta-176             2.352164e-99    1.000000e-99    2.297095e-99   5.506932e-101 
Ta-177             2.352164e-99    1.000000e-99    2.297095e-99   5.506932e-101 
Ta-178             2.352164e-99    1.000000e-99    2.297095e-99   5.506932e-101 
Ta-179             2.352164e-99    1.000000e-99    2.297095e-99   5.506932e-101 
Ta-180             5.625033e-14    2.429182e-14    5.493824e-14    1.312093e-15 
Ta-181             1.198357e-09    1.985674e-10    1.166999e-09    3.135811e-11 
Ta-182             9.050466e-20    1.000000e-99    8.789541e-20    2.609249e-21 
Ta-183             2.352164e-99    1.000000e-99    2.297095e-99   5.506932e-101 
Ta-184             2.352164e-99    1.000000e-99    2.297095e-99   5.506932e-101 
Ta-185             2.352164e-99    1.000000e-99    2.297095e-99   5.506932e-101 
Ta-186             2.352164e-99    1.000000e-99    2.297095e-99   5.506932e-101 
W-172              2.352164e-99    1.000000e-99    2.297095e-99   5.506932e-101 
W-173              2.352164e-99    1.000000e-99    2.297095e-99   5.506932e-101 
W-174              2.352164e-99    1.000000e-99    2.297095e-99   5.506932e-101 
W-175              2.352164e-99    1.000000e-99    2.297095e-99   5.506932e-101 
W-176              2.352164e-99    1.000000e-99    2.297095e-99   5.506932e-101 
W-177              2.352164e-99    1.000000e-99    2.297095e-99   5.506932e-101 
W-178              2.352164e-99    1.000000e-99    2.297095e-99   5.506932e-101 
W-179              2.352164e-99    1.000000e-99    2.297095e-99   5.506932e-101 
W-180              2.132456e-12    8.394836e-13    2.081787e-12    5.066897e-14 
W-181              2.352164e-99    1.000000e-99    2.297095e-99   5.506932e-101 
W-182              1.964131e-09    1.877481e-10    1.911326e-09    5.280476e-11 
W-183              1.173626e-09    1.019725e-10    1.141988e-09    3.163799e-11 
W-184              2.929558e-09    2.194930e-10    2.850301e-09    7.925635e-11 
W-185              2.352164e-99    1.000000e-99    2.297095e-99   5.506932e-101 
W-186              1.603891e-09    2.058307e-10    1.560984e-09    4.290733e-11 
W-187              2.352164e-99    1.000000e-99    2.297095e-99   5.506932e-101 
W-188              2.352164e-99    1.000000e-99    2.297095e-99   5.506932e-101 
W-189              2.352164e-99    1.000000e-99    2.297095e-99   5.506932e-101 
W-190              2.352164e-99    1.000000e-99    2.297095e-99   5.506932e-101 
Re-175             2.352164e-99    1.000000e-99    2.297095e-99   5.506932e-101 
Re-176             2.352164e-99    1.000000e-99    2.297095e-99   5.506932e-101 
Re-177             2.352164e-99    1.000000e-99    2.297095e-99   5.506932e-101 
Re-178             2.352164e-99    1.000000e-99    2.297095e-99   5.506932e-101 
Re-179             2.352164e-99    1.000000e-99    2.297095e-99   5.506932e-101 
Re-180             2.352164e-99    1.000000e-99    2.297095e-99   5.506932e-101 
Re-181             2.352164e-99    1.000000e-99    2.297095e-99   5.506932e-101 
Re-182             2.352164e-99    1.000000e-99    2.297095e-99   5.506932e-101 
Re-183             2.352164e-99    1.000000e-99    2.297095e-99   5.506932e-101 
Re-184             2.352164e-99    1.000000e-99    2.297095e-99   5.506932e-101 
Re-185             7.866706e-10    1.047859e-10    7.658248e-10    2.084580e-11 
Re-186             2.352164e-99    1.000000e-99    2.297095e-99   5.506932e-101 
Re-187             6.873882e-10    1.745645e-10    6.699727e-10    1.741547e-11 
Re-188             2.352164e-99    1.000000e-99    2.297095e-99   5.506932e-101 
Re-189             2.352164e-99    1.000000e-99    2.297095e-99   5.506932e-101 
Re-190             2.352164e-99    1.000000e-99    2.297095e-99   5.506932e-101 
Re-191             2.352164e-99    1.000000e-99    2.297095e-99   5.506932e-101 
Os-179             2.352164e-99    1.000000e-99    2.297095e-99   5.506932e-101 
Os-180             2.352164e-99    1.000000e-99    2.297095e-99   5.506932e-101 
Os-181             2.352164e-99    1.000000e-99    2.297095e-99   5.506932e-101 
Os-182             2.352164e-99    1.000000e-99    2.297095e-99   5.506932e-101 
Os-183             2.352164e-99    1.000000e-99    2.297095e-99   5.506932e-101 
Os-184             1.614300e-12    7.108303e-13    1.576801e-12    3.749926e-14 
Os-185             2.352164e-99    1.000000e-99    2.297095e-99   5.506932e-101 
Os-186             9.615749e-10    5.778212e-11    9.355147e-10    2.606015e-11 
Os-187             3.764991e-10    6.271986e-11    3.667204e-10    9.778660e-12 
Os-188             3.007899e-09    4.873616e-10    2.929057e-09    7.884265e-11 
Os-189             1.762689e-09    5.973629e-10    1.719814e-09    4.287565e-11 
Os-190             4.241951e-09    9.765959e-10    4.133792e-09    1.081583e-10 
Os-191             2.352164e-99    1.000000e-99    2.297095e-99   5.506932e-101 
Os-192             4.613169e-09    1.532704e-09    4.500156e-09    1.130132e-10 
Os-193             2.352164e-99    1.000000e-99    2.297095e-99   5.506932e-101 
Os-194             7.792619e-25    1.000000e-99    7.509290e-25    2.833290e-26 
Os-195             2.352164e-99    1.000000e-99    2.297095e-99   5.506932e-101 
Os-196             2.352164e-99    1.000000e-99    2.297095e-99   5.506932e-101 
Ir-181             2.352164e-99    1.000000e-99    2.297095e-99   5.506932e-101 
Ir-182             2.352164e-99    1.000000e-99    2.297095e-99   5.506932e-101 
Ir-183             2.352164e-99    1.000000e-99    2.297095e-99   5.506932e-101 
Ir-184             2.352164e-99    1.000000e-99    2.297095e-99   5.506932e-101 
Ir-185             2.352164e-99    1.000000e-99    2.297095e-99   5.506932e-101 
Ir-186             2.352164e-99    1.000000e-99    2.297095e-99   5.506932e-101 
Ir-187             2.352164e-99    1.000000e-99    2.297095e-99   5.506932e-101 
Ir-188             2.352164e-99    1.000000e-99    2.297095e-99   5.506932e-101 
Ir-189             2.352164e-99    1.000000e-99    2.297095e-99   5.506932e-101 
Ir-190             2.352164e-99    1.000000e-99    2.297095e-99   5.506932e-101 
Ir-191             3.444320e-09    1.357372e-09    3.362589e-09    8.173117e-11 
Ir-192             2.352164e-99    1.000000e-99    2.297095e-99   5.506932e-101 
Ir-193             5.760172e-09    2.308350e-09    5.623830e-09    1.363419e-10 
Ir-194             2.352164e-99    1.000000e-99    2.297095e-99   5.506932e-101 
Ir-195             2.352164e-99    1.000000e-99    2.297095e-99   5.506932e-101 
Ir-196             2.352164e-99    1.000000e-99    2.297095e-99   5.506932e-101 
Ir-197             2.352164e-99    1.000000e-99    2.297095e-99   5.506932e-101 
Pt-184             2.352164e-99    1.000000e-99    2.297095e-99   5.506932e-101 
Pt-185             2.352164e-99    1.000000e-99    2.297095e-99   5.506932e-101 
Pt-186             2.352164e-99    1.000000e-99    2.297095e-99   5.506932e-101 
Pt-187             2.352164e-99    1.000000e-99    2.297095e-99   5.506932e-101 
Pt-188             2.352164e-99    1.000000e-99    2.297095e-99   5.506932e-101 
Pt-189             2.352164e-99    1.000000e-99    2.297095e-99   5.506932e-101 
Pt-190             2.290282e-12    1.008463e-12    2.237080e-12    5.320202e-14 
Pt-191             2.352164e-99    1.000000e-99    2.297095e-99   5.506932e-101 
Pt-192             5.863340e-10    5.850019e-11    5.706064e-10    1.572758e-11 
Pt-193             5.378068e-19    1.000000e-99    5.220437e-19    1.576307e-20 
Pt-194             7.297721e-09    2.489798e-09    7.120045e-09    1.776757e-10 
Pt-195             6.486769e-09    2.568263e-09    6.332865e-09    1.539039e-10 
Pt-196             7.260022e-09    1.926003e-09    7.077485e-09    1.825369e-10 
Pt-197             2.352164e-99    1.000000e-99    2.297095e-99   5.506932e-101 
Pt-198             1.510628e-09    5.521699e-10    1.474021e-09    3.660691e-11 
Pt-199             2.352164e-99    1.000000e-99    2.297095e-99   5.506932e-101 
Pt-200             2.352164e-99    1.000000e-99    2.297095e-99   5.506932e-101 
Pt-201             2.352164e-99    1.000000e-99    2.297095e-99   5.506932e-101 
Pt-202             2.352164e-99    1.000000e-99    2.297095e-99   5.506932e-101 
Au-185             2.352164e-99    1.000000e-99    2.297095e-99   5.506932e-101 
Au-186             2.352164e-99    1.000000e-99    2.297095e-99   5.506932e-101 
Au-187             2.352164e-99    1.000000e-99    2.297095e-99   5.506932e-101 
Au-188             2.352164e-99    1.000000e-99    2.297095e-99   5.506932e-101 
Au-189             2.352164e-99    1.000000e-99    2.297095e-99   5.506932e-101 
Au-190             2.352164e-99    1.000000e-99    2.297095e-99   5.506932e-101 
Au-191             2.352164e-99    1.000000e-99    2.297095e-99   5.506932e-101 
Au-192             2.352164e-99    1.000000e-99    2.297095e-99   5.506932e-101 
Au-193             2.352164e-99    1.000000e-99    2.297095e-99   5.506932e-101 
Au-194             2.352164e-99    1.000000e-99    2.297095e-99   5.506932e-101 
Au-195             2.352164e-99    1.000000e-99    2.297095e-99   5.506932e-101 
Au-196             2.352164e-99    1.000000e-99    2.297095e-99   5.506932e-101 
Au-197             3.343186e-09    1.083301e-09    3.261296e-09    8.189024e-11 
Au-198             2.352164e-99    1.000000e-99    2.297095e-99   5.506932e-101 
Au-199             2.352164e-99    1.000000e-99    2.297095e-99   5.506932e-101 
Au-200             2.352164e-99    1.000000e-99    2.297095e-99   5.506932e-101 
Au-201             2.352164e-99    1.000000e-99    2.297095e-99   5.506932e-101 
Au-202             2.352164e-99    1.000000e-99    2.297095e-99   5.506932e-101 
Au-203             2.352164e-99    1.000000e-99    2.297095e-99   5.506932e-101 
Hg-189             2.352164e-99    1.000000e-99    2.297095e-99   5.506932e-101 
Hg-190             2.352164e-99    1.000000e-99    2.297095e-99   5.506932e-101 
Hg-191             2.352164e-99    1.000000e-99    2.297095e-99   5.506932e-101 
Hg-192             2.352164e-99    1.000000e-99    2.297095e-99   5.506932e-101 
Hg-193             2.352164e-99    1.000000e-99    2.297095e-99   5.506932e-101 
Hg-194             2.352164e-99    1.000000e-99    2.297095e-99   5.506932e-101 
Hg-195             2.352164e-99    1.000000e-99    2.297095e-99   5.506932e-101 
Hg-196             6.838633e-12    3.009384e-12    6.679764e-12    1.588690e-13 
Hg-197             2.352164e-99    1.000000e-99    2.297095e-99   5.506932e-101 
Hg-198             3.055674e-09    1.974950e-10    2.972514e-09    8.315987e-11 
Hg-199             2.025419e-09    3.359915e-10    1.972381e-09    5.303723e-11 
Hg-200             5.219135e-09    4.622210e-10    5.077975e-09    1.411599e-10 
Hg-201             2.428757e-09    2.651107e-10    2.363545e-09    6.521139e-11 
Hg-202             8.189797e-09    6.036257e-10    7.966470e-09    2.233274e-10 
Hg-203             2.352164e-99    1.000000e-99    2.297095e-99   5.506932e-101 
Hg-204             5.484557e-10    1.401373e-10    5.344050e-10    1.405064e-11 
Hg-205             2.352164e-99    1.000000e-99    2.297095e-99   5.506932e-101 
Hg-206             2.352164e-99    1.000000e-99    2.297095e-99   5.506932e-101 
Hg-207             2.352164e-99    1.000000e-99    2.297095e-99   5.506932e-101 
Hg-208             2.352164e-99    1.000000e-99    2.297095e-99   5.506932e-101 
Tl-192             2.352164e-99    1.000000e-99    2.297095e-99   5.506932e-101 
Tl-193             2.352164e-99    1.000000e-99    2.297095e-99   5.506932e-101 
Tl-194             2.352164e-99    1.000000e-99    2.297095e-99   5.506932e-101 
Tl-195             2.352164e-99    1.000000e-99    2.297095e-99   5.506932e-101 
Tl-196             2.352164e-99    1.000000e-99    2.297095e-99   5.506932e-101 
Tl-197             2.352164e-99    1.000000e-99    2.297095e-99   5.506932e-101 
Tl-198             2.352164e-99    1.000000e-99    2.297095e-99   5.506932e-101 
Tl-199             2.352164e-99    1.000000e-99    2.297095e-99   5.506932e-101 
Tl-200             2.352164e-99    1.000000e-99    2.297095e-99   5.506932e-101 
Tl-201             2.352164e-99    1.000000e-99    2.297095e-99   5.506932e-101 
Tl-202             2.352164e-99    1.000000e-99    2.297095e-99   5.506932e-101 
Tl-203             3.856534e-09    3.220729e-10    3.751614e-09    1.049196e-10 
Tl-204             2.352164e-99    1.000000e-99    2.297095e-99   5.506932e-101 
Tl-205             6.499613e-09    7.763865e-10    6.326375e-09    1.732383e-10 
Tl-206             2.352164e-99    1.000000e-99    2.297095e-99   5.506932e-101 
Tl-207             2.352164e-99    1.000000e-99    2.297095e-99   5.506932e-101 
Tl-208             2.352164e-99    1.000000e-99    2.297095e-99   5.506932e-101 
Tl-209             2.352164e-99    1.000000e-99    2.297095e-99   5.506932e-101 
Tl-210             2.352164e-99    1.000000e-99    2.297095e-99   5.506932e-101 
Pb-193             2.352164e-99    1.000000e-99    2.297095e-99   5.506932e-101 
Pb-194             2.352164e-99    1.000000e-99    2.297095e-99   5.506932e-101 
Pb-195             2.352164e-99    1.000000e-99    2.297095e-99   5.506932e-101 
Pb-196             2.352164e-99    1.000000e-99    2.297095e-99   5.506932e-101 
Pb-197             2.352164e-99    1.000000e-99    2.297095e-99   5.506932e-101 
Pb-198             2.352164e-99    1.000000e-99    2.297095e-99   5.506932e-101 
Pb-199             2.352164e-99    1.000000e-99    2.297095e-99   5.506932e-101 
Pb-200             2.352164e-99    1.000000e-99    2.297095e-99   5.506932e-101 
Pb-201             2.352164e-99    1.000000e-99    2.297095e-99   5.506932e-101 
Pb-202             2.352164e-99    1.000000e-99    2.297095e-99   5.506932e-101 
Pb-203             2.352164e-99    1.000000e-99    2.297095e-99   5.506932e-101 
Pb-204             4.541328e-09    2.931006e-10    4.417187e-09    1.241408e-10 
Pb-205             8.577260e-13    1.000000e-99    8.337967e-13    2.392930e-14 
Pb-208             3.938783e-08    8.849766e-09    3.836456e-08    1.023277e-09 
Pb-209             2.352164e-99    1.000000e-99    2.297095e-99   5.506932e-101 
Pb-210             3.929255e-25    1.000000e-99    3.800915e-25    1.283392e-26 
Pb-211             2.352164e-99    1.000000e-99    2.297095e-99   5.506932e-101 
Bi-202             2.352164e-99    1.000000e-99    2.297095e-99   5.506932e-101 
Bi-203             2.352164e-99    1.000000e-99    2.297095e-99   5.506932e-101 
Bi-204             2.352164e-99    1.000000e-99    2.297095e-99   5.506932e-101 
Bi-205             2.352164e-99    1.000000e-99    2.297095e-99   5.506932e-101 
Bi-206             2.352164e-99    1.000000e-99    2.297095e-99   5.506932e-101 
Bi-207             2.352164e-99    1.000000e-99    2.297095e-99   5.506932e-101 
Bi-208             2.352164e-99    1.000000e-99    2.297095e-99   5.506932e-101 
Bi-209             2.341967e-09    8.718247e-10    2.285099e-09    5.686770e-11 
Bi-210             3.972804e-11    1.000000e-99    3.853511e-11    1.192934e-12 
Al-26m1            2.352164e-99    1.000000e-99    2.297095e-99   5.506932e-101 
Kr-85m1            2.352164e-99    1.000000e-99    2.297095e-99   5.506932e-101 
Cd-115m1           2.352164e-99    1.000000e-99    2.297095e-99   5.506932e-101 
Lu-176m1           2.352164e-99    1.000000e-99    2.297095e-99   5.506932e-101 
Ta-180m1           2.352164e-99    1.000000e-99    2.297095e-99   5.506932e-101 
