# Battino yields
# Model: m2z2m3
# Mini: 2.00
# Z: 2.00e-03
# Mfinal: 0.6365114064713441
# Mfinal (MESA): 1.6305197787523276
# Created by Daniel Boyea on 2024-12-06
isotope         wind_yield      initial_abundance wind_yield_mesaevo wind_yield_postmesa 
Neutron-1          1.363489e-99    1.000000e-99   3.694802e-100   9.940084e-100 
H-1                8.534450e-01    7.470712e-01    2.450637e-01    6.083813e-01 
H-2                3.279177e-06    1.449346e-05    1.020390e-06    2.258787e-06 
He-3               2.747823e-04    4.151442e-05    7.870926e-05    1.960731e-04 
He-4               4.036668e-01    2.508725e-01    1.058819e-01    2.977849e-01 
Be-7               5.619738e-16    6.360715e-17    1.507480e-16    4.112259e-16 
B-8                3.669286e-14    1.000000e-99    7.087163e-15    2.960570e-14 
Li-7               2.676424e-06    3.036705e-07    7.179279e-07    1.958496e-06 
C-11               1.408437e-18    1.000000e-99    2.437688e-19    1.164668e-18 
B-11               7.794952e-11    5.716917e-11    2.112288e-11    5.682664e-11 
C-12               4.650013e-02    2.500580e-04    8.611038e-03    3.788909e-02 
C-13               3.939801e-03    8.355174e-07    8.093244e-04    3.130477e-03 
N-13               1.595433e-20    9.821559e-23    3.087597e-21    1.286674e-20 
N-14               2.595334e-03    2.119525e-05    5.308307e-04    2.064503e-03 
C-14               1.477633e-12    1.000000e-99    1.362414e-13    1.341392e-12 
N-15               3.885625e-07    8.346611e-08    5.147937e-08    3.370831e-07 
O-16               4.428695e-02    1.481807e-03    7.242152e-03    3.704480e-02 
O-17               2.299683e-05    7.632996e-08    4.904831e-06    1.809200e-05 
O-18               1.421056e-06    4.346026e-07    3.124669e-07    1.108589e-06 
F-17               1.850351e-26    1.000000e-99    2.973978e-27    1.552953e-26 
F-18               3.791871e-24    1.000000e-99    6.040519e-25    3.187819e-24 
F-19               1.023933e-05    1.123199e-08    1.443717e-06    8.795615e-06 
Ne-20              2.837629e-04    1.150669e-04    6.034114e-05    2.234217e-04 
Ne-21              2.035448e-06    9.158781e-08    3.015709e-07    1.733877e-06 
Ne-22              8.015704e-03    2.943115e-06    1.115846e-03    6.899858e-03 
Na-22              1.493350e-15    1.000000e-99    2.473537e-16    1.245996e-15 
Na-23              2.029490e-04    8.006285e-07    2.317759e-05    1.797714e-04 
Mg-23              1.363489e-99    1.000000e-99   3.694802e-100   9.940084e-100 
Mg-24              5.566005e-05    3.023414e-05    1.324451e-05    4.241555e-05 
Mg-25              1.935456e-05    1.548009e-06    2.663163e-06    1.669139e-05 
Mg-26              3.185598e-05    1.771196e-06    4.047621e-06    2.780836e-05 
Al-26              3.581875e-11    1.000000e-99    4.497322e-12    3.132143e-11 
Al-27              1.964787e-06    1.297379e-06    5.045506e-07    1.460236e-06 
Si-27              1.363489e-99    1.000000e-99   3.694802e-100   9.940084e-100 
Si-28              4.108136e-05    3.025046e-05    1.115065e-05    2.993072e-05 
Si-29              1.189520e-06    7.845853e-07    3.094379e-07    8.800826e-07 
Si-30              1.174235e-06    5.350367e-07    2.654602e-07    9.087747e-07 
P-31               3.327977e-07    1.422541e-07    7.355610e-08    2.592416e-07 
S-31               1.363489e-99    1.000000e-99   3.694802e-100   9.940084e-100 
Be-8               1.363489e-99    1.000000e-99   3.694802e-100   9.940084e-100 
O-14               1.363489e-99    1.000000e-99   3.694802e-100   9.940084e-100 
O-15               5.850141e-26    1.000000e-99    1.078258e-26    4.771883e-26 
Na-21              1.363489e-99    1.000000e-99   3.694802e-100   9.940084e-100 
Al-25              1.363489e-99    1.000000e-99   3.694802e-100   9.940084e-100 
P-29               1.363489e-99    1.000000e-99   3.694802e-100   9.940084e-100 
P-30               1.363489e-99    1.000000e-99   3.694802e-100   9.940084e-100 
Pb-206             1.702493e-08    5.600495e-11    3.162773e-09    1.386215e-08 
Pb-207             1.997706e-08    6.184860e-11    3.752365e-09    1.622469e-08 
Bi-211             1.363489e-99    1.000000e-99   3.694802e-100   9.940084e-100 
Po-210             1.363489e-99    1.000000e-99   3.694802e-100   9.940084e-100 
F-20               1.363489e-99    1.000000e-99   3.694802e-100   9.940084e-100 
Ne-19              1.363489e-99    1.000000e-99   3.694802e-100   9.940084e-100 
Na-24              1.363489e-99    1.000000e-99   3.694802e-100   9.940084e-100 
Mg-27              1.363489e-99    1.000000e-99   3.694802e-100   9.940084e-100 
Mg-28              1.363489e-99    1.000000e-99   3.694802e-100   9.940084e-100 
Al-28              1.363489e-99    1.000000e-99   3.694802e-100   9.940084e-100 
Al-29              1.363489e-99    1.000000e-99   3.694802e-100   9.940084e-100 
Si-31              1.363489e-99    1.000000e-99   3.694802e-100   9.940084e-100 
Si-32              1.507249e-20    1.000000e-99    2.132836e-21    1.293966e-20 
P-32               3.422409e-24    1.000000e-99    4.842993e-25    2.938110e-24 
P-33               1.363489e-99    1.000000e-99   3.694802e-100   9.940084e-100 
P-34               1.363489e-99    1.000000e-99   3.694802e-100   9.940084e-100 
P-35               1.363489e-99    1.000000e-99   3.694802e-100   9.940084e-100 
S-32               2.927885e-05    2.186045e-05    7.994884e-06    2.128397e-05 
S-33               1.404443e-07    6.535494e-08    3.328276e-08    1.071615e-07 
S-34               5.842892e-07    3.784249e-07    1.518697e-07    4.324195e-07 
S-35               4.938485e-27    1.000000e-99    9.204142e-28    4.018071e-27 
S-36               9.805997e-09    1.616049e-09    1.794443e-09    8.011555e-09 
S-37               1.363489e-99    1.000000e-99   3.694802e-100   9.940084e-100 
S-38               1.363489e-99    1.000000e-99   3.694802e-100   9.940084e-100 
Cl-34              1.363489e-99    1.000000e-99   3.694802e-100   9.940084e-100 
Cl-35              1.785163e-07    1.365445e-07    4.921262e-08    1.293037e-07 
Cl-36              1.387979e-09    1.000000e-99    2.514063e-10    1.136573e-09 
Cl-37              1.858002e-07    4.615730e-08    3.568984e-08    1.501104e-07 
Cl-38              1.363489e-99    1.000000e-99   3.694802e-100   9.940084e-100 
Cl-39              1.363489e-99    1.000000e-99   3.694802e-100   9.940084e-100 
Cl-40              1.363489e-99    1.000000e-99   3.694802e-100   9.940084e-100 
Ar-35              1.363489e-99    1.000000e-99   3.694802e-100   9.940084e-100 
Ar-36              4.280381e-06    3.276034e-06    1.180500e-06    3.099881e-06 
Ar-37              1.357190e-20    1.000000e-99    2.291026e-21    1.128087e-20 
Ar-38              4.982547e-07    3.151126e-07    1.270960e-07    3.711586e-07 
Ar-39              3.934853e-17    1.000000e-99    5.463548e-18    3.388498e-17 
Ar-40              4.294451e-09    5.305174e-10    7.372283e-10    3.557222e-09 
Ar-41              1.363489e-99    1.000000e-99   3.694802e-100   9.940084e-100 
Ar-42              4.023714e-26    1.000000e-99    5.982334e-27    3.425480e-26 
Ar-43              1.363489e-99    1.000000e-99   3.694802e-100   9.940084e-100 
Ar-44              1.363489e-99    1.000000e-99   3.694802e-100   9.940084e-100 
K-38               1.363489e-99    1.000000e-99   3.694802e-100   9.940084e-100 
K-39               1.159450e-07    7.806465e-08    3.016566e-08    8.577931e-08 
K-40               1.623436e-09    6.627798e-12    2.492754e-10    1.374160e-09 
K-41               1.791317e-08    5.922653e-09    3.804564e-09    1.410861e-08 
K-42               1.363489e-99    1.000000e-99   3.694802e-100   9.940084e-100 
K-43               1.363489e-99    1.000000e-99   3.694802e-100   9.940084e-100 
K-44               1.363489e-99    1.000000e-99   3.694802e-100   9.940084e-100 
K-45               1.363489e-99    1.000000e-99   3.694802e-100   9.940084e-100 
K-46               1.363489e-99    1.000000e-99   3.694802e-100   9.940084e-100 
Ca-39              1.363489e-99    1.000000e-99   3.694802e-100   9.940084e-100 
Ca-40              3.184250e-06    2.411411e-06    8.746253e-07    2.309625e-06 
Ca-41              1.987259e-10    1.000000e-99    3.555000e-11    1.631759e-10 
Ca-42              2.153317e-08    1.013577e-08    4.947901e-09    1.658527e-08 
Ca-43              4.571868e-09    2.165237e-09    1.041328e-09    3.530540e-09 
Ca-44              5.108930e-08    3.423499e-08    1.324360e-08    3.784570e-08 
Ca-45              8.233713e-26    1.000000e-99    1.507802e-26    6.725911e-26 
Ca-46              1.479951e-10    6.863111e-11    3.569522e-11    1.122999e-10 
Ca-47              1.363489e-99    1.000000e-99   3.694802e-100   9.940084e-100 
Ca-48              4.531464e-09    3.348004e-09    1.231775e-09    3.299689e-09 
Ca-49              1.363489e-99    1.000000e-99   3.694802e-100   9.940084e-100 
Sc-43              1.363489e-99    1.000000e-99   3.694802e-100   9.940084e-100 
Sc-44              1.363489e-99    1.000000e-99   3.694802e-100   9.940084e-100 
Sc-45              2.482121e-09    1.083717e-09    5.523833e-10    1.929738e-09 
Sc-46              1.263711e-26    1.000000e-99    2.331760e-27    1.030535e-26 
Sc-47              1.363489e-99    1.000000e-99   3.694802e-100   9.940084e-100 
Sc-48              1.363489e-99    1.000000e-99   3.694802e-100   9.940084e-100 
Sc-49              1.363489e-99    1.000000e-99   3.694802e-100   9.940084e-100 
Sc-50              1.363489e-99    1.000000e-99   3.694802e-100   9.940084e-100 
Ti-44              1.363489e-99    1.000000e-99   3.694802e-100   9.940084e-100 
Ti-45              1.363489e-99    1.000000e-99   3.694802e-100   9.940084e-100 
Ti-46              1.035381e-08    6.469375e-09    2.606629e-09    7.747186e-09 
Ti-47              8.035724e-09    5.959349e-09    2.171205e-09    5.864519e-09 
Ti-48              1.367957e-07    1.075300e-07    3.803345e-08    9.876230e-08 
Ti-49              1.226195e-08    4.518728e-09    2.773090e-09    9.488861e-09 
Ti-50              2.083842e-08    4.419997e-09    4.102373e-09    1.673605e-08 
Ti-51              1.363489e-99    1.000000e-99   3.694802e-100   9.940084e-100 
Ti-52              1.363489e-99    1.000000e-99   3.694802e-100   9.940084e-100 
V-47               1.363489e-99    1.000000e-99   3.694802e-100   9.940084e-100 
V-48               1.363489e-99    1.000000e-99   3.694802e-100   9.940084e-100 
V-49               5.139445e-27    1.000000e-99    7.639178e-28    4.375527e-27 
V-50               2.521632e-11    2.032786e-11    7.079171e-12    1.813715e-11 
V-51               1.142513e-08    8.282998e-09    3.079410e-09    8.345717e-09 
V-52               1.363489e-99    1.000000e-99   3.694802e-100   9.940084e-100 
V-53               1.363489e-99    1.000000e-99   3.694802e-100   9.940084e-100 
Cr-48              1.363489e-99    1.000000e-99   3.694802e-100   9.940084e-100 
Cr-49              1.363489e-99    1.000000e-99   3.694802e-100   9.940084e-100 
Cr-50              2.050590e-08    1.654562e-08    5.758609e-09    1.474729e-08 
Cr-51              9.823111e-23    1.000000e-99    1.696501e-23    8.126610e-23 
Cr-52              4.406829e-07    3.318151e-07    1.207699e-07    3.199130e-07 
Cr-53              5.037853e-08    3.834688e-08    1.386321e-08    3.651532e-08 
Cr-54              2.645768e-08    9.724628e-09    5.806957e-09    2.065073e-08 
Cr-55              1.363489e-99    1.000000e-99   3.694802e-100   9.940084e-100 
Cr-56              1.363489e-99    1.000000e-99   3.694802e-100   9.940084e-100 
Mn-51              1.363489e-99    1.000000e-99   3.694802e-100   9.940084e-100 
Mn-52              1.363489e-99    1.000000e-99   3.694802e-100   9.940084e-100 
Mn-53              4.367928e-20    1.000000e-99    6.314821e-21    3.736446e-20 
Mn-54              1.363489e-99    1.000000e-99   3.694802e-100   9.940084e-100 
Mn-55              3.208959e-07    2.198193e-07    8.529485e-08    2.356010e-07 
Mn-56              1.363489e-99    1.000000e-99   3.694802e-100   9.940084e-100 
Mn-57              1.363489e-99    1.000000e-99   3.694802e-100   9.940084e-100 
Fe-52              1.363489e-99    1.000000e-99   3.694802e-100   9.940084e-100 
Fe-53              1.363489e-99    1.000000e-99   3.694802e-100   9.940084e-100 
Fe-54              2.041300e-06    1.625105e-06    5.706409e-07    1.470659e-06 
Fe-55              8.545228e-15    1.000000e-99    1.186354e-15    7.358874e-15 
Fe-56              3.473880e-05    2.645551e-05    9.562100e-06    2.517670e-05 
Fe-57              1.169752e-06    6.218834e-07    2.895397e-07    8.802122e-07 
Fe-58              7.113362e-07    8.421322e-08    1.321421e-07    5.791941e-07 
Fe-59              1.287161e-25    1.000000e-99    2.414395e-26    1.045721e-25 
Fe-60              3.277349e-09    1.000000e-99    6.177065e-10    2.659643e-09 
Fe-61              1.363489e-99    1.000000e-99   3.694802e-100   9.940084e-100 
Co-55              1.363489e-99    1.000000e-99   3.694802e-100   9.940084e-100 
Co-56              1.363489e-99    1.000000e-99   3.694802e-100   9.940084e-100 
Co-57              2.011248e-26    1.000000e-99    2.575445e-27    1.753703e-26 
Co-58              1.363489e-99    1.000000e-99   3.694802e-100   9.940084e-100 
Co-59              2.459524e-07    7.990155e-08    5.117977e-08    1.947726e-07 
Co-60              1.937775e-22    1.000000e-99    3.256969e-23    1.612079e-22 
Co-61              1.363489e-99    1.000000e-99   3.694802e-100   9.940084e-100 
Co-62              1.363489e-99    1.000000e-99   3.694802e-100   9.940084e-100 
Co-63              1.363489e-99    1.000000e-99   3.694802e-100   9.940084e-100 
Ni-56              1.363489e-99    1.000000e-99   3.694802e-100   9.940084e-100 
Ni-57              1.363489e-99    1.000000e-99   3.694802e-100   9.940084e-100 
Ni-58              1.443202e-06    1.143223e-06    4.026886e-07    1.040513e-06 
Ni-59              1.559367e-08    1.000000e-99    2.899930e-09    1.269374e-08 
Ni-60              7.304685e-07    4.555525e-07    1.838396e-07    5.466289e-07 
Ni-61              8.446313e-08    2.013260e-08    1.601270e-08    6.845043e-08 
Ni-62              1.976810e-07    6.524385e-08    3.890610e-08    1.587749e-07 
Ni-63              2.868875e-17    1.000000e-99    3.615502e-18    2.507324e-17 
Ni-64              8.670677e-08    1.715167e-08    1.387153e-08    7.283525e-08 
Ni-65              1.363489e-99    1.000000e-99   3.694802e-100   9.940084e-100 
Ni-66              1.363489e-99    1.000000e-99   3.694802e-100   9.940084e-100 
Ni-67              1.363489e-99    1.000000e-99   3.694802e-100   9.940084e-100 
Ni-68              1.363489e-99    1.000000e-99   3.694802e-100   9.940084e-100 
Cu-60              1.363489e-99    1.000000e-99   3.694802e-100   9.940084e-100 
Cu-61              1.363489e-99    1.000000e-99   3.694802e-100   9.940084e-100 
Cu-62              1.363489e-99    1.000000e-99   3.694802e-100   9.940084e-100 
Cu-63              6.700332e-08    1.321255e-08    1.126662e-08    5.573670e-08 
Cu-64              1.363489e-99    1.000000e-99   3.694802e-100   9.940084e-100 
Cu-65              4.352532e-08    6.074824e-09    6.272374e-09    3.725294e-08 
Cu-66              1.363489e-99    1.000000e-99   3.694802e-100   9.940084e-100 
Cu-67              1.363489e-99    1.000000e-99   3.694802e-100   9.940084e-100 
Cu-68              1.363489e-99    1.000000e-99   3.694802e-100   9.940084e-100 
Cu-69              1.363489e-99    1.000000e-99   3.694802e-100   9.940084e-100 
Cu-70              1.363489e-99    1.000000e-99   3.694802e-100   9.940084e-100 
Cu-71              1.363489e-99    1.000000e-99   3.694802e-100   9.940084e-100 
Zn-62              1.363489e-99    1.000000e-99   3.694802e-100   9.940084e-100 
Zn-63              1.363489e-99    1.000000e-99   3.694802e-100   9.940084e-100 
Zn-64              4.715733e-08    2.263536e-08    1.022039e-08    3.693694e-08 
Zn-65              2.000338e-19    1.000000e-99    2.552938e-20    1.745044e-19 
Zn-66              3.998545e-08    1.339218e-08    7.310034e-09    3.267542e-08 
Zn-67              7.328095e-09    1.997845e-09    1.237797e-09    6.090298e-09 
Zn-68              3.274338e-08    9.272853e-09    5.503657e-09    2.723972e-08 
Zn-69              1.363489e-99    1.000000e-99   3.694802e-100   9.940084e-100 
Zn-70              4.114462e-10    3.156406e-10    1.130645e-10    2.983817e-10 
Zn-71              1.363489e-99    1.000000e-99   3.694802e-100   9.940084e-100 
Zn-72              1.363489e-99    1.000000e-99   3.694802e-100   9.940084e-100 
Zn-73              1.363489e-99    1.000000e-99   3.694802e-100   9.940084e-100 
Zn-74              1.363489e-99    1.000000e-99   3.694802e-100   9.940084e-100 
Ga-65              1.363489e-99    1.000000e-99   3.694802e-100   9.940084e-100 
Ga-66              1.363489e-99    1.000000e-99   3.694802e-100   9.940084e-100 
Ga-67              1.363489e-99    1.000000e-99   3.694802e-100   9.940084e-100 
Ga-68              1.363489e-99    1.000000e-99   3.694802e-100   9.940084e-100 
Ga-69              4.146761e-09    9.109275e-10    6.401072e-10    3.506654e-09 
Ga-70              1.363489e-99    1.000000e-99   3.694802e-100   9.940084e-100 
Ga-71              3.118281e-09    6.220831e-10    4.646287e-10    2.653652e-09 
Ga-72              1.363489e-99    1.000000e-99   3.694802e-100   9.940084e-100 
Ga-73              1.363489e-99    1.000000e-99   3.694802e-100   9.940084e-100 
Ga-74              1.363489e-99    1.000000e-99   3.694802e-100   9.940084e-100 
Ga-75              1.363489e-99    1.000000e-99   3.694802e-100   9.940084e-100 
Ge-66              1.363489e-99    1.000000e-99   3.694802e-100   9.940084e-100 
Ge-67              1.363489e-99    1.000000e-99   3.694802e-100   9.940084e-100 
Ge-68              1.363489e-99    1.000000e-99   3.694802e-100   9.940084e-100 
Ge-69              1.363489e-99    1.000000e-99   3.694802e-100   9.940084e-100 
Ge-70              5.484629e-09    1.032364e-09    8.092555e-10    4.675374e-09 
Ge-71              1.363489e-99    1.000000e-99   3.694802e-100   9.940084e-100 
Ge-72              5.306569e-09    1.383309e-09    8.645748e-10    4.441994e-09 
Ge-73              1.452426e-09    3.912682e-10    2.396041e-10    1.212821e-09 
Ge-74              6.925785e-09    1.847350e-09    1.148506e-09    5.777279e-09 
Ge-75              1.363489e-99    1.000000e-99   3.694802e-100   9.940084e-100 
Ge-76              5.027830e-10    3.929372e-10    1.396304e-10    3.631525e-10 
Ge-77              1.363489e-99    1.000000e-99   3.694802e-100   9.940084e-100 
Ge-78              1.363489e-99    1.000000e-99   3.694802e-100   9.940084e-100 
As-69              1.363489e-99    1.000000e-99   3.694802e-100   9.940084e-100 
As-70              1.363489e-99    1.000000e-99   3.694802e-100   9.940084e-100 
As-71              1.363489e-99    1.000000e-99   3.694802e-100   9.940084e-100 
As-72              1.363489e-99    1.000000e-99   3.694802e-100   9.940084e-100 
As-73              1.363489e-99    1.000000e-99   3.694802e-100   9.940084e-100 
As-74              1.363489e-99    1.000000e-99   3.694802e-100   9.940084e-100 
As-75              8.013482e-10    2.862625e-10    1.481253e-10    6.532229e-10 
As-76              1.363489e-99    1.000000e-99   3.694802e-100   9.940084e-100 
As-77              1.363489e-99    1.000000e-99   3.694802e-100   9.940084e-100 
As-78              1.363489e-99    1.000000e-99   3.694802e-100   9.940084e-100 
As-79              1.363489e-99    1.000000e-99   3.694802e-100   9.940084e-100 
As-80              1.363489e-99    1.000000e-99   3.694802e-100   9.940084e-100 
As-81              1.363489e-99    1.000000e-99   3.694802e-100   9.940084e-100 
Se-72              1.363489e-99    1.000000e-99   3.694802e-100   9.940084e-100 
Se-73              1.363489e-99    1.000000e-99   3.694802e-100   9.940084e-100 
Se-74              2.865686e-11    2.397931e-11    8.162662e-12    2.049419e-11 
Se-75              1.363489e-99    1.000000e-99   3.694802e-100   9.940084e-100 
Se-76              1.304261e-09    2.594603e-10    1.996589e-10    1.104602e-09 
Se-77              6.422830e-10    2.142905e-10    1.164424e-10    5.258406e-10 
Se-78              2.943813e-09    6.758705e-10    4.771714e-10    2.466641e-09 
Se-79              1.272149e-14    1.000000e-99    1.316473e-15    1.140502e-14 
Se-80              2.884666e-09    1.446559e-09    6.567896e-10    2.227877e-09 
Se-81              1.363489e-99    1.000000e-99   3.694802e-100   9.940084e-100 
Se-82              3.409227e-10    2.609643e-10    9.403176e-11    2.468909e-10 
Se-83              1.363489e-99    1.000000e-99   3.694802e-100   9.940084e-100 
Se-84              1.363489e-99    1.000000e-99   3.694802e-100   9.940084e-100 
Br-74              1.363489e-99    1.000000e-99   3.694802e-100   9.940084e-100 
Br-75              1.363489e-99    1.000000e-99   3.694802e-100   9.940084e-100 
Br-76              1.363489e-99    1.000000e-99   3.694802e-100   9.940084e-100 
Br-77              1.363489e-99    1.000000e-99   3.694802e-100   9.940084e-100 
Br-78              1.363489e-99    1.000000e-99   3.694802e-100   9.940084e-100 
Br-79              6.523663e-10    2.781111e-10    1.328055e-10    5.195608e-10 
Br-80              1.363489e-99    1.000000e-99   3.694802e-100   9.940084e-100 
Br-81              6.772348e-10    2.774332e-10    1.385744e-10    5.386604e-10 
Br-82              1.363489e-99    1.000000e-99   3.694802e-100   9.940084e-100 
Br-83              1.363489e-99    1.000000e-99   3.694802e-100   9.940084e-100 
Br-84              1.363489e-99    1.000000e-99   3.694802e-100   9.940084e-100 
Br-85              1.363489e-99    1.000000e-99   3.694802e-100   9.940084e-100 
Br-86              1.363489e-99    1.000000e-99   3.694802e-100   9.940084e-100 
Br-87              1.363489e-99    1.000000e-99   3.694802e-100   9.940084e-100 
Kr-76              1.363489e-99    1.000000e-99   3.694802e-100   9.940084e-100 
Kr-77              1.363489e-99    1.000000e-99   3.694802e-100   9.940084e-100 
Kr-78              9.337897e-12    7.807399e-12    2.659042e-12    6.678855e-12 
Kr-79              1.363489e-99    1.000000e-99   3.694802e-100   9.940084e-100 
Kr-80              2.658587e-10    5.154056e-11    4.008354e-11    2.257751e-10 
Kr-81              3.468044e-14    1.000000e-99    3.759987e-15    3.092045e-14 
Kr-82              1.460640e-09    2.641453e-10    2.311070e-10    1.229533e-09 
Kr-83              7.062355e-10    2.650716e-10    1.385734e-10    5.676621e-10 
Kr-84              3.767672e-09    1.321584e-09    7.335208e-10    3.034151e-09 
Kr-85              3.956393e-23    1.000000e-99    6.871041e-24    3.269289e-23 
Kr-86              1.380143e-09    4.092442e-10    2.853278e-10    1.094815e-09 
Kr-87              1.363489e-99    1.000000e-99   3.694802e-100   9.940084e-100 
Kr-88              1.363489e-99    1.000000e-99   3.694802e-100   9.940084e-100 
Kr-89              1.363489e-99    1.000000e-99   3.694802e-100   9.940084e-100 
Kr-90              1.363489e-99    1.000000e-99   3.694802e-100   9.940084e-100 
Rb-79              1.363489e-99    1.000000e-99   3.694802e-100   9.940084e-100 
Rb-80              1.363489e-99    1.000000e-99   3.694802e-100   9.940084e-100 
Rb-81              1.363489e-99    1.000000e-99   3.694802e-100   9.940084e-100 
Rb-82              1.363489e-99    1.000000e-99   3.694802e-100   9.940084e-100 
Rb-83              1.363489e-99    1.000000e-99   3.694802e-100   9.940084e-100 
Rb-84              1.363489e-99    1.000000e-99   3.694802e-100   9.940084e-100 
Rb-85              7.474349e-10    2.567149e-10    1.466130e-10    6.008219e-10 
Rb-86              1.363489e-99    1.000000e-99   3.694802e-100   9.940084e-100 
Rb-87              3.032444e-10    9.988678e-11    6.337440e-11    2.398700e-10 
Rb-88              1.363489e-99    1.000000e-99   3.694802e-100   9.940084e-100 
Rb-89              1.363489e-99    1.000000e-99   3.694802e-100   9.940084e-100 
Rb-90              1.363489e-99    1.000000e-99   3.694802e-100   9.940084e-100 
Rb-91              1.363489e-99    1.000000e-99   3.694802e-100   9.940084e-100 
Sr-80              1.363489e-99    1.000000e-99   3.694802e-100   9.940084e-100 
Sr-81              1.363489e-99    1.000000e-99   3.694802e-100   9.940084e-100 
Sr-82              1.363489e-99    1.000000e-99   3.694802e-100   9.940084e-100 
Sr-83              1.363489e-99    1.000000e-99   3.694802e-100   9.940084e-100 
Sr-84              7.680939e-12    6.461803e-12    2.192828e-12    5.488110e-12 
Sr-85              1.363489e-99    1.000000e-99   3.694802e-100   9.940084e-100 
Sr-86              1.106713e-09    1.169962e-10    1.708891e-10    9.358244e-10 
Sr-87              7.131133e-10    9.040166e-11    1.141052e-10    5.990080e-10 
Sr-88              1.757534e-08    1.003060e-09    2.887766e-09    1.468758e-08 
Sr-89              7.978263e-27    1.000000e-99    1.519438e-27    6.458825e-27 
Sr-90              1.229174e-22    1.000000e-99    1.976881e-23    1.031486e-22 
Sr-91              1.363489e-99    1.000000e-99   3.694802e-100   9.940084e-100 
Sr-92              1.363489e-99    1.000000e-99   3.694802e-100   9.940084e-100 
Sr-93              1.363489e-99    1.000000e-99   3.694802e-100   9.940084e-100 
Sr-94              1.363489e-99    1.000000e-99   3.694802e-100   9.940084e-100 
Y-85               1.363489e-99    1.000000e-99   3.694802e-100   9.940084e-100 
Y-86               1.363489e-99    1.000000e-99   3.694802e-100   9.940084e-100 
Y-87               1.363489e-99    1.000000e-99   3.694802e-100   9.940084e-100 
Y-88               1.363489e-99    1.000000e-99   3.694802e-100   9.940084e-100 
Y-89               4.672024e-09    2.460896e-10    7.562940e-10    3.915730e-09 
Y-90               3.127734e-26    1.000000e-99    5.028572e-27    2.624877e-26 
Y-91               1.363489e-99    1.000000e-99   3.694802e-100   9.940084e-100 
Y-92               1.363489e-99    1.000000e-99   3.694802e-100   9.940084e-100 
Y-93               1.363489e-99    1.000000e-99   3.694802e-100   9.940084e-100 
Y-94               1.363489e-99    1.000000e-99   3.694802e-100   9.940084e-100 
Y-95               1.363489e-99    1.000000e-99   3.694802e-100   9.940084e-100 
Y-96               1.363489e-99    1.000000e-99   3.694802e-100   9.940084e-100 
Zr-86              1.363489e-99    1.000000e-99   3.694802e-100   9.940084e-100 
Zr-87              1.363489e-99    1.000000e-99   3.694802e-100   9.940084e-100 
Zr-88              1.363489e-99    1.000000e-99   3.694802e-100   9.940084e-100 
Zr-89              1.363489e-99    1.000000e-99   3.694802e-100   9.940084e-100 
Zr-90              6.381064e-09    3.071482e-10    1.056387e-09    5.324677e-09 
Zr-91              1.537456e-09    6.774130e-11    2.506211e-10    1.286835e-09 
Zr-92              2.606716e-09    1.046294e-10    4.244417e-10    2.182274e-09 
Zr-93              1.891367e-12    1.000000e-99    2.978511e-13    1.593516e-12 
Zr-94              4.282905e-09    1.083629e-10    7.070559e-10    3.575849e-09 
Zr-95              1.849709e-26    1.000000e-99    3.515536e-27    1.498155e-26 
Zr-96              5.408208e-11    1.782286e-11    1.088831e-11    4.319377e-11 
Zr-97              1.363489e-99    1.000000e-99   3.694802e-100   9.940084e-100 
Zr-98              1.363489e-99    1.000000e-99   3.694802e-100   9.940084e-100 
Nb-89              1.363489e-99    1.000000e-99   3.694802e-100   9.940084e-100 
Nb-90              1.363489e-99    1.000000e-99   3.694802e-100   9.940084e-100 
Nb-91              1.363489e-99    1.000000e-99   3.694802e-100   9.940084e-100 
Nb-92              1.363489e-99    1.000000e-99   3.694802e-100   9.940084e-100 
Nb-93              9.495588e-10    3.803524e-11    1.555648e-10    7.939940e-10 
Nb-94              5.477133e-19    1.000000e-99    8.725137e-20    4.604619e-19 
Nb-95              1.816420e-26    1.000000e-99    3.446896e-27    1.471731e-26 
Nb-96              1.363489e-99    1.000000e-99   3.694802e-100   9.940084e-100 
Nb-97              1.363489e-99    1.000000e-99   3.694802e-100   9.940084e-100 
Nb-98              1.363489e-99    1.000000e-99   3.694802e-100   9.940084e-100 
Nb-99              1.363489e-99    1.000000e-99   3.694802e-100   9.940084e-100 
Mo-90              1.363489e-99    1.000000e-99   3.694802e-100   9.940084e-100 
Mo-91              1.363489e-99    1.000000e-99   3.694802e-100   9.940084e-100 
Mo-92              2.492354e-11    2.026813e-11    7.018661e-12    1.790488e-11 
Mo-93              3.762390e-19    1.000000e-99    4.789235e-20    3.283466e-19 
Mo-94              7.128482e-11    1.290664e-11    1.286826e-11    5.841656e-11 
Mo-95              4.939829e-10    2.245808e-11    8.248350e-11    4.114994e-10 
Mo-96              9.986362e-10    2.377146e-11    1.625730e-10    8.360632e-10 
Mo-97              3.485746e-10    1.376291e-11    5.776008e-11    2.908145e-10 
Mo-98              1.265191e-09    3.511873e-11    2.077920e-10    1.057399e-09 
Mo-99              1.363489e-99    1.000000e-99   3.694802e-100   9.940084e-100 
Mo-100             2.833220e-11    1.430498e-11    6.584013e-12    2.174818e-11 
Mo-101             1.363489e-99    1.000000e-99   3.694802e-100   9.940084e-100 
Mo-102             1.363489e-99    1.000000e-99   3.694802e-100   9.940084e-100 
Tc-93              1.363489e-99    1.000000e-99   3.694802e-100   9.940084e-100 
Tc-94              1.363489e-99    1.000000e-99   3.694802e-100   9.940084e-100 
Tc-95              1.363489e-99    1.000000e-99   3.694802e-100   9.940084e-100 
Tc-96              1.363489e-99    1.000000e-99   3.694802e-100   9.940084e-100 
Tc-97              1.333054e-16    1.000000e-99    2.186769e-17    1.114377e-16 
Tc-98              1.513148e-16    1.000000e-99    2.227902e-17    1.290358e-16 
Tc-99              3.321044e-14    1.000000e-99    5.211308e-15    2.799913e-14 
Tc-100             1.363489e-99    1.000000e-99   3.694802e-100   9.940084e-100 
Tc-101             1.363489e-99    1.000000e-99   3.694802e-100   9.940084e-100 
Tc-102             1.363489e-99    1.000000e-99   3.694802e-100   9.940084e-100 
Tc-103             1.363489e-99    1.000000e-99   3.694802e-100   9.940084e-100 
Tc-104             1.363489e-99    1.000000e-99   3.694802e-100   9.940084e-100 
Tc-105             1.363489e-99    1.000000e-99   3.694802e-100   9.940084e-100 
Ru-94              1.363489e-99    1.000000e-99   3.694802e-100   9.940084e-100 
Ru-95              1.363489e-99    1.000000e-99   3.694802e-100   9.940084e-100 
Ru-96              7.040787e-12    5.856538e-12    2.000502e-12    5.040284e-12 
Ru-97              1.363489e-99    1.000000e-99   3.694802e-100   9.940084e-100 
Ru-98              2.538440e-12    2.016007e-12    7.076098e-13    1.830830e-12 
Ru-99              1.879507e-10    1.390329e-11    3.223462e-11    1.557161e-10 
Ru-100             6.365252e-10    1.386826e-11    1.045091e-10    5.320161e-10 
Ru-101             1.585148e-10    1.896722e-11    2.835373e-11    1.301611e-10 
Ru-102             8.960821e-10    3.542655e-11    1.493756e-10    7.467065e-10 
Ru-103             1.363489e-99    1.000000e-99   3.694802e-100   9.940084e-100 
Ru-104             3.784696e-11    2.131766e-11    9.178154e-12    2.866880e-11 
Ru-105             1.363489e-99    1.000000e-99   3.694802e-100   9.940084e-100 
Ru-106             1.363489e-99    1.000000e-99   3.694802e-100   9.940084e-100 
Rh-98              1.363489e-99    1.000000e-99   3.694802e-100   9.940084e-100 
Rh-99              1.363489e-99    1.000000e-99   3.694802e-100   9.940084e-100 
Rh-100             1.363489e-99    1.000000e-99   3.694802e-100   9.940084e-100 
Rh-101             1.363489e-99    1.000000e-99   3.694802e-100   9.940084e-100 
Rh-102             1.363489e-99    1.000000e-99   3.694802e-100   9.940084e-100 
Rh-103             1.800622e-10    2.111254e-11    3.216934e-11    1.478928e-10 
Rh-104             1.363489e-99    1.000000e-99   3.694802e-100   9.940084e-100 
Rh-105             1.363489e-99    1.000000e-99   3.694802e-100   9.940084e-100 
Rh-106             1.363489e-99    1.000000e-99   3.694802e-100   9.940084e-100 
Rh-107             1.363489e-99    1.000000e-99   3.694802e-100   9.940084e-100 
Rh-108             1.363489e-99    1.000000e-99   3.694802e-100   9.940084e-100 
Pd-99              1.363489e-99    1.000000e-99   3.694802e-100   9.940084e-100 
Pd-100             1.363489e-99    1.000000e-99   3.694802e-100   9.940084e-100 
Pd-101             1.363489e-99    1.000000e-99   3.694802e-100   9.940084e-100 
Pd-102             1.008960e-12    8.489919e-13    2.880728e-13    7.208874e-13 
Pd-103             1.363489e-99    1.000000e-99   3.694802e-100   9.940084e-100 
Pd-104             4.902749e-10    9.454133e-12    8.085393e-11    4.094210e-10 
Pd-105             1.493600e-10    1.913292e-11    2.704805e-11    1.223120e-10 
Pd-106             6.019470e-10    2.364007e-11    1.009406e-10    5.010064e-10 
Pd-107             1.034080e-12    1.000000e-99    1.674346e-13    8.666450e-13 
Pd-108             7.597752e-10    2.331937e-11    1.264078e-10    6.333674e-10 
Pd-109             1.363489e-99    1.000000e-99   3.694802e-100   9.940084e-100 
Pd-110             2.744927e-11    1.052019e-11    5.885766e-12    2.156351e-11 
Pd-111             1.363489e-99    1.000000e-99   3.694802e-100   9.940084e-100 
Pd-112             1.363489e-99    1.000000e-99   3.694802e-100   9.940084e-100 
Ag-101             1.363489e-99    1.000000e-99   3.694802e-100   9.940084e-100 
Ag-102             1.363489e-99    1.000000e-99   3.694802e-100   9.940084e-100 
Ag-103             1.363489e-99    1.000000e-99   3.694802e-100   9.940084e-100 
Ag-104             1.363489e-99    1.000000e-99   3.694802e-100   9.940084e-100 
Ag-105             1.363489e-99    1.000000e-99   3.694802e-100   9.940084e-100 
Ag-106             1.363489e-99    1.000000e-99   3.694802e-100   9.940084e-100 
Ag-107             1.327572e-10    1.569442e-11    2.382254e-11    1.089347e-10 
Ag-108             1.363489e-99    1.000000e-99   3.694802e-100   9.940084e-100 
Ag-109             2.295413e-10    1.485331e-11    3.935371e-11    1.901876e-10 
Ag-110             1.363489e-99    1.000000e-99   3.694802e-100   9.940084e-100 
Ag-111             1.363489e-99    1.000000e-99   3.694802e-100   9.940084e-100 
Ag-112             1.363489e-99    1.000000e-99   3.694802e-100   9.940084e-100 
Ag-113             1.363489e-99    1.000000e-99   3.694802e-100   9.940084e-100 
Cd-102             1.363489e-99    1.000000e-99   3.694802e-100   9.940084e-100 
Cd-103             1.363489e-99    1.000000e-99   3.694802e-100   9.940084e-100 
Cd-104             1.363489e-99    1.000000e-99   3.694802e-100   9.940084e-100 
Cd-105             1.363489e-99    1.000000e-99   3.694802e-100   9.940084e-100 
Cd-106             1.514902e-12    1.270337e-12    4.318952e-13    1.083007e-12 
Cd-107             1.363489e-99    1.000000e-99   3.694802e-100   9.940084e-100 
Cd-108             4.464527e-12    9.215458e-13    8.464798e-13    3.618047e-12 
Cd-109             3.596274e-26    1.000000e-99    6.800777e-27    2.916196e-26 
Cd-110             6.458292e-10    1.317220e-11    1.067290e-10    5.391002e-10 
Cd-111             2.332484e-10    1.362185e-11    3.994091e-11    1.933075e-10 
Cd-112             8.620508e-10    2.591066e-11    1.437440e-10    7.183068e-10 
Cd-113             2.654445e-10    1.323893e-11    4.512480e-11    2.203197e-10 
Cd-114             1.290484e-09    3.140101e-11    2.141291e-10    1.076355e-09 
Cd-115             1.528089e-27    1.000000e-99    2.869825e-28    1.241107e-27 
Cd-116             3.073711e-11    8.329961e-12    6.023039e-12    2.471407e-11 
Cd-117             1.363489e-99    1.000000e-99   3.694802e-100   9.940084e-100 
Cd-118             1.363489e-99    1.000000e-99   3.694802e-100   9.940084e-100 
In-106             1.363489e-99    1.000000e-99   3.694802e-100   9.940084e-100 
In-107             1.363489e-99    1.000000e-99   3.694802e-100   9.940084e-100 
In-108             1.363489e-99    1.000000e-99   3.694802e-100   9.940084e-100 
In-109             1.363489e-99    1.000000e-99   3.694802e-100   9.940084e-100 
In-110             1.363489e-99    1.000000e-99   3.694802e-100   9.940084e-100 
In-111             1.363489e-99    1.000000e-99   3.694802e-100   9.940084e-100 
In-112             1.363489e-99    1.000000e-99   3.694802e-100   9.940084e-100 
In-113             6.354593e-13    5.212394e-13    1.794414e-13    4.560179e-13 
In-114             1.363489e-99    1.000000e-99   3.694802e-100   9.940084e-100 
In-115             2.637749e-10    1.184041e-11    4.460783e-11    2.191670e-10 
In-116             1.363489e-99    1.000000e-99   3.694802e-100   9.940084e-100 
In-117             1.363489e-99    1.000000e-99   3.694802e-100   9.940084e-100 
In-118             1.363489e-99    1.000000e-99   3.694802e-100   9.940084e-100 
In-119             1.363489e-99    1.000000e-99   3.694802e-100   9.940084e-100 
Sn-108             1.363489e-99    1.000000e-99   3.694802e-100   9.940084e-100 
Sn-109             1.363489e-99    1.000000e-99   3.694802e-100   9.940084e-100 
Sn-110             1.363489e-99    1.000000e-99   3.694802e-100   9.940084e-100 
Sn-111             1.363489e-99    1.000000e-99   3.694802e-100   9.940084e-100 
Sn-112             2.935887e-12    2.444221e-12    8.344719e-13    2.101415e-12 
Sn-113             1.363489e-99    1.000000e-99   3.694802e-100   9.940084e-100 
Sn-114             2.166991e-12    1.688470e-12    5.985710e-13    1.568420e-12 
Sn-115             1.113358e-12    8.762135e-13    3.088869e-13    8.044713e-13 
Sn-116             1.709744e-09    3.789711e-11    2.821294e-10    1.427615e-09 
Sn-117             5.591611e-10    2.018478e-11    9.376641e-11    4.653947e-10 
Sn-118             2.542591e-09    6.424112e-11    4.181360e-10    2.124455e-09 
Sn-119             8.057609e-10    2.296098e-11    1.336971e-10    6.720638e-10 
Sn-120             4.171282e-09    8.790403e-11    6.862466e-10    3.485036e-09 
Sn-121             1.363489e-99    1.000000e-99   3.694802e-100   9.940084e-100 
Sn-122             1.947792e-10    1.269259e-11    3.429483e-11    1.604844e-10 
Sn-123             1.363489e-99    1.000000e-99   3.694802e-100   9.940084e-100 
Sn-124             2.093542e-11    1.613349e-11    5.784957e-12    1.515047e-11 
Sn-125             1.363489e-99    1.000000e-99   3.694802e-100   9.940084e-100 
Sn-126             2.438791e-20    1.000000e-99    4.638446e-21    1.974946e-20 
Sn-127             1.363489e-99    1.000000e-99   3.694802e-100   9.940084e-100 
Sn-128             1.363489e-99    1.000000e-99   3.694802e-100   9.940084e-100 
Sn-129             1.363489e-99    1.000000e-99   3.694802e-100   9.940084e-100 
Sn-130             1.363489e-99    1.000000e-99   3.694802e-100   9.940084e-100 
Sb-112             1.363489e-99    1.000000e-99   3.694802e-100   9.940084e-100 
Sb-113             1.363489e-99    1.000000e-99   3.694802e-100   9.940084e-100 
Sb-114             1.363489e-99    1.000000e-99   3.694802e-100   9.940084e-100 
Sb-115             1.363489e-99    1.000000e-99   3.694802e-100   9.940084e-100 
Sb-116             1.363489e-99    1.000000e-99   3.694802e-100   9.940084e-100 
Sb-117             1.363489e-99    1.000000e-99   3.694802e-100   9.940084e-100 
Sb-118             1.363489e-99    1.000000e-99   3.694802e-100   9.940084e-100 
Sb-119             1.363489e-99    1.000000e-99   3.694802e-100   9.940084e-100 
Sb-120             1.363489e-99    1.000000e-99   3.694802e-100   9.940084e-100 
Sb-121             3.368377e-10    1.264688e-11    5.653626e-11    2.803014e-10 
Sb-122             1.363489e-99    1.000000e-99   3.694802e-100   9.940084e-100 
Sb-123             4.111114e-11    9.614529e-12    8.001122e-12    3.311002e-11 
Sb-124             1.363489e-99    1.000000e-99   3.694802e-100   9.940084e-100 
Sb-125             1.539856e-27    1.000000e-99    2.845584e-28    1.255298e-27 
Sb-126             1.388701e-26    1.000000e-99    2.641154e-27    1.124586e-26 
Sb-127             1.363489e-99    1.000000e-99   3.694802e-100   9.940084e-100 
Sb-128             1.363489e-99    1.000000e-99   3.694802e-100   9.940084e-100 
Sb-129             1.363489e-99    1.000000e-99   3.694802e-100   9.940084e-100 
Sb-130             1.363489e-99    1.000000e-99   3.694802e-100   9.940084e-100 
Sb-131             1.363489e-99    1.000000e-99   3.694802e-100   9.940084e-100 
Sb-132             1.363489e-99    1.000000e-99   3.694802e-100   9.940084e-100 
Sb-133             1.363489e-99    1.000000e-99   3.694802e-100   9.940084e-100 
Te-114             1.363489e-99    1.000000e-99   3.694802e-100   9.940084e-100 
Te-115             1.363489e-99    1.000000e-99   3.694802e-100   9.940084e-100 
Te-116             1.363489e-99    1.000000e-99   3.694802e-100   9.940084e-100 
Te-117             1.363489e-99    1.000000e-99   3.694802e-100   9.940084e-100 
Te-118             1.363489e-99    1.000000e-99   3.694802e-100   9.940084e-100 
Te-119             1.363489e-99    1.000000e-99   3.694802e-100   9.940084e-100 
Te-120             3.857105e-13    3.259535e-13    1.103274e-13    2.753831e-13 
Te-121             1.363489e-99    1.000000e-99   3.694802e-100   9.940084e-100 
Te-122             5.612222e-10    8.985395e-12    9.282107e-11    4.684011e-10 
Te-123             2.036232e-10    3.159877e-12    3.376533e-11    1.698579e-10 
Te-124             1.145042e-09    1.689707e-11    1.894662e-10    9.555762e-10 
Te-125             4.144189e-10    2.524937e-11    7.153333e-11    3.428856e-10 
Te-126             2.290439e-09    6.756609e-11    3.847613e-10    1.905678e-09 
Te-127             1.363489e-99    1.000000e-99   3.694802e-100   9.940084e-100 
Te-128             4.393643e-10    1.147610e-10    9.156728e-11    3.477971e-10 
Te-129             1.363489e-99    1.000000e-99   3.694802e-100   9.940084e-100 
Te-130             1.606225e-10    1.243227e-10    4.447595e-11    1.161466e-10 
Te-131             1.363489e-99    1.000000e-99   3.694802e-100   9.940084e-100 
Te-132             1.363489e-99    1.000000e-99   3.694802e-100   9.940084e-100 
Te-133             1.363489e-99    1.000000e-99   3.694802e-100   9.940084e-100 
Te-134             1.363489e-99    1.000000e-99   3.694802e-100   9.940084e-100 
I-117              1.363489e-99    1.000000e-99   3.694802e-100   9.940084e-100 
I-118              1.363489e-99    1.000000e-99   3.694802e-100   9.940084e-100 
I-119              1.363489e-99    1.000000e-99   3.694802e-100   9.940084e-100 
I-120              1.363489e-99    1.000000e-99   3.694802e-100   9.940084e-100 
I-121              1.363489e-99    1.000000e-99   3.694802e-100   9.940084e-100 
I-122              1.363489e-99    1.000000e-99   3.694802e-100   9.940084e-100 
I-123              1.363489e-99    1.000000e-99   3.694802e-100   9.940084e-100 
I-124              1.363489e-99    1.000000e-99   3.694802e-100   9.940084e-100 
I-125              1.363489e-99    1.000000e-99   3.694802e-100   9.940084e-100 
I-126              1.363489e-99    1.000000e-99   3.694802e-100   9.940084e-100 
I-127              3.273556e-10    2.920834e-11    5.788391e-11    2.694717e-10 
I-128              1.363489e-99    1.000000e-99   3.694802e-100   9.940084e-100 
I-129              1.249300e-14    1.000000e-99    2.151645e-15    1.034136e-14 
I-130              1.363489e-99    1.000000e-99   3.694802e-100   9.940084e-100 
I-131              1.363489e-99    1.000000e-99   3.694802e-100   9.940084e-100 
I-132              1.363489e-99    1.000000e-99   3.694802e-100   9.940084e-100 
I-133              1.363489e-99    1.000000e-99   3.694802e-100   9.940084e-100 
I-134              1.363489e-99    1.000000e-99   3.694802e-100   9.940084e-100 
I-135              1.363489e-99    1.000000e-99   3.694802e-100   9.940084e-100 
Xe-118             1.363489e-99    1.000000e-99   3.694802e-100   9.940084e-100 
Xe-119             1.363489e-99    1.000000e-99   3.694802e-100   9.940084e-100 
Xe-120             1.363489e-99    1.000000e-99   3.694802e-100   9.940084e-100 
Xe-121             1.363489e-99    1.000000e-99   3.694802e-100   9.940084e-100 
Xe-122             1.363489e-99    1.000000e-99   3.694802e-100   9.940084e-100 
Xe-123             1.363489e-99    1.000000e-99   3.694802e-100   9.940084e-100 
Xe-124             5.222875e-13    4.422976e-13    1.495268e-13    3.727607e-13 
Xe-125             1.363489e-99    1.000000e-99   3.694802e-100   9.940084e-100 
Xe-126             4.654846e-13    3.902040e-13    1.326807e-13    3.328039e-13 
Xe-127             1.363489e-99    1.000000e-99   3.694802e-100   9.940084e-100 
Xe-128             7.322482e-10    7.892562e-12    1.220272e-10    6.102210e-10 
Xe-129             4.352942e-10    9.794752e-11    8.623495e-11    3.490593e-10 
Xe-130             1.727976e-09    1.574420e-11    2.904423e-10    1.437534e-09 
Xe-131             7.305413e-10    7.896433e-11    1.322875e-10    5.982539e-10 
Xe-132             3.434084e-09    9.621051e-11    5.820649e-10    2.852019e-09 
Xe-133             1.363489e-99    1.000000e-99   3.694802e-100   9.940084e-100 
Xe-134             9.079177e-11    3.579193e-11    1.982519e-11    7.096658e-11 
Xe-135             1.363489e-99    1.000000e-99   3.694802e-100   9.940084e-100 
Xe-136             4.047990e-11    2.959490e-11    1.096363e-11    2.951627e-11 
Xe-137             1.363489e-99    1.000000e-99   3.694802e-100   9.940084e-100 
Xe-138             1.363489e-99    1.000000e-99   3.694802e-100   9.940084e-100 
Cs-123             1.363489e-99    1.000000e-99   3.694802e-100   9.940084e-100 
Cs-124             1.363489e-99    1.000000e-99   3.694802e-100   9.940084e-100 
Cs-125             1.363489e-99    1.000000e-99   3.694802e-100   9.940084e-100 
Cs-126             1.363489e-99    1.000000e-99   3.694802e-100   9.940084e-100 
Cs-127             1.363489e-99    1.000000e-99   3.694802e-100   9.940084e-100 
Cs-128             1.363489e-99    1.000000e-99   3.694802e-100   9.940084e-100 
Cs-129             1.363489e-99    1.000000e-99   3.694802e-100   9.940084e-100 
Cs-130             1.363489e-99    1.000000e-99   3.694802e-100   9.940084e-100 
Cs-131             1.363489e-99    1.000000e-99   3.694802e-100   9.940084e-100 
Cs-132             1.363489e-99    1.000000e-99   3.694802e-100   9.940084e-100 
Cs-133             4.763901e-10    2.854663e-11    8.279543e-11    3.935947e-10 
Cs-134             3.486206e-25    1.000000e-99    6.529562e-26    2.833250e-25 
Cs-135             2.674224e-13    1.000000e-99    4.239493e-14    2.250274e-13 
Cs-136             1.363489e-99    1.000000e-99   3.694802e-100   9.940084e-100 
Cs-137             2.436631e-22    1.000000e-99    3.957231e-23    2.040908e-22 
Cs-138             1.363489e-99    1.000000e-99   3.694802e-100   9.940084e-100 
Cs-139             1.363489e-99    1.000000e-99   3.694802e-100   9.940084e-100 
Ba-124             1.363489e-99    1.000000e-99   3.694802e-100   9.940084e-100 
Ba-125             1.363489e-99    1.000000e-99   3.694802e-100   9.940084e-100 
Ba-126             1.363489e-99    1.000000e-99   3.694802e-100   9.940084e-100 
Ba-127             1.363489e-99    1.000000e-99   3.694802e-100   9.940084e-100 
Ba-128             1.363489e-99    1.000000e-99   3.694802e-100   9.940084e-100 
Ba-129             1.363489e-99    1.000000e-99   3.694802e-100   9.940084e-100 
Ba-130             4.284477e-13    3.631886e-13    1.227131e-13    3.057347e-13 
Ba-131             1.363489e-99    1.000000e-99   3.694802e-100   9.940084e-100 
Ba-132             4.198148e-13    3.527424e-13    1.197832e-13    3.000316e-13 
Ba-133             1.363489e-99    1.000000e-99   3.694802e-100   9.940084e-100 
Ba-134             1.313270e-09    8.552334e-12    2.203736e-10    1.092897e-09 
Ba-135             5.783809e-10    2.349926e-11    9.901975e-11    4.793611e-10 
Ba-136             3.565798e-09    2.820186e-11    5.921958e-10    2.973602e-09 
Ba-137             2.967981e-09    4.063318e-11    4.967889e-10    2.471192e-09 
Ba-138             4.446280e-08    2.612735e-10    7.603533e-09    3.685926e-08 
Ba-139             1.363489e-99    1.000000e-99   3.694802e-100   9.940084e-100 
Ba-140             1.363489e-99    1.000000e-99   3.694802e-100   9.940084e-100 
Ba-141             1.363489e-99    1.000000e-99   3.694802e-100   9.940084e-100 
Ba-142             1.363489e-99    1.000000e-99   3.694802e-100   9.940084e-100 
La-127             1.363489e-99    1.000000e-99   3.694802e-100   9.940084e-100 
La-128             1.363489e-99    1.000000e-99   3.694802e-100   9.940084e-100 
La-129             1.363489e-99    1.000000e-99   3.694802e-100   9.940084e-100 
La-130             1.363489e-99    1.000000e-99   3.694802e-100   9.940084e-100 
La-131             1.363489e-99    1.000000e-99   3.694802e-100   9.940084e-100 
La-132             1.363489e-99    1.000000e-99   3.694802e-100   9.940084e-100 
La-133             1.363489e-99    1.000000e-99   3.694802e-100   9.940084e-100 
La-134             1.363489e-99    1.000000e-99   3.694802e-100   9.940084e-100 
La-135             1.363489e-99    1.000000e-99   3.694802e-100   9.940084e-100 
La-136             1.363489e-99    1.000000e-99   3.694802e-100   9.940084e-100 
La-137             1.639230e-21    1.000000e-99    2.611027e-22    1.378127e-21 
La-138             3.759125e-14    3.209127e-14    1.075857e-14    2.683268e-14 
La-139             5.362550e-09    3.583655e-11    9.219080e-10    4.440642e-09 
La-140             1.363489e-99    1.000000e-99   3.694802e-100   9.940084e-100 
La-141             1.363489e-99    1.000000e-99   3.694802e-100   9.940084e-100 
La-142             1.363489e-99    1.000000e-99   3.694802e-100   9.940084e-100 
La-143             1.363489e-99    1.000000e-99   3.694802e-100   9.940084e-100 
Ce-130             1.363489e-99    1.000000e-99   3.694802e-100   9.940084e-100 
Ce-131             1.363489e-99    1.000000e-99   3.694802e-100   9.940084e-100 
Ce-132             1.363489e-99    1.000000e-99   3.694802e-100   9.940084e-100 
Ce-133             1.363489e-99    1.000000e-99   3.694802e-100   9.940084e-100 
Ce-134             1.363489e-99    1.000000e-99   3.694802e-100   9.940084e-100 
Ce-135             1.363489e-99    1.000000e-99   3.694802e-100   9.940084e-100 
Ce-136             1.999959e-13    1.677857e-13    5.702958e-14    1.429663e-13 
Ce-137             1.363489e-99    1.000000e-99   3.694802e-100   9.940084e-100 
Ce-138             2.778718e-13    2.297552e-13    7.876905e-14    1.991028e-13 
Ce-139             1.363489e-99    1.000000e-99   3.694802e-100   9.940084e-100 
Ce-140             1.884644e-08    8.213422e-11    3.321687e-09    1.552475e-08 
Ce-141             5.683493e-27    1.000000e-99    1.092076e-27    4.591417e-27 
Ce-142             6.341985e-11    1.046796e-11    1.162974e-11    5.179010e-11 
Ce-143             1.363489e-99    1.000000e-99   3.694802e-100   9.940084e-100 
Ce-144             1.363489e-99    1.000000e-99   3.694802e-100   9.940084e-100 
Ce-145             1.363489e-99    1.000000e-99   3.694802e-100   9.940084e-100 
Ce-146             1.363489e-99    1.000000e-99   3.694802e-100   9.940084e-100 
Pr-133             1.363489e-99    1.000000e-99   3.694802e-100   9.940084e-100 
Pr-134             1.363489e-99    1.000000e-99   3.694802e-100   9.940084e-100 
Pr-135             1.363489e-99    1.000000e-99   3.694802e-100   9.940084e-100 
Pr-136             1.363489e-99    1.000000e-99   3.694802e-100   9.940084e-100 
Pr-137             1.363489e-99    1.000000e-99   3.694802e-100   9.940084e-100 
Pr-138             1.363489e-99    1.000000e-99   3.694802e-100   9.940084e-100 
Pr-139             1.363489e-99    1.000000e-99   3.694802e-100   9.940084e-100 
Pr-140             1.363489e-99    1.000000e-99   3.694802e-100   9.940084e-100 
Pr-141             1.569531e-09    1.383319e-11    2.729161e-10    1.296615e-09 
Pr-142             1.363489e-99    1.000000e-99   3.694802e-100   9.940084e-100 
Pr-143             1.363489e-99    1.000000e-99   3.694802e-100   9.940084e-100 
Pr-144             1.363489e-99    1.000000e-99   3.694802e-100   9.940084e-100 
Pr-145             1.363489e-99    1.000000e-99   3.694802e-100   9.940084e-100 
Pr-146             1.363489e-99    1.000000e-99   3.694802e-100   9.940084e-100 
Pr-147             1.363489e-99    1.000000e-99   3.694802e-100   9.940084e-100 
Pr-148             1.363489e-99    1.000000e-99   3.694802e-100   9.940084e-100 
Pr-149             1.363489e-99    1.000000e-99   3.694802e-100   9.940084e-100 
Nd-134             1.363489e-99    1.000000e-99   3.694802e-100   9.940084e-100 
Nd-135             1.363489e-99    1.000000e-99   3.694802e-100   9.940084e-100 
Nd-136             1.363489e-99    1.000000e-99   3.694802e-100   9.940084e-100 
Nd-137             1.363489e-99    1.000000e-99   3.694802e-100   9.940084e-100 
Nd-138             1.363489e-99    1.000000e-99   3.694802e-100   9.940084e-100 
Nd-139             1.363489e-99    1.000000e-99   3.694802e-100   9.940084e-100 
Nd-140             1.363489e-99    1.000000e-99   3.694802e-100   9.940084e-100 
Nd-141             1.363489e-99    1.000000e-99   3.694802e-100   9.940084e-100 
Nd-142             5.002439e-09    1.985735e-11    8.743257e-10    4.128114e-09 
Nd-143             6.805909e-10    8.975175e-12    1.188382e-10    5.617527e-10 
Nd-144             2.172208e-09    1.766809e-11    3.799127e-10    1.792296e-09 
Nd-145             3.928234e-10    6.196540e-12    6.892634e-11    3.238970e-10 
Nd-146             2.120866e-09    1.290703e-11    3.751656e-10    1.745700e-09 
Nd-147             1.363489e-99    1.000000e-99   3.694802e-100   9.940084e-100 
Nd-148             6.028933e-11    4.373980e-12    1.053869e-11    4.975064e-11 
Nd-149             1.363489e-99    1.000000e-99   3.694802e-100   9.940084e-100 
Nd-150             5.374654e-12    4.340410e-12    1.508108e-12    3.866546e-12 
Nd-151             1.363489e-99    1.000000e-99   3.694802e-100   9.940084e-100 
Nd-152             1.363489e-99    1.000000e-99   3.694802e-100   9.940084e-100 
Pm-137             1.363489e-99    1.000000e-99   3.694802e-100   9.940084e-100 
Pm-138             1.363489e-99    1.000000e-99   3.694802e-100   9.940084e-100 
Pm-139             1.363489e-99    1.000000e-99   3.694802e-100   9.940084e-100 
Pm-140             1.363489e-99    1.000000e-99   3.694802e-100   9.940084e-100 
Pm-141             1.363489e-99    1.000000e-99   3.694802e-100   9.940084e-100 
Pm-142             1.363489e-99    1.000000e-99   3.694802e-100   9.940084e-100 
Pm-143             1.363489e-99    1.000000e-99   3.694802e-100   9.940084e-100 
Pm-144             1.363489e-99    1.000000e-99   3.694802e-100   9.940084e-100 
Pm-145             9.932582e-27    1.000000e-99    1.836604e-27    8.095978e-27 
Pm-146             1.363489e-99    1.000000e-99   3.694802e-100   9.940084e-100 
Pm-147             1.089649e-23    1.000000e-99    2.037613e-24    8.858876e-24 
Pm-148             1.363489e-99    1.000000e-99   3.694802e-100   9.940084e-100 
Pm-149             1.363489e-99    1.000000e-99   3.694802e-100   9.940084e-100 
Pm-150             1.363489e-99    1.000000e-99   3.694802e-100   9.940084e-100 
Pm-151             1.363489e-99    1.000000e-99   3.694802e-100   9.940084e-100 
Pm-152             1.363489e-99    1.000000e-99   3.694802e-100   9.940084e-100 
Pm-153             1.363489e-99    1.000000e-99   3.694802e-100   9.940084e-100 
Pm-154             1.363489e-99    1.000000e-99   3.694802e-100   9.940084e-100 
Sm-140             1.363489e-99    1.000000e-99   3.694802e-100   9.940084e-100 
Sm-141             1.363489e-99    1.000000e-99   3.694802e-100   9.940084e-100 
Sm-142             1.363489e-99    1.000000e-99   3.694802e-100   9.940084e-100 
Sm-143             1.363489e-99    1.000000e-99   3.694802e-100   9.940084e-100 
Sm-144             9.044582e-13    7.373688e-13    2.549241e-13    6.495341e-13 
Sm-145             1.363489e-99    1.000000e-99   3.694802e-100   9.940084e-100 
Sm-146             5.103239e-15    1.000000e-99    8.572737e-16    4.245966e-15 
Sm-147             2.158637e-10    3.672152e-12    3.837086e-11    1.774929e-10 
Sm-148             6.892957e-10    2.771752e-12    1.219832e-10    5.673126e-10 
Sm-149             9.932750e-11    3.430543e-12    1.790075e-11    8.142675e-11 
Sm-150             4.401218e-10    1.844282e-12    7.733386e-11    3.627879e-10 
Sm-151             8.118785e-20    1.000000e-99    1.504946e-20    6.613839e-20 
Sm-152             3.029705e-10    6.772395e-12    5.342328e-11    2.495472e-10 
Sm-153             1.363489e-99    1.000000e-99   3.694802e-100   9.940084e-100 
Sm-154             2.970460e-11    5.837723e-12    5.701370e-12    2.400323e-11 
Sm-155             1.363489e-99    1.000000e-99   3.694802e-100   9.940084e-100 
Sm-156             1.363489e-99    1.000000e-99   3.694802e-100   9.940084e-100 
Sm-157             1.363489e-99    1.000000e-99   3.694802e-100   9.940084e-100 
Sm-158             1.363489e-99    1.000000e-99   3.694802e-100   9.940084e-100 
Eu-143             1.363489e-99    1.000000e-99   3.694802e-100   9.940084e-100 
Eu-144             1.363489e-99    1.000000e-99   3.694802e-100   9.940084e-100 
Eu-145             1.363489e-99    1.000000e-99   3.694802e-100   9.940084e-100 
Eu-146             1.363489e-99    1.000000e-99   3.694802e-100   9.940084e-100 
Eu-147             1.363489e-99    1.000000e-99   3.694802e-100   9.940084e-100 
Eu-148             1.363489e-99    1.000000e-99   3.694802e-100   9.940084e-100 
Eu-149             1.363489e-99    1.000000e-99   3.694802e-100   9.940084e-100 
Eu-150             1.363489e-99    1.000000e-99   3.694802e-100   9.940084e-100 
Eu-151             6.173813e-11    4.075669e-12    1.138643e-11    5.035170e-11 
Eu-152             3.796090e-25    1.000000e-99    7.507529e-26    3.045337e-25 
Eu-153             6.690800e-11    4.507979e-12    1.218983e-11    5.471817e-11 
Eu-154             4.209491e-25    1.000000e-99    8.079719e-26    3.401519e-25 
Eu-155             6.033289e-25    1.000000e-99    1.156784e-25    4.876505e-25 
Eu-156             1.363489e-99    1.000000e-99   3.694802e-100   9.940084e-100 
Eu-157             1.363489e-99    1.000000e-99   3.694802e-100   9.940084e-100 
Eu-158             1.363489e-99    1.000000e-99   3.694802e-100   9.940084e-100 
Eu-159             1.363489e-99    1.000000e-99   3.694802e-100   9.940084e-100 
Gd-144             1.363489e-99    1.000000e-99   3.694802e-100   9.940084e-100 
Gd-145             1.363489e-99    1.000000e-99   3.694802e-100   9.940084e-100 
Gd-146             1.363489e-99    1.000000e-99   3.694802e-100   9.940084e-100 
Gd-147             1.363489e-99    1.000000e-99   3.694802e-100   9.940084e-100 
Gd-148             1.363489e-99    1.000000e-99   3.694802e-100   9.940084e-100 
Gd-149             1.363489e-99    1.000000e-99   3.694802e-100   9.940084e-100 
Gd-150             1.363489e-99    1.000000e-99   3.694802e-100   9.940084e-100 
Gd-151             1.363489e-99    1.000000e-99   3.694802e-100   9.940084e-100 
Gd-152             3.131263e-11    5.899685e-14    5.428753e-12    2.588388e-11 
Gd-153             3.807718e-25    1.000000e-99    7.196112e-26    3.088107e-25 
Gd-154             1.481665e-10    6.424801e-13    2.596789e-11    1.221986e-10 
Gd-155             6.794105e-11    4.388244e-12    1.246223e-11    5.547883e-11 
Gd-156             2.815780e-10    6.107581e-12    5.047387e-11    2.311041e-10 
Gd-157             1.314820e-10    4.700750e-12    2.382088e-11    1.076611e-10 
Gd-158             5.553423e-10    7.506184e-12    9.931205e-11    4.560302e-10 
Gd-159             1.363489e-99    1.000000e-99   3.694802e-100   9.940084e-100 
Gd-160             2.362573e-11    6.691798e-12    4.829312e-12    1.879642e-11 
Gd-161             1.363489e-99    1.000000e-99   3.694802e-100   9.940084e-100 
Gd-162             1.363489e-99    1.000000e-99   3.694802e-100   9.940084e-100 
Tb-147             1.363489e-99    1.000000e-99   3.694802e-100   9.940084e-100 
Tb-148             1.363489e-99    1.000000e-99   3.694802e-100   9.940084e-100 
Tb-149             1.363489e-99    1.000000e-99   3.694802e-100   9.940084e-100 
Tb-150             1.363489e-99    1.000000e-99   3.694802e-100   9.940084e-100 
Tb-151             1.363489e-99    1.000000e-99   3.694802e-100   9.940084e-100 
Tb-152             1.363489e-99    1.000000e-99   3.694802e-100   9.940084e-100 
Tb-153             1.363489e-99    1.000000e-99   3.694802e-100   9.940084e-100 
Tb-154             1.363489e-99    1.000000e-99   3.694802e-100   9.940084e-100 
Tb-155             1.363489e-99    1.000000e-99   3.694802e-100   9.940084e-100 
Tb-156             1.363489e-99    1.000000e-99   3.694802e-100   9.940084e-100 
Tb-157             2.009297e-20    1.000000e-99    3.596368e-21    1.649660e-20 
Tb-158             4.763205e-22    1.000000e-99    7.941557e-23    3.969049e-22 
Tb-159             1.245247e-10    5.534779e-12    2.275024e-11    1.017745e-10 
Tb-160             4.679659e-27    1.000000e-99    8.907766e-28    3.788882e-27 
Tb-161             1.363489e-99    1.000000e-99   3.694802e-100   9.940084e-100 
Tb-162             1.363489e-99    1.000000e-99   3.694802e-100   9.940084e-100 
Tb-163             1.363489e-99    1.000000e-99   3.694802e-100   9.940084e-100 
Tb-164             1.363489e-99    1.000000e-99   3.694802e-100   9.940084e-100 
Tb-165             1.363489e-99    1.000000e-99   3.694802e-100   9.940084e-100 
Dy-148             1.363489e-99    1.000000e-99   3.694802e-100   9.940084e-100 
Dy-149             1.363489e-99    1.000000e-99   3.694802e-100   9.940084e-100 
Dy-150             1.363489e-99    1.000000e-99   3.694802e-100   9.940084e-100 
Dy-151             1.363489e-99    1.000000e-99   3.694802e-100   9.940084e-100 
Dy-152             1.363489e-99    1.000000e-99   3.694802e-100   9.940084e-100 
Dy-153             1.363489e-99    1.000000e-99   3.694802e-100   9.940084e-100 
Dy-154             1.363489e-99    1.000000e-99   3.694802e-100   9.940084e-100 
Dy-155             1.363489e-99    1.000000e-99   3.694802e-100   9.940084e-100 
Dy-156             2.363220e-14    2.009166e-14    6.777034e-15    1.685516e-14 
Dy-157             1.363489e-99    1.000000e-99   3.694802e-100   9.940084e-100 
Dy-158             2.687538e-13    3.488442e-14    4.585737e-14    2.228964e-13 
Dy-159             1.828915e-27    1.000000e-99    3.422782e-28    1.486636e-27 
Dy-160             2.012877e-10    8.610711e-13    3.577346e-11    1.655142e-10 
Dy-161             1.023514e-10    7.001976e-12    1.902638e-11    8.332501e-11 
Dy-162             4.344794e-10    9.504486e-12    7.828674e-11    3.561927e-10 
Dy-163             1.334545e-10    9.334480e-12    2.498662e-11    1.084679e-10 
Dy-164             6.825338e-10    1.063266e-11    1.252787e-10    5.572552e-10 
Dy-165             1.363489e-99    1.000000e-99   3.694802e-100   9.940084e-100 
Dy-166             1.363489e-99    1.000000e-99   3.694802e-100   9.940084e-100 
Dy-167             1.363489e-99    1.000000e-99   3.694802e-100   9.940084e-100 
Dy-168             1.363489e-99    1.000000e-99   3.694802e-100   9.940084e-100 
Ho-153             1.363489e-99    1.000000e-99   3.694802e-100   9.940084e-100 
Ho-154             1.363489e-99    1.000000e-99   3.694802e-100   9.940084e-100 
Ho-155             1.363489e-99    1.000000e-99   3.694802e-100   9.940084e-100 
Ho-156             1.363489e-99    1.000000e-99   3.694802e-100   9.940084e-100 
Ho-157             1.363489e-99    1.000000e-99   3.694802e-100   9.940084e-100 
Ho-158             1.363489e-99    1.000000e-99   3.694802e-100   9.940084e-100 
Ho-159             1.363489e-99    1.000000e-99   3.694802e-100   9.940084e-100 
Ho-160             1.363489e-99    1.000000e-99   3.694802e-100   9.940084e-100 
Ho-161             1.363489e-99    1.000000e-99   3.694802e-100   9.940084e-100 
Ho-162             1.363489e-99    1.000000e-99   3.694802e-100   9.940084e-100 
Ho-163             2.933189e-16    1.000000e-99    5.517845e-17    2.381405e-16 
Ho-164             1.363489e-99    1.000000e-99   3.694802e-100   9.940084e-100 
Ho-165             1.907669e-10    8.495464e-12    3.509182e-11    1.556751e-10 
Ho-166             1.363489e-99    1.000000e-99   3.694802e-100   9.940084e-100 
Ho-167             1.363489e-99    1.000000e-99   3.694802e-100   9.940084e-100 
Ho-168             1.363489e-99    1.000000e-99   3.694802e-100   9.940084e-100 
Ho-169             1.363489e-99    1.000000e-99   3.694802e-100   9.940084e-100 
Er-154             1.363489e-99    1.000000e-99   3.694802e-100   9.940084e-100 
Er-155             1.363489e-99    1.000000e-99   3.694802e-100   9.940084e-100 
Er-156             1.363489e-99    1.000000e-99   3.694802e-100   9.940084e-100 
Er-157             1.363489e-99    1.000000e-99   3.694802e-100   9.940084e-100 
Er-158             1.363489e-99    1.000000e-99   3.694802e-100   9.940084e-100 
Er-159             1.363489e-99    1.000000e-99   3.694802e-100   9.940084e-100 
Er-160             1.363489e-99    1.000000e-99   3.694802e-100   9.940084e-100 
Er-161             1.363489e-99    1.000000e-99   3.694802e-100   9.940084e-100 
Er-162             3.788158e-14    3.220615e-14    1.086336e-14    2.701822e-14 
Er-163             1.363489e-99    1.000000e-99   3.694802e-100   9.940084e-100 
Er-164             8.971880e-11    3.829156e-13    1.564779e-11    7.407100e-11 
Er-165             1.363489e-99    1.000000e-99   3.694802e-100   9.940084e-100 
Er-166             3.479643e-10    8.096173e-12    6.323649e-11    2.847278e-10 
Er-167             1.488168e-10    5.556786e-12    2.734260e-11    1.214742e-10 
Er-168             6.226675e-10    6.531083e-12    1.119758e-10    5.106918e-10 
Er-169             1.363489e-99    1.000000e-99   3.694802e-100   9.940084e-100 
Er-170             6.074818e-11    3.683086e-12    1.064706e-11    5.010112e-11 
Er-171             1.363489e-99    1.000000e-99   3.694802e-100   9.940084e-100 
Er-172             1.363489e-99    1.000000e-99   3.694802e-100   9.940084e-100 
Er-173             1.363489e-99    1.000000e-99   3.694802e-100   9.940084e-100 
Er-174             1.363489e-99    1.000000e-99   3.694802e-100   9.940084e-100 
Er-175             1.363489e-99    1.000000e-99   3.694802e-100   9.940084e-100 
Tm-159             1.363489e-99    1.000000e-99   3.694802e-100   9.940084e-100 
Tm-160             1.363489e-99    1.000000e-99   3.694802e-100   9.940084e-100 
Tm-161             1.363489e-99    1.000000e-99   3.694802e-100   9.940084e-100 
Tm-162             1.363489e-99    1.000000e-99   3.694802e-100   9.940084e-100 
Tm-163             1.363489e-99    1.000000e-99   3.694802e-100   9.940084e-100 
Tm-164             1.363489e-99    1.000000e-99   3.694802e-100   9.940084e-100 
Tm-165             1.363489e-99    1.000000e-99   3.694802e-100   9.940084e-100 
Tm-166             1.363489e-99    1.000000e-99   3.694802e-100   9.940084e-100 
Tm-167             1.363489e-99    1.000000e-99   3.694802e-100   9.940084e-100 
Tm-168             1.363489e-99    1.000000e-99   3.694802e-100   9.940084e-100 
Tm-169             1.186550e-10    3.711845e-12    2.164733e-11    9.700772e-11 
Tm-170             2.152329e-25    1.000000e-99    4.098606e-26    1.742469e-25 
Tm-171             2.905712e-25    1.000000e-99    5.569782e-26    2.348734e-25 
Tm-172             1.363489e-99    1.000000e-99   3.694802e-100   9.940084e-100 
Tm-173             1.363489e-99    1.000000e-99   3.694802e-100   9.940084e-100 
Tm-174             1.363489e-99    1.000000e-99   3.694802e-100   9.940084e-100 
Tm-175             1.363489e-99    1.000000e-99   3.694802e-100   9.940084e-100 
Tm-176             1.363489e-99    1.000000e-99   3.694802e-100   9.940084e-100 
Yb-160             1.363489e-99    1.000000e-99   3.694802e-100   9.940084e-100 
Yb-161             1.363489e-99    1.000000e-99   3.694802e-100   9.940084e-100 
Yb-162             1.363489e-99    1.000000e-99   3.694802e-100   9.940084e-100 
Yb-163             1.363489e-99    1.000000e-99   3.694802e-100   9.940084e-100 
Yb-164             1.363489e-99    1.000000e-99   3.694802e-100   9.940084e-100 
Yb-165             1.363489e-99    1.000000e-99   3.694802e-100   9.940084e-100 
Yb-166             1.363489e-99    1.000000e-99   3.694802e-100   9.940084e-100 
Yb-167             1.363489e-99    1.000000e-99   3.694802e-100   9.940084e-100 
Yb-168             3.729581e-14    3.169245e-14    1.069313e-14    2.660268e-14 
Yb-169             1.363489e-99    1.000000e-99   3.694802e-100   9.940084e-100 
Yb-170             2.238409e-10    7.499386e-13    4.013300e-11    1.837079e-10 
Yb-171             1.991723e-10    3.543460e-12    3.596951e-11    1.632028e-10 
Yb-172             6.202946e-10    5.448606e-12    1.115118e-10    5.087828e-10 
Yb-173             2.920613e-10    4.049335e-12    5.251941e-11    2.395419e-10 
Yb-174             1.382795e-09    8.036909e-12    2.472107e-10    1.135585e-09 
Yb-175             1.363489e-99    1.000000e-99   3.694802e-100   9.940084e-100 
Yb-176             6.153221e-10    3.260584e-12    1.124356e-10    5.028864e-10 
Yb-177             1.363489e-99    1.000000e-99   3.694802e-100   9.940084e-100 
Yb-178             1.363489e-99    1.000000e-99   3.694802e-100   9.940084e-100 
Yb-179             1.363489e-99    1.000000e-99   3.694802e-100   9.940084e-100 
Yb-180             1.363489e-99    1.000000e-99   3.694802e-100   9.940084e-100 
Lu-165             1.363489e-99    1.000000e-99   3.694802e-100   9.940084e-100 
Lu-166             1.363489e-99    1.000000e-99   3.694802e-100   9.940084e-100 
Lu-167             1.363489e-99    1.000000e-99   3.694802e-100   9.940084e-100 
Lu-168             1.363489e-99    1.000000e-99   3.694802e-100   9.940084e-100 
Lu-169             1.363489e-99    1.000000e-99   3.694802e-100   9.940084e-100 
Lu-170             1.363489e-99    1.000000e-99   3.694802e-100   9.940084e-100 
Lu-171             1.363489e-99    1.000000e-99   3.694802e-100   9.940084e-100 
Lu-172             1.363489e-99    1.000000e-99   3.694802e-100   9.940084e-100 
Lu-173             1.363489e-99    1.000000e-99   3.694802e-100   9.940084e-100 
Lu-174             1.363489e-99    1.000000e-99   3.694802e-100   9.940084e-100 
Lu-175             1.876513e-10    3.659077e-12    3.381678e-11    1.538346e-10 
Lu-176             6.843034e-11    9.417743e-14    1.203400e-11    5.639634e-11 
Lu-177             1.363489e-99    1.000000e-99   3.694802e-100   9.940084e-100 
Lu-178             1.363489e-99    1.000000e-99   3.694802e-100   9.940084e-100 
Lu-179             1.363489e-99    1.000000e-99   3.694802e-100   9.940084e-100 
Lu-180             1.363489e-99    1.000000e-99   3.694802e-100   9.940084e-100 
Lu-181             1.363489e-99    1.000000e-99   3.694802e-100   9.940084e-100 
Lu-182             1.363489e-99    1.000000e-99   3.694802e-100   9.940084e-100 
Hf-166             1.363489e-99    1.000000e-99   3.694802e-100   9.940084e-100 
Hf-167             1.363489e-99    1.000000e-99   3.694802e-100   9.940084e-100 
Hf-168             1.363489e-99    1.000000e-99   3.694802e-100   9.940084e-100 
Hf-169             1.363489e-99    1.000000e-99   3.694802e-100   9.940084e-100 
Hf-170             1.363489e-99    1.000000e-99   3.694802e-100   9.940084e-100 
Hf-171             1.363489e-99    1.000000e-99   3.694802e-100   9.940084e-100 
Hf-172             1.363489e-99    1.000000e-99   3.694802e-100   9.940084e-100 
Hf-173             1.363489e-99    1.000000e-99   3.694802e-100   9.940084e-100 
Hf-174             2.902980e-14    2.464719e-14    8.320174e-15    2.070963e-14 
Hf-175             1.363489e-99    1.000000e-99   3.694802e-100   9.940084e-100 
Hf-176             8.703640e-11    8.096813e-13    1.590031e-11    7.113609e-11 
Hf-177             1.707937e-10    2.878236e-12    3.087322e-11    1.399204e-10 
Hf-178             7.445828e-10    4.246501e-12    1.334275e-10    6.111553e-10 
Hf-179             2.536680e-10    2.132127e-12    4.550662e-11    2.081614e-10 
Hf-180             1.485228e-09    5.521852e-12    2.672687e-10    1.217959e-09 
Hf-181             2.197846e-27    1.000000e-99    4.195806e-28    1.778265e-27 
Hf-182             1.106913e-13    1.000000e-99    1.802633e-14    9.266496e-14 
Hf-183             1.363489e-99    1.000000e-99   3.694802e-100   9.940084e-100 
Hf-184             1.363489e-99    1.000000e-99   3.694802e-100   9.940084e-100 
Hf-185             1.363489e-99    1.000000e-99   3.694802e-100   9.940084e-100 
Ta-169             1.363489e-99    1.000000e-99   3.694802e-100   9.940084e-100 
Ta-170             1.363489e-99    1.000000e-99   3.694802e-100   9.940084e-100 
Ta-171             1.363489e-99    1.000000e-99   3.694802e-100   9.940084e-100 
Ta-172             1.363489e-99    1.000000e-99   3.694802e-100   9.940084e-100 
Ta-173             1.363489e-99    1.000000e-99   3.694802e-100   9.940084e-100 
Ta-174             1.363489e-99    1.000000e-99   3.694802e-100   9.940084e-100 
Ta-175             1.363489e-99    1.000000e-99   3.694802e-100   9.940084e-100 
Ta-176             1.363489e-99    1.000000e-99   3.694802e-100   9.940084e-100 
Ta-177             1.363489e-99    1.000000e-99   3.694802e-100   9.940084e-100 
Ta-178             1.363489e-99    1.000000e-99   3.694802e-100   9.940084e-100 
Ta-179             3.872497e-25    1.000000e-99    7.104121e-26    3.162085e-25 
Ta-180             5.890500e-16    4.862732e-16    1.669928e-16    4.220572e-16 
Ta-181             2.912118e-10    3.974920e-12    5.254813e-11    2.386637e-10 
Ta-182             3.897911e-21    1.000000e-99    6.347850e-22    3.263126e-21 
Ta-183             1.363489e-99    1.000000e-99   3.694802e-100   9.940084e-100 
Ta-184             1.363489e-99    1.000000e-99   3.694802e-100   9.940084e-100 
Ta-185             1.363489e-99    1.000000e-99   3.694802e-100   9.940084e-100 
Ta-186             1.363489e-99    1.000000e-99   3.694802e-100   9.940084e-100 
W-172              1.363489e-99    1.000000e-99   3.694802e-100   9.940084e-100 
W-173              1.363489e-99    1.000000e-99   3.694802e-100   9.940084e-100 
W-174              1.363489e-99    1.000000e-99   3.694802e-100   9.940084e-100 
W-175              1.363489e-99    1.000000e-99   3.694802e-100   9.940084e-100 
W-176              1.363489e-99    1.000000e-99   3.694802e-100   9.940084e-100 
W-177              1.363489e-99    1.000000e-99   3.694802e-100   9.940084e-100 
W-178              1.363489e-99    1.000000e-99   3.694802e-100   9.940084e-100 
W-179              1.363489e-99    1.000000e-99   3.694802e-100   9.940084e-100 
W-180              6.454556e-14    1.680477e-14    1.240639e-14    5.213917e-14 
W-181              1.363489e-99    1.000000e-99   3.694802e-100   9.940084e-100 
W-182              7.624670e-10    3.758338e-12    1.370470e-10    6.254200e-10 
W-183              4.078339e-10    2.041283e-12    7.289024e-11    3.349437e-10 
W-184              9.868143e-10    4.393807e-12    1.746013e-10    8.122130e-10 
W-185              5.599147e-26    1.000000e-99    1.069920e-26    4.529227e-26 
W-186              1.508047e-10    4.120314e-12    2.646117e-11    1.243435e-10 
W-187              1.363489e-99    1.000000e-99   3.694802e-100   9.940084e-100 
W-188              1.363489e-99    1.000000e-99   3.694802e-100   9.940084e-100 
W-189              1.363489e-99    1.000000e-99   3.694802e-100   9.940084e-100 
W-190              1.363489e-99    1.000000e-99   3.694802e-100   9.940084e-100 
Re-175             1.363489e-99    1.000000e-99   3.694802e-100   9.940084e-100 
Re-176             1.363489e-99    1.000000e-99   3.694802e-100   9.940084e-100 
Re-177             1.363489e-99    1.000000e-99   3.694802e-100   9.940084e-100 
Re-178             1.363489e-99    1.000000e-99   3.694802e-100   9.940084e-100 
Re-179             1.363489e-99    1.000000e-99   3.694802e-100   9.940084e-100 
Re-180             1.363489e-99    1.000000e-99   3.694802e-100   9.940084e-100 
Re-181             1.363489e-99    1.000000e-99   3.694802e-100   9.940084e-100 
Re-182             1.363489e-99    1.000000e-99   3.694802e-100   9.940084e-100 
Re-183             1.363489e-99    1.000000e-99   3.694802e-100   9.940084e-100 
Re-184             1.363489e-99    1.000000e-99   3.694802e-100   9.940084e-100 
Re-185             1.825197e-10    2.097603e-12    3.240590e-11    1.501138e-10 
Re-186             1.363489e-99    1.000000e-99   3.694802e-100   9.940084e-100 
Re-187             4.899920e-11    3.494429e-12    9.057132e-12    3.994207e-11 
Re-188             1.363489e-99    1.000000e-99   3.694802e-100   9.940084e-100 
Re-189             1.363489e-99    1.000000e-99   3.694802e-100   9.940084e-100 
Re-190             1.363489e-99    1.000000e-99   3.694802e-100   9.940084e-100 
Re-191             1.363489e-99    1.000000e-99   3.694802e-100   9.940084e-100 
Os-179             1.363489e-99    1.000000e-99   3.694802e-100   9.940084e-100 
Os-180             1.363489e-99    1.000000e-99   3.694802e-100   9.940084e-100 
Os-181             1.363489e-99    1.000000e-99   3.694802e-100   9.940084e-100 
Os-182             1.363489e-99    1.000000e-99   3.694802e-100   9.940084e-100 
Os-183             1.363489e-99    1.000000e-99   3.694802e-100   9.940084e-100 
Os-184             1.681284e-14    1.422939e-14    4.812159e-15    1.200068e-14 
Os-185             1.363489e-99    1.000000e-99   3.694802e-100   9.940084e-100 
Os-186             4.541817e-10    1.156681e-12    8.055463e-11    3.736270e-10 
Os-187             1.345806e-10    1.255525e-12    2.392034e-11    1.106603e-10 
Os-188             7.825746e-10    9.755996e-12    1.394485e-10    6.431261e-10 
Os-189             1.693496e-10    1.195800e-11    3.139236e-11    1.379572e-10 
Os-190             8.342044e-10    1.954948e-11    1.496970e-10    6.845074e-10 
Os-191             1.363489e-99    1.000000e-99   3.694802e-100   9.940084e-100 
Os-192             1.633258e-10    3.068163e-11    3.208581e-11    1.312400e-10 
Os-193             1.363489e-99    1.000000e-99   3.694802e-100   9.940084e-100 
Os-194             1.363489e-99    1.000000e-99   3.694802e-100   9.940084e-100 
Os-195             1.363489e-99    1.000000e-99   3.694802e-100   9.940084e-100 
Os-196             1.363489e-99    1.000000e-99   3.694802e-100   9.940084e-100 
Ir-181             1.363489e-99    1.000000e-99   3.694802e-100   9.940084e-100 
Ir-182             1.363489e-99    1.000000e-99   3.694802e-100   9.940084e-100 
Ir-183             1.363489e-99    1.000000e-99   3.694802e-100   9.940084e-100 
Ir-184             1.363489e-99    1.000000e-99   3.694802e-100   9.940084e-100 
Ir-185             1.363489e-99    1.000000e-99   3.694802e-100   9.940084e-100 
Ir-186             1.363489e-99    1.000000e-99   3.694802e-100   9.940084e-100 
Ir-187             1.363489e-99    1.000000e-99   3.694802e-100   9.940084e-100 
Ir-188             1.363489e-99    1.000000e-99   3.694802e-100   9.940084e-100 
Ir-189             1.363489e-99    1.000000e-99   3.694802e-100   9.940084e-100 
Ir-190             1.363489e-99    1.000000e-99   3.694802e-100   9.940084e-100 
Ir-191             1.723240e-10    2.717185e-11    3.390651e-11    1.384175e-10 
Ir-192             5.157912e-26    1.000000e-99    9.840955e-27    4.173816e-26 
Ir-193             2.281022e-10    4.620851e-11    4.647095e-11    1.816312e-10 
Ir-194             1.363489e-99    1.000000e-99   3.694802e-100   9.940084e-100 
Ir-195             1.363489e-99    1.000000e-99   3.694802e-100   9.940084e-100 
Ir-196             1.363489e-99    1.000000e-99   3.694802e-100   9.940084e-100 
Ir-197             1.363489e-99    1.000000e-99   3.694802e-100   9.940084e-100 
Pt-184             1.363489e-99    1.000000e-99   3.694802e-100   9.940084e-100 
Pt-185             1.363489e-99    1.000000e-99   3.694802e-100   9.940084e-100 
Pt-186             1.363489e-99    1.000000e-99   3.694802e-100   9.940084e-100 
Pt-187             1.363489e-99    1.000000e-99   3.694802e-100   9.940084e-100 
Pt-188             1.363489e-99    1.000000e-99   3.694802e-100   9.940084e-100 
Pt-189             1.363489e-99    1.000000e-99   3.694802e-100   9.940084e-100 
Pt-190             2.389536e-14    2.018739e-14    6.834092e-15    1.706127e-14 
Pt-191             1.363489e-99    1.000000e-99   3.694802e-100   9.940084e-100 
Pt-192             2.850781e-10    1.171056e-12    5.095346e-11    2.341247e-10 
Pt-193             3.443995e-20    1.000000e-99    6.469238e-21    2.797071e-20 
Pt-194             6.981129e-10    4.984072e-11    1.304151e-10    5.676978e-10 
Pt-195             3.246064e-10    5.141145e-11    6.420532e-11    2.604011e-10 
Pt-196             1.269007e-09    3.855469e-11    2.296990e-10    1.039308e-09 
Pt-197             1.363489e-99    1.000000e-99   3.694802e-100   9.940084e-100 
Pt-198             2.263929e-11    1.105333e-11    5.287828e-12    1.735146e-11 
Pt-199             1.363489e-99    1.000000e-99   3.694802e-100   9.940084e-100 
Pt-200             1.363489e-99    1.000000e-99   3.694802e-100   9.940084e-100 
Pt-201             1.363489e-99    1.000000e-99   3.694802e-100   9.940084e-100 
Pt-202             1.363489e-99    1.000000e-99   3.694802e-100   9.940084e-100 
Au-185             1.363489e-99    1.000000e-99   3.694802e-100   9.940084e-100 
Au-186             1.363489e-99    1.000000e-99   3.694802e-100   9.940084e-100 
Au-187             1.363489e-99    1.000000e-99   3.694802e-100   9.940084e-100 
Au-188             1.363489e-99    1.000000e-99   3.694802e-100   9.940084e-100 
Au-189             1.363489e-99    1.000000e-99   3.694802e-100   9.940084e-100 
Au-190             1.363489e-99    1.000000e-99   3.694802e-100   9.940084e-100 
Au-191             1.363489e-99    1.000000e-99   3.694802e-100   9.940084e-100 
Au-192             1.363489e-99    1.000000e-99   3.694802e-100   9.940084e-100 
Au-193             1.363489e-99    1.000000e-99   3.694802e-100   9.940084e-100 
Au-194             1.363489e-99    1.000000e-99   3.694802e-100   9.940084e-100 
Au-195             1.363489e-99    1.000000e-99   3.694802e-100   9.940084e-100 
Au-196             1.363489e-99    1.000000e-99   3.694802e-100   9.940084e-100 
Au-197             3.818476e-10    2.168550e-11    7.013835e-11    3.117093e-10 
Au-198             1.363489e-99    1.000000e-99   3.694802e-100   9.940084e-100 
Au-199             1.363489e-99    1.000000e-99   3.694802e-100   9.940084e-100 
Au-200             1.363489e-99    1.000000e-99   3.694802e-100   9.940084e-100 
Au-201             1.363489e-99    1.000000e-99   3.694802e-100   9.940084e-100 
Au-202             1.363489e-99    1.000000e-99   3.694802e-100   9.940084e-100 
Au-203             1.363489e-99    1.000000e-99   3.694802e-100   9.940084e-100 
Hg-189             1.363489e-99    1.000000e-99   3.694802e-100   9.940084e-100 
Hg-190             1.363489e-99    1.000000e-99   3.694802e-100   9.940084e-100 
Hg-191             1.363489e-99    1.000000e-99   3.694802e-100   9.940084e-100 
Hg-192             1.363489e-99    1.000000e-99   3.694802e-100   9.940084e-100 
Hg-193             1.363489e-99    1.000000e-99   3.694802e-100   9.940084e-100 
Hg-194             1.363489e-99    1.000000e-99   3.694802e-100   9.940084e-100 
Hg-195             1.363489e-99    1.000000e-99   3.694802e-100   9.940084e-100 
Hg-196             7.241731e-14    6.024179e-14    2.057583e-14    5.184148e-14 
Hg-197             1.363489e-99    1.000000e-99   3.694802e-100   9.940084e-100 
Hg-198             1.170356e-09    3.953451e-12    2.059437e-10    9.644121e-10 
Hg-199             5.202969e-10    6.725872e-12    9.185752e-11    4.284394e-10 
Hg-200             1.798517e-09    9.252731e-12    3.183402e-10    1.480177e-09 
Hg-201             7.499355e-10    5.306982e-12    1.326267e-10    6.173088e-10 
Hg-202             3.276625e-09    1.208337e-11    5.871905e-10    2.689435e-09 
Hg-203             1.363489e-99    1.000000e-99   3.694802e-100   9.940084e-100 
Hg-204             1.011935e-10    2.805265e-12    1.935729e-11    8.183620e-11 
Hg-205             1.363489e-99    1.000000e-99   3.694802e-100   9.940084e-100 
Hg-206             1.363489e-99    1.000000e-99   3.694802e-100   9.940084e-100 
Hg-207             1.363489e-99    1.000000e-99   3.694802e-100   9.940084e-100 
Hg-208             1.363489e-99    1.000000e-99   3.694802e-100   9.940084e-100 
Tl-192             1.363489e-99    1.000000e-99   3.694802e-100   9.940084e-100 
Tl-193             1.363489e-99    1.000000e-99   3.694802e-100   9.940084e-100 
Tl-194             1.363489e-99    1.000000e-99   3.694802e-100   9.940084e-100 
Tl-195             1.363489e-99    1.000000e-99   3.694802e-100   9.940084e-100 
Tl-196             1.363489e-99    1.000000e-99   3.694802e-100   9.940084e-100 
Tl-197             1.363489e-99    1.000000e-99   3.694802e-100   9.940084e-100 
Tl-198             1.363489e-99    1.000000e-99   3.694802e-100   9.940084e-100 
Tl-199             1.363489e-99    1.000000e-99   3.694802e-100   9.940084e-100 
Tl-200             1.363489e-99    1.000000e-99   3.694802e-100   9.940084e-100 
Tl-201             1.363489e-99    1.000000e-99   3.694802e-100   9.940084e-100 
Tl-202             1.363489e-99    1.000000e-99   3.694802e-100   9.940084e-100 
Tl-203             1.385909e-09    6.447249e-12    2.471413e-10    1.138768e-09 
Tl-204             1.327660e-23    1.000000e-99    2.482701e-24    1.079390e-23 
Tl-205             3.551582e-09    1.554169e-11    6.648641e-10    2.886718e-09 
Tl-206             1.363489e-99    1.000000e-99   3.694802e-100   9.940084e-100 
Tl-207             1.363489e-99    1.000000e-99   3.694802e-100   9.940084e-100 
Tl-208             1.363489e-99    1.000000e-99   3.694802e-100   9.940084e-100 
Tl-209             1.363489e-99    1.000000e-99   3.694802e-100   9.940084e-100 
Tl-210             1.363489e-99    1.000000e-99   3.694802e-100   9.940084e-100 
Pb-193             1.363489e-99    1.000000e-99   3.694802e-100   9.940084e-100 
Pb-194             1.363489e-99    1.000000e-99   3.694802e-100   9.940084e-100 
Pb-195             1.363489e-99    1.000000e-99   3.694802e-100   9.940084e-100 
Pb-196             1.363489e-99    1.000000e-99   3.694802e-100   9.940084e-100 
Pb-197             1.363489e-99    1.000000e-99   3.694802e-100   9.940084e-100 
Pb-198             1.363489e-99    1.000000e-99   3.694802e-100   9.940084e-100 
Pb-199             1.363489e-99    1.000000e-99   3.694802e-100   9.940084e-100 
Pb-200             1.363489e-99    1.000000e-99   3.694802e-100   9.940084e-100 
Pb-201             1.363489e-99    1.000000e-99   3.694802e-100   9.940084e-100 
Pb-202             1.363489e-99    1.000000e-99   3.694802e-100   9.940084e-100 
Pb-203             1.363489e-99    1.000000e-99   3.694802e-100   9.940084e-100 
Pb-204             2.044786e-09    5.867283e-12    3.615054e-10    1.683281e-09 
Pb-205             6.810902e-13    1.000000e-99    1.306354e-13    5.504548e-13 
Pb-208             9.169869e-08    1.771545e-10    1.729338e-08    7.440531e-08 
Pb-209             1.363489e-99    1.000000e-99   3.694802e-100   9.940084e-100 
Pb-210             1.515161e-27    1.000000e-99    2.093640e-28    1.305797e-27 
Pb-211             1.363489e-99    1.000000e-99   3.694802e-100   9.940084e-100 
Bi-202             1.363489e-99    1.000000e-99   3.694802e-100   9.940084e-100 
Bi-203             1.363489e-99    1.000000e-99   3.694802e-100   9.940084e-100 
Bi-204             1.363489e-99    1.000000e-99   3.694802e-100   9.940084e-100 
Bi-205             1.363489e-99    1.000000e-99   3.694802e-100   9.940084e-100 
Bi-206             1.363489e-99    1.000000e-99   3.694802e-100   9.940084e-100 
Bi-207             1.363489e-99    1.000000e-99   3.694802e-100   9.940084e-100 
Bi-208             1.363489e-99    1.000000e-99   3.694802e-100   9.940084e-100 
Bi-209             1.009008e-09    1.745217e-11    1.709955e-10    8.380123e-10 
Bi-210             2.725961e-10    1.000000e-99    5.061584e-11    2.219803e-10 
Al-26m1            1.363489e-99    1.000000e-99   3.694802e-100   9.940084e-100 
Kr-85m1            1.363489e-99    1.000000e-99   3.694802e-100   9.940084e-100 
Cd-115m1           1.363489e-99    1.000000e-99   3.694802e-100   9.940084e-100 
Lu-176m1           1.363489e-99    1.000000e-99   3.694802e-100   9.940084e-100 
Ta-180m1           1.363489e-99    1.000000e-99   3.694802e-100   9.940084e-100 
