# Battino yields
# Model: m2z1m3
# Mini: 2.00
# Z: 1.00e-03
# Mfinal: 0.682099511659186
# Mfinal (MESA): 0.9384224206663625
# Created by Daniel Boyea on 2024-12-06
isotope         wind_yield      initial_abundance wind_yield_mesaevo wind_yield_postmesa 
Neutron-1          1.317900e-99    1.000000e-99    1.061578e-99   2.563229e-100 
H-1                9.331412e-01    7.493283e-01    7.522307e-01    1.809105e-01 
H-2                3.316497e-06    1.453725e-05    2.700173e-06    6.163242e-07 
He-3               2.782636e-04    4.130707e-05    2.243666e-04    5.389696e-05 
He-4               3.713168e-01    2.496155e-01    2.988048e-01    7.251197e-02 
Be-7               4.974412e-16    6.297236e-17    4.004986e-16    9.694262e-17 
B-8                1.403570e-14    1.000000e-99    1.126247e-14    2.773233e-15 
Li-7               2.369039e-06    3.006477e-07    1.907351e-06    4.616881e-07 
C-11               4.925925e-19    1.000000e-99    3.942102e-19    9.838231e-20 
B-11               3.766163e-11    2.858459e-11    3.033885e-11    7.322786e-12 
C-12               9.002602e-03    1.250290e-04    7.088358e-03    1.914244e-03 
C-13               9.077383e-04    4.177640e-07    7.195080e-04    1.882303e-04 
N-13               3.587969e-21    4.925616e-23    2.829631e-21    7.583384e-22 
N-14               7.840574e-04    1.059762e-05    6.205258e-04    1.635317e-04 
C-14               1.499873e-13    1.000000e-99    1.165371e-13    3.345027e-14 
N-15               6.568322e-08    4.173302e-08    5.234955e-08    1.333367e-08 
O-16               1.607579e-03    7.409037e-04    1.278421e-03    3.291575e-04 
O-17               6.907708e-06    3.816498e-08    5.556700e-06    1.351009e-06 
O-18               1.807743e-07    2.173013e-07    1.457601e-07    3.501424e-08 
F-17               1.317900e-99    1.000000e-99    1.061578e-99   2.563229e-100 
F-18               8.863606e-26    1.000000e-99    7.123282e-26    1.740324e-26 
F-19               1.047490e-06    5.615996e-09    8.205824e-07    2.269080e-07 
Ne-20              7.745035e-05    5.753344e-05    6.233965e-05    1.511070e-05 
Ne-21              1.202498e-07    4.579390e-08    9.570211e-08    2.454772e-08 
Ne-22              3.311741e-04    1.471557e-06    2.585729e-04    7.260121e-05 
Na-22              5.397064e-17    1.000000e-99    4.312596e-17    1.084468e-17 
Na-23              3.019628e-06    4.003142e-07    2.365059e-06    6.545687e-07 
Mg-23              1.317900e-99    1.000000e-99    1.061578e-99   2.563229e-100 
Mg-24              2.108003e-05    1.511707e-05    1.694591e-05    4.134121e-06 
Mg-25              1.556182e-06    7.740045e-07    1.236858e-06    3.193243e-07 
Mg-26              2.236497e-06    8.855979e-07    1.767569e-06    4.689285e-07 
Al-26              5.671638e-12    1.000000e-99    4.483011e-12    1.188627e-12 
Al-27              9.440543e-07    6.486896e-07    7.591909e-07    1.848634e-07 
Si-27              1.317900e-99    1.000000e-99    1.061578e-99   2.563229e-100 
Si-28              1.993872e-05    1.512523e-05    1.606134e-05    3.877387e-06 
Si-29              5.287019e-07    3.922927e-07    4.256987e-07    1.030032e-07 
Si-30              3.999327e-07    2.675184e-07    3.215067e-07    7.842607e-08 
P-31               1.277918e-07    7.112706e-08    1.022076e-07    2.558416e-08 
S-31               1.317900e-99    1.000000e-99    1.061578e-99   2.563229e-100 
Be-8               1.317900e-99    1.000000e-99    1.061578e-99   2.563229e-100 
O-14               1.317900e-99    1.000000e-99    1.061578e-99   2.563229e-100 
O-15               2.579649e-26    1.000000e-99    2.072230e-26    5.074192e-27 
Na-21              1.317900e-99    1.000000e-99    1.061578e-99   2.563229e-100 
Al-25              1.317900e-99    1.000000e-99    1.061578e-99   2.563229e-100 
P-29               1.317900e-99    1.000000e-99    1.061578e-99   2.563229e-100 
P-30               1.317900e-99    1.000000e-99    1.061578e-99   2.563229e-100 
Pb-206             1.260489e-09    2.800248e-11    9.840261e-10    2.764631e-10 
Pb-207             2.168015e-09    3.092430e-11    1.693584e-09    4.744303e-10 
Bi-211             1.317900e-99    1.000000e-99    1.061578e-99   2.563229e-100 
Po-210             1.317900e-99    1.000000e-99    1.061578e-99   2.563229e-100 
F-20               1.317900e-99    1.000000e-99    1.061578e-99   2.563229e-100 
Ne-19              1.317900e-99    1.000000e-99    1.061578e-99   2.563229e-100 
Na-24              1.317900e-99    1.000000e-99    1.061578e-99   2.563229e-100 
Mg-27              1.317900e-99    1.000000e-99    1.061578e-99   2.563229e-100 
Mg-28              1.317900e-99    1.000000e-99    1.061578e-99   2.563229e-100 
Al-28              1.317900e-99    1.000000e-99    1.061578e-99   2.563229e-100 
Al-29              1.317900e-99    1.000000e-99    1.061578e-99   2.563229e-100 
Si-31              1.317900e-99    1.000000e-99    1.061578e-99   2.563229e-100 
Si-32              3.269105e-20    1.000000e-99    2.539834e-20    7.292715e-21 
P-32               7.422526e-24    1.000000e-99    5.766711e-24    1.655815e-24 
P-33               1.317900e-99    1.000000e-99    1.061578e-99   2.563229e-100 
P-34               1.317900e-99    1.000000e-99    1.061578e-99   2.563229e-100 
P-35               1.317900e-99    1.000000e-99    1.061578e-99   2.563229e-100 
S-32               1.434726e-05    1.093022e-05    1.155834e-05    2.788920e-06 
S-33               4.897244e-08    3.267747e-08    3.934418e-08    9.628259e-09 
S-34               2.630148e-07    1.892124e-07    2.117001e-07    5.131467e-08 
S-35               1.338018e-27    1.000000e-99    1.075607e-27    2.624101e-28 
S-36               2.508872e-09    8.080247e-10    1.997338e-09    5.115341e-10 
S-37               1.317900e-99    1.000000e-99    1.061578e-99   2.563229e-100 
S-38               1.317900e-99    1.000000e-99    1.061578e-99   2.563229e-100 
Cl-34              1.317900e-99    1.000000e-99    1.061578e-99   2.563229e-100 
Cl-35              8.908037e-08    6.827226e-08    7.177285e-08    1.730753e-08 
Cl-36              1.575110e-10    1.000000e-99    1.241780e-10    3.333305e-11 
Cl-37              3.890761e-08    2.307865e-08    3.120505e-08    7.702556e-09 
Cl-38              1.317900e-99    1.000000e-99    1.061578e-99   2.563229e-100 
Cl-39              1.317900e-99    1.000000e-99    1.061578e-99   2.563229e-100 
Cl-40              1.317900e-99    1.000000e-99    1.061578e-99   2.563229e-100 
Ar-35              1.317900e-99    1.000000e-99    1.061578e-99   2.563229e-100 
Ar-36              2.135801e-06    1.638017e-06    1.720848e-06    4.149526e-07 
Ar-37              2.719212e-20    1.000000e-99    2.130342e-20    5.888704e-21 
Ar-38              2.148896e-07    1.575563e-07    1.730110e-07    4.187853e-08 
Ar-39              1.670191e-17    1.000000e-99    1.305190e-17    3.650019e-18 
Ar-40              1.171837e-09    2.652587e-10    9.344867e-10    2.373508e-10 
Ar-41              1.317900e-99    1.000000e-99    1.061578e-99   2.563229e-100 
Ar-42              1.701480e-25    1.000000e-99    1.325640e-25    3.758398e-26 
Ar-43              1.317900e-99    1.000000e-99    1.061578e-99   2.563229e-100 
Ar-44              1.317900e-99    1.000000e-99    1.061578e-99   2.563229e-100 
K-38               1.317900e-99    1.000000e-99    1.061578e-99   2.563229e-100 
K-39               5.250830e-08    3.903232e-08    4.228637e-08    1.022193e-08 
K-40               1.748515e-10    3.313899e-12    1.383074e-10    3.654414e-11 
K-41               4.695422e-09    2.961327e-09    3.768836e-09    9.265864e-10 
K-42               1.317900e-99    1.000000e-99    1.061578e-99   2.563229e-100 
K-43               1.317900e-99    1.000000e-99    1.061578e-99   2.563229e-100 
K-44               1.317900e-99    1.000000e-99    1.061578e-99   2.563229e-100 
K-45               1.317900e-99    1.000000e-99    1.061578e-99   2.563229e-100 
K-46               1.317900e-99    1.000000e-99    1.061578e-99   2.563229e-100 
Ca-39              1.317900e-99    1.000000e-99    1.061578e-99   2.563229e-100 
Ca-40              1.575726e-06    1.205706e-06    1.269533e-06    3.061924e-07 
Ca-41              2.206887e-11    1.000000e-99    1.739264e-11    4.676230e-12 
Ca-42              7.325327e-09    5.067885e-09    5.890903e-09    1.434424e-09 
Ca-43              1.557773e-09    1.082618e-09    1.252930e-09    3.048432e-10 
Ca-44              2.290116e-08    1.711749e-08    1.844303e-08    4.458126e-09 
Ca-45              1.009281e-26    1.000000e-99    8.112798e-27    1.980009e-27 
Ca-46              1.187652e-10    3.431555e-11    9.514241e-11    2.362276e-11 
Ca-47              1.317900e-99    1.000000e-99    1.061578e-99   2.563229e-100 
Ca-48              2.201114e-09    1.674002e-09    1.773224e-09    4.278902e-10 
Ca-49              1.317900e-99    1.000000e-99    1.061578e-99   2.563229e-100 
Sc-43              1.317900e-99    1.000000e-99    1.061578e-99   2.563229e-100 
Sc-44              1.317900e-99    1.000000e-99    1.061578e-99   2.563229e-100 
Sc-45              8.200409e-10    5.418583e-10    6.589513e-10    1.610896e-10 
Sc-46              2.540152e-27    1.000000e-99    2.041994e-27    4.981576e-28 
Sc-47              1.317900e-99    1.000000e-99    1.061578e-99   2.563229e-100 
Sc-48              1.317900e-99    1.000000e-99    1.061578e-99   2.563229e-100 
Sc-49              1.317900e-99    1.000000e-99    1.061578e-99   2.563229e-100 
Sc-50              1.317900e-99    1.000000e-99    1.061578e-99   2.563229e-100 
Ti-44              1.317900e-99    1.000000e-99    1.061578e-99   2.563229e-100 
Ti-45              1.317900e-99    1.000000e-99    1.061578e-99   2.563229e-100 
Ti-46              4.378117e-09    3.234687e-09    3.524902e-09    8.532155e-10 
Ti-47              3.903703e-09    2.979675e-09    3.145001e-09    7.587017e-10 
Ti-48              6.966947e-08    5.376501e-08    5.614109e-08    1.352838e-08 
Ti-49              3.606040e-09    2.259364e-09    2.893210e-09    7.128294e-10 
Ti-50              4.541940e-09    2.209998e-09    3.628797e-09    9.131429e-10 
Ti-51              1.317900e-99    1.000000e-99    1.061578e-99   2.563229e-100 
Ti-52              1.317900e-99    1.000000e-99    1.061578e-99   2.563229e-100 
V-47               1.317900e-99    1.000000e-99    1.061578e-99   2.563229e-100 
V-48               1.317900e-99    1.000000e-99    1.061578e-99   2.563229e-100 
V-49               3.827276e-27    1.000000e-99    2.998374e-27    8.289017e-28 
V-50               1.310971e-11    1.016393e-11    1.056523e-11    2.544480e-12 
V-51               5.465062e-09    4.141499e-09    4.401946e-09    1.063116e-09 
V-52               1.317900e-99    1.000000e-99    1.061578e-99   2.563229e-100 
V-53               1.317900e-99    1.000000e-99    1.061578e-99   2.563229e-100 
Cr-48              1.317900e-99    1.000000e-99    1.061578e-99   2.563229e-100 
Cr-49              1.317900e-99    1.000000e-99    1.061578e-99   2.563229e-100 
Cr-50              1.066818e-08    8.272808e-09    8.597623e-09    2.070559e-09 
Cr-51              3.136422e-22    1.000000e-99    2.461349e-22    6.750734e-23 
Cr-52              2.172358e-07    1.659075e-07    1.750155e-07    4.222023e-08 
Cr-53              2.503747e-08    1.917344e-08    2.017229e-08    4.865178e-09 
Cr-54              7.821226e-09    4.862314e-09    6.279031e-09    1.542195e-09 
Cr-55              1.317900e-99    1.000000e-99    1.061578e-99   2.563229e-100 
Cr-56              1.317900e-99    1.000000e-99    1.061578e-99   2.563229e-100 
Mn-51              1.317900e-99    1.000000e-99    1.061578e-99   2.563229e-100 
Mn-52              1.317900e-99    1.000000e-99    1.061578e-99   2.563229e-100 
Mn-53              3.996969e-20    1.000000e-99    3.176172e-20    8.207974e-21 
Mn-54              1.317900e-99    1.000000e-99    1.061578e-99   2.563229e-100 
Mn-55              1.468429e-07    1.099097e-07    1.182425e-07    2.860045e-08 
Mn-56              1.317900e-99    1.000000e-99    1.061578e-99   2.563229e-100 
Mn-57              1.317900e-99    1.000000e-99    1.061578e-99   2.563229e-100 
Fe-52              1.317900e-99    1.000000e-99    1.061578e-99   2.563229e-100 
Fe-53              1.317900e-99    1.000000e-99    1.061578e-99   2.563229e-100 
Fe-54              1.050608e-06    8.125526e-07    8.466438e-07    2.039647e-07 
Fe-55              2.011325e-15    1.000000e-99    1.576882e-15    4.344427e-16 
Fe-56              1.727679e-05    1.322776e-05    1.391980e-05    3.356997e-06 
Fe-57              4.439561e-07    3.109417e-07    3.570226e-07    8.693352e-08 
Fe-58              1.168684e-07    4.210661e-08    9.330326e-08    2.356518e-08 
Fe-59              6.443110e-26    1.000000e-99    5.179852e-26    1.263258e-26 
Fe-60              9.073348e-09    1.000000e-99    7.250865e-09    1.822483e-09 
Fe-61              1.317900e-99    1.000000e-99    1.061578e-99   2.563229e-100 
Co-55              1.317900e-99    1.000000e-99    1.061578e-99   2.563229e-100 
Co-56              1.317900e-99    1.000000e-99    1.061578e-99   2.563229e-100 
Co-57              4.057247e-27    1.000000e-99    3.152384e-27    9.048626e-28 
Co-58              1.317900e-99    1.000000e-99    1.061578e-99   2.563229e-100 
Co-59              6.680528e-08    3.995077e-08    5.364858e-08    1.315670e-08 
Co-60              7.111136e-23    1.000000e-99    5.713751e-23    1.397385e-23 
Co-61              1.317900e-99    1.000000e-99    1.061578e-99   2.563229e-100 
Co-62              1.317900e-99    1.000000e-99    1.061578e-99   2.563229e-100 
Co-63              1.317900e-99    1.000000e-99    1.061578e-99   2.563229e-100 
Ni-56              1.317900e-99    1.000000e-99    1.061578e-99   2.563229e-100 
Ni-57              1.317900e-99    1.000000e-99    1.061578e-99   2.563229e-100 
Ni-58              7.398841e-07    5.716115e-07    5.962294e-07    1.436548e-07 
Ni-59              2.017232e-09    1.000000e-99    1.587064e-09    4.301684e-10 
Ni-60              3.094570e-07    2.277763e-07    2.491895e-07    6.026749e-08 
Ni-61              1.888253e-08    1.006630e-08    1.513945e-08    3.743083e-09 
Ni-62              5.236730e-08    3.262192e-08    4.207631e-08    1.029099e-08 
Ni-63              1.290460e-17    1.000000e-99    1.006930e-17    2.835298e-18 
Ni-64              2.035654e-08    8.575837e-09    1.630740e-08    4.049144e-09 
Ni-65              1.317900e-99    1.000000e-99    1.061578e-99   2.563229e-100 
Ni-66              1.317900e-99    1.000000e-99    1.061578e-99   2.563229e-100 
Ni-67              1.317900e-99    1.000000e-99    1.061578e-99   2.563229e-100 
Ni-68              1.317900e-99    1.000000e-99    1.061578e-99   2.563229e-100 
Cu-60              1.317900e-99    1.000000e-99    1.061578e-99   2.563229e-100 
Cu-61              1.317900e-99    1.000000e-99    1.061578e-99   2.563229e-100 
Cu-62              1.317900e-99    1.000000e-99    1.061578e-99   2.563229e-100 
Cu-63              1.291620e-08    6.606275e-09    1.035853e-08    2.557673e-09 
Cu-64              1.317900e-99    1.000000e-99    1.061578e-99   2.563229e-100 
Cu-65              6.783984e-09    3.037412e-09    5.432265e-09    1.351719e-09 
Cu-66              1.317900e-99    1.000000e-99    1.061578e-99   2.563229e-100 
Cu-67              1.317900e-99    1.000000e-99    1.061578e-99   2.563229e-100 
Cu-68              1.317900e-99    1.000000e-99    1.061578e-99   2.563229e-100 
Cu-69              1.317900e-99    1.000000e-99    1.061578e-99   2.563229e-100 
Cu-70              1.317900e-99    1.000000e-99    1.061578e-99   2.563229e-100 
Cu-71              1.317900e-99    1.000000e-99    1.061578e-99   2.563229e-100 
Zn-62              1.317900e-99    1.000000e-99    1.061578e-99   2.563229e-100 
Zn-63              1.317900e-99    1.000000e-99    1.061578e-99   2.563229e-100 
Zn-64              1.591009e-08    1.131768e-08    1.280607e-08    3.104023e-09 
Zn-65              1.269381e-19    1.000000e-99    9.902223e-20    2.791584e-20 
Zn-66              1.045566e-08    6.696091e-09    8.401003e-09    2.054660e-09 
Zn-67              1.662084e-09    9.989226e-10    1.334179e-09    3.279057e-10 
Zn-68              7.649184e-09    4.636426e-09    6.139335e-09    1.509849e-09 
Zn-69              1.317900e-99    1.000000e-99    1.061578e-99   2.563229e-100 
Zn-70              2.067552e-10    1.578203e-10    1.665724e-10    4.018276e-11 
Zn-71              1.317900e-99    1.000000e-99    1.061578e-99   2.563229e-100 
Zn-72              1.317900e-99    1.000000e-99    1.061578e-99   2.563229e-100 
Zn-73              1.317900e-99    1.000000e-99    1.061578e-99   2.563229e-100 
Zn-74              1.317900e-99    1.000000e-99    1.061578e-99   2.563229e-100 
Ga-65              1.317900e-99    1.000000e-99    1.061578e-99   2.563229e-100 
Ga-66              1.317900e-99    1.000000e-99    1.061578e-99   2.563229e-100 
Ga-67              1.317900e-99    1.000000e-99    1.061578e-99   2.563229e-100 
Ga-68              1.317900e-99    1.000000e-99    1.061578e-99   2.563229e-100 
Ga-69              8.357678e-10    4.554638e-10    6.697558e-10    1.660119e-10 
Ga-70              1.317900e-99    1.000000e-99    1.061578e-99   2.563229e-100 
Ga-71              6.162903e-10    3.110416e-10    4.931677e-10    1.231226e-10 
Ga-72              1.317900e-99    1.000000e-99    1.061578e-99   2.563229e-100 
Ga-73              1.317900e-99    1.000000e-99    1.061578e-99   2.563229e-100 
Ga-74              1.317900e-99    1.000000e-99    1.061578e-99   2.563229e-100 
Ga-75              1.317900e-99    1.000000e-99    1.061578e-99   2.563229e-100 
Ge-66              1.317900e-99    1.000000e-99    1.061578e-99   2.563229e-100 
Ge-67              1.317900e-99    1.000000e-99    1.061578e-99   2.563229e-100 
Ge-68              1.317900e-99    1.000000e-99    1.061578e-99   2.563229e-100 
Ge-69              1.317900e-99    1.000000e-99    1.061578e-99   2.563229e-100 
Ge-70              1.046620e-09    5.161822e-10    8.373438e-10    2.092758e-10 
Ge-71              1.317900e-99    1.000000e-99    1.061578e-99   2.563229e-100 
Ge-72              1.253425e-09    6.916546e-10    1.003746e-09    2.496793e-10 
Ge-73              3.524284e-10    1.956341e-10    2.822132e-10    7.021518e-11 
Ge-74              1.757822e-09    9.236751e-10    1.405870e-09    3.519528e-10 
Ge-75              1.317900e-99    1.000000e-99    1.061578e-99   2.563229e-100 
Ge-76              2.561518e-10    1.964686e-10    2.063914e-10    4.976033e-11 
Ge-77              1.317900e-99    1.000000e-99    1.061578e-99   2.563229e-100 
Ge-78              1.317900e-99    1.000000e-99    1.061578e-99   2.563229e-100 
As-69              1.317900e-99    1.000000e-99    1.061578e-99   2.563229e-100 
As-70              1.317900e-99    1.000000e-99    1.061578e-99   2.563229e-100 
As-71              1.317900e-99    1.000000e-99    1.061578e-99   2.563229e-100 
As-72              1.317900e-99    1.000000e-99    1.061578e-99   2.563229e-100 
As-73              1.317900e-99    1.000000e-99    1.061578e-99   2.563229e-100 
As-74              1.317900e-99    1.000000e-99    1.061578e-99   2.563229e-100 
As-75              2.406079e-10    1.431312e-10    1.928328e-10    4.777513e-11 
As-76              1.317900e-99    1.000000e-99    1.061578e-99   2.563229e-100 
As-77              1.317900e-99    1.000000e-99    1.061578e-99   2.563229e-100 
As-78              1.317900e-99    1.000000e-99    1.061578e-99   2.563229e-100 
As-79              1.317900e-99    1.000000e-99    1.061578e-99   2.563229e-100 
As-80              1.317900e-99    1.000000e-99    1.061578e-99   2.563229e-100 
As-81              1.317900e-99    1.000000e-99    1.061578e-99   2.563229e-100 
Se-72              1.317900e-99    1.000000e-99    1.061578e-99   2.563229e-100 
Se-73              1.317900e-99    1.000000e-99    1.061578e-99   2.563229e-100 
Se-74              1.535263e-11    1.198965e-11    1.237492e-11    2.977714e-12 
Se-75              1.317900e-99    1.000000e-99    1.061578e-99   2.563229e-100 
Se-76              2.960606e-10    1.297302e-10    2.360964e-10    5.996420e-11 
Se-77              1.889250e-10    1.071453e-10    1.512664e-10    3.765856e-11 
Se-78              7.591081e-10    3.379353e-10    6.052071e-10    1.539010e-10 
Se-79              4.000197e-15    1.000000e-99    3.127150e-15    8.730461e-16 
Se-80              1.231235e-09    7.232795e-10    9.858332e-10    2.454019e-10 
Se-81              1.317900e-99    1.000000e-99    1.061578e-99   2.563229e-100 
Se-82              1.702589e-10    1.304821e-10    1.371789e-10    3.308009e-11 
Se-83              1.317900e-99    1.000000e-99    1.061578e-99   2.563229e-100 
Se-84              1.317900e-99    1.000000e-99    1.061578e-99   2.563229e-100 
Br-74              1.317900e-99    1.000000e-99    1.061578e-99   2.563229e-100 
Br-75              1.317900e-99    1.000000e-99    1.061578e-99   2.563229e-100 
Br-76              1.317900e-99    1.000000e-99    1.061578e-99   2.563229e-100 
Br-77              1.317900e-99    1.000000e-99    1.061578e-99   2.563229e-100 
Br-78              1.317900e-99    1.000000e-99    1.061578e-99   2.563229e-100 
Br-79              2.393333e-10    1.390555e-10    1.916198e-10    4.771350e-11 
Br-80              1.317900e-99    1.000000e-99    1.061578e-99   2.563229e-100 
Br-81              2.422454e-10    1.387166e-10    1.938911e-10    4.835425e-11 
Br-82              1.317900e-99    1.000000e-99    1.061578e-99   2.563229e-100 
Br-83              1.317900e-99    1.000000e-99    1.061578e-99   2.563229e-100 
Br-84              1.317900e-99    1.000000e-99    1.061578e-99   2.563229e-100 
Br-85              1.317900e-99    1.000000e-99    1.061578e-99   2.563229e-100 
Br-86              1.317900e-99    1.000000e-99    1.061578e-99   2.563229e-100 
Br-87              1.317900e-99    1.000000e-99    1.061578e-99   2.563229e-100 
Kr-76              1.317900e-99    1.000000e-99    1.061578e-99   2.563229e-100 
Kr-77              1.317900e-99    1.000000e-99    1.061578e-99   2.563229e-100 
Kr-78              4.998048e-12    3.903699e-12    4.028664e-12    9.693839e-13 
Kr-79              1.317900e-99    1.000000e-99    1.061578e-99   2.563229e-100 
Kr-80              4.850831e-11    2.577028e-11    3.882675e-11    9.681554e-12 
Kr-81              3.116594e-15    1.000000e-99    2.454571e-15    6.620229e-16 
Kr-82              3.681036e-10    1.320727e-10    2.924080e-10    7.569560e-11 
Kr-83              2.395513e-10    1.325358e-10    1.915548e-10    4.799652e-11 
Kr-84              1.259894e-09    6.607919e-10    1.006160e-09    2.537334e-10 
Kr-85              6.804566e-24    1.000000e-99    5.385463e-24    1.419103e-24 
Kr-86              4.597854e-10    2.046221e-10    3.662112e-10    9.357416e-11 
Kr-87              1.317900e-99    1.000000e-99    1.061578e-99   2.563229e-100 
Kr-88              1.317900e-99    1.000000e-99    1.061578e-99   2.563229e-100 
Kr-89              1.317900e-99    1.000000e-99    1.061578e-99   2.563229e-100 
Kr-90              1.317900e-99    1.000000e-99    1.061578e-99   2.563229e-100 
Rb-79              1.317900e-99    1.000000e-99    1.061578e-99   2.563229e-100 
Rb-80              1.317900e-99    1.000000e-99    1.061578e-99   2.563229e-100 
Rb-81              1.317900e-99    1.000000e-99    1.061578e-99   2.563229e-100 
Rb-82              1.317900e-99    1.000000e-99    1.061578e-99   2.563229e-100 
Rb-83              1.317900e-99    1.000000e-99    1.061578e-99   2.563229e-100 
Rb-84              1.317900e-99    1.000000e-99    1.061578e-99   2.563229e-100 
Rb-85              2.597983e-10    1.283575e-10    2.072706e-10    5.252764e-11 
Rb-86              1.317900e-99    1.000000e-99    1.061578e-99   2.563229e-100 
Rb-87              1.240082e-10    4.994339e-11    9.870128e-11    2.530691e-11 
Rb-88              1.317900e-99    1.000000e-99    1.061578e-99   2.563229e-100 
Rb-89              1.317900e-99    1.000000e-99    1.061578e-99   2.563229e-100 
Rb-90              1.317900e-99    1.000000e-99    1.061578e-99   2.563229e-100 
Rb-91              1.317900e-99    1.000000e-99    1.061578e-99   2.563229e-100 
Sr-80              1.317900e-99    1.000000e-99    1.061578e-99   2.563229e-100 
Sr-81              1.317900e-99    1.000000e-99    1.061578e-99   2.563229e-100 
Sr-82              1.317900e-99    1.000000e-99    1.061578e-99   2.563229e-100 
Sr-83              1.317900e-99    1.000000e-99    1.061578e-99   2.563229e-100 
Sr-84              4.133904e-12    3.230901e-12    3.332166e-12    8.017371e-13 
Sr-85              1.317900e-99    1.000000e-99    1.061578e-99   2.563229e-100 
Sr-86              2.400322e-10    5.849808e-11    1.895696e-10    5.046255e-11 
Sr-87              1.653741e-10    4.520083e-11    1.306874e-10    3.468667e-11 
Sr-88              2.492772e-09    5.015302e-10    1.962367e-09    5.304049e-10 
Sr-89              1.317900e-99    1.000000e-99    1.061578e-99   2.563229e-100 
Sr-90              4.410949e-22    1.000000e-99    3.428885e-22    9.820636e-23 
Sr-91              1.317900e-99    1.000000e-99    1.061578e-99   2.563229e-100 
Sr-92              1.317900e-99    1.000000e-99    1.061578e-99   2.563229e-100 
Sr-93              1.317900e-99    1.000000e-99    1.061578e-99   2.563229e-100 
Sr-94              1.317900e-99    1.000000e-99    1.061578e-99   2.563229e-100 
Y-85               1.317900e-99    1.000000e-99    1.061578e-99   2.563229e-100 
Y-86               1.317900e-99    1.000000e-99    1.061578e-99   2.563229e-100 
Y-87               1.317900e-99    1.000000e-99    1.061578e-99   2.563229e-100 
Y-88               1.317900e-99    1.000000e-99    1.061578e-99   2.563229e-100 
Y-89               6.411518e-10    1.230448e-10    5.044949e-10    1.366569e-10 
Y-90               1.122137e-25    1.000000e-99    8.723017e-26    2.498351e-26 
Y-91               1.317900e-99    1.000000e-99    1.061578e-99   2.563229e-100 
Y-92               1.317900e-99    1.000000e-99    1.061578e-99   2.563229e-100 
Y-93               1.317900e-99    1.000000e-99    1.061578e-99   2.563229e-100 
Y-94               1.317900e-99    1.000000e-99    1.061578e-99   2.563229e-100 
Y-95               1.317900e-99    1.000000e-99    1.061578e-99   2.563229e-100 
Y-96               1.317900e-99    1.000000e-99    1.061578e-99   2.563229e-100 
Zr-86              1.317900e-99    1.000000e-99    1.061578e-99   2.563229e-100 
Zr-87              1.317900e-99    1.000000e-99    1.061578e-99   2.563229e-100 
Zr-88              1.317900e-99    1.000000e-99    1.061578e-99   2.563229e-100 
Zr-89              1.317900e-99    1.000000e-99    1.061578e-99   2.563229e-100 
Zr-90              7.308128e-10    1.535741e-10    5.753252e-10    1.554876e-10 
Zr-91              1.783665e-10    3.387065e-11    1.402841e-10    3.808237e-11 
Zr-92              2.814786e-10    5.231471e-11    2.213662e-10    6.011243e-11 
Zr-93              1.684316e-13    1.000000e-99    1.314120e-13    3.701961e-14 
Zr-94              3.729886e-10    5.418147e-11    2.927756e-10    8.021305e-11 
Zr-95              1.317900e-99    1.000000e-99    1.061578e-99   2.563229e-100 
Zr-96              2.535336e-11    8.911428e-12    2.014187e-11    5.211493e-12 
Zr-97              1.317900e-99    1.000000e-99    1.061578e-99   2.563229e-100 
Zr-98              1.317900e-99    1.000000e-99    1.061578e-99   2.563229e-100 
Nb-89              1.317900e-99    1.000000e-99    1.061578e-99   2.563229e-100 
Nb-90              1.317900e-99    1.000000e-99    1.061578e-99   2.563229e-100 
Nb-91              1.317900e-99    1.000000e-99    1.061578e-99   2.563229e-100 
Nb-92              1.317900e-99    1.000000e-99    1.061578e-99   2.563229e-100 
Nb-93              1.017968e-10    1.901762e-11    8.005322e-11    2.174357e-11 
Nb-94              8.210746e-20    1.000000e-99    6.433358e-20    1.777388e-20 
Nb-95              1.317900e-99    1.000000e-99    1.061578e-99   2.563229e-100 
Nb-96              1.317900e-99    1.000000e-99    1.061578e-99   2.563229e-100 
Nb-97              1.317900e-99    1.000000e-99    1.061578e-99   2.563229e-100 
Nb-98              1.317900e-99    1.000000e-99    1.061578e-99   2.563229e-100 
Nb-99              1.317900e-99    1.000000e-99    1.061578e-99   2.563229e-100 
Mo-90              1.317900e-99    1.000000e-99    1.061578e-99   2.563229e-100 
Mo-91              1.317900e-99    1.000000e-99    1.061578e-99   2.563229e-100 
Mo-92              1.304707e-11    1.013407e-11    1.051521e-11    2.531851e-12 
Mo-93              8.033590e-20    1.000000e-99    6.326193e-20    1.707398e-20 
Mo-94              9.537743e-12    6.453319e-12    7.658475e-12    1.879268e-12 
Mo-95              5.120984e-11    1.122904e-11    4.031332e-11    1.089652e-11 
Mo-96              8.801491e-11    1.188573e-11    6.907399e-11    1.894093e-11 
Mo-97              3.303480e-11    6.881453e-12    2.600758e-11    7.027216e-12 
Mo-98              1.067523e-10    1.755936e-11    8.385311e-11    2.289914e-11 
Mo-99              1.317900e-99    1.000000e-99    1.061578e-99   2.563229e-100 
Mo-100             1.156459e-11    7.152491e-12    9.262993e-12    2.301593e-12 
Mo-101             1.317900e-99    1.000000e-99    1.061578e-99   2.563229e-100 
Mo-102             1.317900e-99    1.000000e-99    1.061578e-99   2.563229e-100 
Tc-93              1.317900e-99    1.000000e-99    1.061578e-99   2.563229e-100 
Tc-94              1.317900e-99    1.000000e-99    1.061578e-99   2.563229e-100 
Tc-95              1.317900e-99    1.000000e-99    1.061578e-99   2.563229e-100 
Tc-96              1.317900e-99    1.000000e-99    1.061578e-99   2.563229e-100 
Tc-97              9.456752e-18    1.000000e-99    7.472079e-18    1.984673e-18 
Tc-98              3.926591e-17    1.000000e-99    3.082792e-17    8.437994e-18 
Tc-99              3.298995e-15    1.000000e-99    2.572541e-15    7.264542e-16 
Tc-100             1.317900e-99    1.000000e-99    1.061578e-99   2.563229e-100 
Tc-101             1.317900e-99    1.000000e-99    1.061578e-99   2.563229e-100 
Tc-102             1.317900e-99    1.000000e-99    1.061578e-99   2.563229e-100 
Tc-103             1.317900e-99    1.000000e-99    1.061578e-99   2.563229e-100 
Tc-104             1.317900e-99    1.000000e-99    1.061578e-99   2.563229e-100 
Tc-105             1.317900e-99    1.000000e-99    1.061578e-99   2.563229e-100 
Ru-94              1.317900e-99    1.000000e-99    1.061578e-99   2.563229e-100 
Ru-95              1.317900e-99    1.000000e-99    1.061578e-99   2.563229e-100 
Ru-96              3.752848e-12    2.928269e-12    3.024910e-12    7.279385e-13 
Ru-97              1.317900e-99    1.000000e-99    1.061578e-99   2.563229e-100 
Ru-98              1.300989e-12    1.008004e-12    1.048476e-12    2.525128e-13 
Ru-99              2.017820e-11    6.951645e-12    1.596970e-11    4.208507e-12 
Ru-100             4.936869e-11    6.934131e-12    3.873184e-11    1.063685e-11 
Ru-101             2.110933e-11    9.483608e-12    1.678046e-11    4.328879e-12 
Ru-102             7.966217e-11    1.771328e-11    6.271801e-11    1.694417e-11 
Ru-103             1.317900e-99    1.000000e-99    1.061578e-99   2.563229e-100 
Ru-104             1.558200e-11    1.065883e-11    1.250884e-11    3.073161e-12 
Ru-105             1.317900e-99    1.000000e-99    1.061578e-99   2.563229e-100 
Ru-106             1.317900e-99    1.000000e-99    1.061578e-99   2.563229e-100 
Rh-98              1.317900e-99    1.000000e-99    1.061578e-99   2.563229e-100 
Rh-99              1.317900e-99    1.000000e-99    1.061578e-99   2.563229e-100 
Rh-100             1.317900e-99    1.000000e-99    1.061578e-99   2.563229e-100 
Rh-101             1.317900e-99    1.000000e-99    1.061578e-99   2.563229e-100 
Rh-102             1.317900e-99    1.000000e-99    1.061578e-99   2.563229e-100 
Rh-103             2.374606e-11    1.055627e-11    1.887233e-11    4.873733e-12 
Rh-104             1.317900e-99    1.000000e-99    1.061578e-99   2.563229e-100 
Rh-105             1.317900e-99    1.000000e-99    1.061578e-99   2.563229e-100 
Rh-106             1.317900e-99    1.000000e-99    1.061578e-99   2.563229e-100 
Rh-107             1.317900e-99    1.000000e-99    1.061578e-99   2.563229e-100 
Rh-108             1.317900e-99    1.000000e-99    1.061578e-99   2.563229e-100 
Pd-99              1.317900e-99    1.000000e-99    1.061578e-99   2.563229e-100 
Pd-100             1.317900e-99    1.000000e-99    1.061578e-99   2.563229e-100 
Pd-101             1.317900e-99    1.000000e-99    1.061578e-99   2.563229e-100 
Pd-102             5.431216e-13    4.244959e-13    4.377878e-13    1.053338e-13 
Pd-103             1.317900e-99    1.000000e-99    1.061578e-99   2.563229e-100 
Pd-104             3.643669e-11    4.727067e-12    2.857514e-11    7.861545e-12 
Pd-105             2.032277e-11    9.566459e-12    1.617018e-11    4.152585e-12 
Pd-106             5.212237e-11    1.182003e-11    4.104717e-11    1.107519e-11 
Pd-107             6.675548e-14    1.000000e-99    5.206794e-14    1.468754e-14 
Pd-108             6.218402e-11    1.165968e-11    4.888817e-11    1.329584e-11 
Pd-109             1.317900e-99    1.000000e-99    1.061578e-99   2.563229e-100 
Pd-110             9.293364e-12    5.260094e-12    7.423289e-12    1.870074e-12 
Pd-111             1.317900e-99    1.000000e-99    1.061578e-99   2.563229e-100 
Pd-112             1.317900e-99    1.000000e-99    1.061578e-99   2.563229e-100 
Ag-101             1.317900e-99    1.000000e-99    1.061578e-99   2.563229e-100 
Ag-102             1.317900e-99    1.000000e-99    1.061578e-99   2.563229e-100 
Ag-103             1.317900e-99    1.000000e-99    1.061578e-99   2.563229e-100 
Ag-104             1.317900e-99    1.000000e-99    1.061578e-99   2.563229e-100 
Ag-105             1.317900e-99    1.000000e-99    1.061578e-99   2.563229e-100 
Ag-106             1.317900e-99    1.000000e-99    1.061578e-99   2.563229e-100 
Ag-107             1.732579e-11    7.847210e-12    1.377553e-11    3.550259e-12 
Ag-108             1.317900e-99    1.000000e-99    1.061578e-99   2.563229e-100 
Ag-109             2.308144e-11    7.426657e-12    1.824936e-11    4.832075e-12 
Ag-110             1.317900e-99    1.000000e-99    1.061578e-99   2.563229e-100 
Ag-111             1.317900e-99    1.000000e-99    1.061578e-99   2.563229e-100 
Ag-112             1.317900e-99    1.000000e-99    1.061578e-99   2.563229e-100 
Ag-113             1.317900e-99    1.000000e-99    1.061578e-99   2.563229e-100 
Cd-102             1.317900e-99    1.000000e-99    1.061578e-99   2.563229e-100 
Cd-103             1.317900e-99    1.000000e-99    1.061578e-99   2.563229e-100 
Cd-104             1.317900e-99    1.000000e-99    1.061578e-99   2.563229e-100 
Cd-105             1.317900e-99    1.000000e-99    1.061578e-99   2.563229e-100 
Cd-106             8.130416e-13    6.351687e-13    6.553531e-13    1.576885e-13 
Cd-107             1.317900e-99    1.000000e-99    1.061578e-99   2.563229e-100 
Cd-108             6.589377e-13    4.607729e-13    5.297220e-13    1.292157e-13 
Cd-109             1.317900e-99    1.000000e-99    1.061578e-99   2.563229e-100 
Cd-110             4.759634e-11    6.586100e-12    3.734092e-11    1.025542e-11 
Cd-111             2.225440e-11    6.810926e-12    1.758467e-11    4.669730e-12 
Cd-112             6.858485e-11    1.295533e-11    5.392243e-11    1.466242e-11 
Cd-113             2.385007e-11    6.619464e-12    1.882260e-11    5.027475e-12 
Cd-114             9.741845e-11    1.570051e-11    7.650203e-11    2.091642e-11 
Cd-115             1.317900e-99    1.000000e-99    1.061578e-99   2.563229e-100 
Cd-116             9.812345e-12    4.164981e-12    7.801622e-12    2.010723e-12 
Cd-117             1.317900e-99    1.000000e-99    1.061578e-99   2.563229e-100 
Cd-118             1.317900e-99    1.000000e-99    1.061578e-99   2.563229e-100 
In-106             1.317900e-99    1.000000e-99    1.061578e-99   2.563229e-100 
In-107             1.317900e-99    1.000000e-99    1.061578e-99   2.563229e-100 
In-108             1.317900e-99    1.000000e-99    1.061578e-99   2.563229e-100 
In-109             1.317900e-99    1.000000e-99    1.061578e-99   2.563229e-100 
In-110             1.317900e-99    1.000000e-99    1.061578e-99   2.563229e-100 
In-111             1.317900e-99    1.000000e-99    1.061578e-99   2.563229e-100 
In-112             1.317900e-99    1.000000e-99    1.061578e-99   2.563229e-100 
In-113             3.346068e-13    2.606197e-13    2.696934e-13    6.491342e-14 
In-114             1.317900e-99    1.000000e-99    1.061578e-99   2.563229e-100 
In-115             2.300557e-11    5.920205e-12    1.813995e-11    4.865620e-12 
In-116             1.317900e-99    1.000000e-99    1.061578e-99   2.563229e-100 
In-117             1.317900e-99    1.000000e-99    1.061578e-99   2.563229e-100 
In-118             1.317900e-99    1.000000e-99    1.061578e-99   2.563229e-100 
In-119             1.317900e-99    1.000000e-99    1.061578e-99   2.563229e-100 
Sn-108             1.317900e-99    1.000000e-99    1.061578e-99   2.563229e-100 
Sn-109             1.317900e-99    1.000000e-99    1.061578e-99   2.563229e-100 
Sn-110             1.317900e-99    1.000000e-99    1.061578e-99   2.563229e-100 
Sn-111             1.317900e-99    1.000000e-99    1.061578e-99   2.563229e-100 
Sn-112             1.566098e-12    1.222110e-12    1.262325e-12    3.037731e-13 
Sn-113             1.317900e-99    1.000000e-99    1.061578e-99   2.563229e-100 
Sn-114             1.093602e-12    8.442352e-13    8.812632e-13    2.123384e-13 
Sn-115             5.667596e-13    4.381068e-13    4.567257e-13    1.100339e-13 
Sn-116             1.251885e-10    1.894855e-11    9.827563e-11    2.691292e-11 
Sn-117             4.535950e-11    1.009239e-11    3.571937e-11    9.640127e-12 
Sn-118             1.931628e-10    3.212056e-11    1.517347e-10    4.142814e-11 
Sn-119             6.094286e-11    1.148049e-11    4.791685e-11    1.302601e-11 
Sn-120             2.919318e-10    4.395201e-11    2.291412e-10    6.279058e-11 
Sn-121             1.317900e-99    1.000000e-99    1.061578e-99   2.563229e-100 
Sn-122             2.270106e-11    6.346294e-12    1.794367e-11    4.757391e-12 
Sn-123             1.317900e-99    1.000000e-99    1.061578e-99   2.563229e-100 
Sn-124             1.055399e-11    8.066747e-12    8.502808e-12    2.051180e-12 
Sn-125             1.317900e-99    1.000000e-99    1.061578e-99   2.563229e-100 
Sn-126             2.745727e-20    1.000000e-99    2.185949e-20    5.597773e-21 
Sn-127             1.317900e-99    1.000000e-99    1.061578e-99   2.563229e-100 
Sn-128             1.317900e-99    1.000000e-99    1.061578e-99   2.563229e-100 
Sn-129             1.317900e-99    1.000000e-99    1.061578e-99   2.563229e-100 
Sn-130             1.317900e-99    1.000000e-99    1.061578e-99   2.563229e-100 
Sb-112             1.317900e-99    1.000000e-99    1.061578e-99   2.563229e-100 
Sb-113             1.317900e-99    1.000000e-99    1.061578e-99   2.563229e-100 
Sb-114             1.317900e-99    1.000000e-99    1.061578e-99   2.563229e-100 
Sb-115             1.317900e-99    1.000000e-99    1.061578e-99   2.563229e-100 
Sb-116             1.317900e-99    1.000000e-99    1.061578e-99   2.563229e-100 
Sb-117             1.317900e-99    1.000000e-99    1.061578e-99   2.563229e-100 
Sb-118             1.317900e-99    1.000000e-99    1.061578e-99   2.563229e-100 
Sb-119             1.317900e-99    1.000000e-99    1.061578e-99   2.563229e-100 
Sb-120             1.317900e-99    1.000000e-99    1.061578e-99   2.563229e-100 
Sb-121             2.637424e-11    6.323438e-12    2.077953e-11    5.594711e-12 
Sb-122             1.317900e-99    1.000000e-99    1.061578e-99   2.563229e-100 
Sb-123             8.967280e-12    4.807264e-12    7.155438e-12    1.811842e-12 
Sb-124             1.317900e-99    1.000000e-99    1.061578e-99   2.563229e-100 
Sb-125             1.317900e-99    1.000000e-99    1.061578e-99   2.563229e-100 
Sb-126             1.563489e-26    1.000000e-99    1.244737e-26    3.187518e-27 
Sb-127             1.317900e-99    1.000000e-99    1.061578e-99   2.563229e-100 
Sb-128             1.317900e-99    1.000000e-99    1.061578e-99   2.563229e-100 
Sb-129             1.317900e-99    1.000000e-99    1.061578e-99   2.563229e-100 
Sb-130             1.317900e-99    1.000000e-99    1.061578e-99   2.563229e-100 
Sb-131             1.317900e-99    1.000000e-99    1.061578e-99   2.563229e-100 
Sb-132             1.317900e-99    1.000000e-99    1.061578e-99   2.563229e-100 
Sb-133             1.317900e-99    1.000000e-99    1.061578e-99   2.563229e-100 
Te-114             1.317900e-99    1.000000e-99    1.061578e-99   2.563229e-100 
Te-115             1.317900e-99    1.000000e-99    1.061578e-99   2.563229e-100 
Te-116             1.317900e-99    1.000000e-99    1.061578e-99   2.563229e-100 
Te-117             1.317900e-99    1.000000e-99    1.061578e-99   2.563229e-100 
Te-118             1.317900e-99    1.000000e-99    1.061578e-99   2.563229e-100 
Te-119             1.317900e-99    1.000000e-99    1.061578e-99   2.563229e-100 
Te-120             2.084096e-13    1.629768e-13    1.679920e-13    4.041756e-14 
Te-121             1.317900e-99    1.000000e-99    1.061578e-99   2.563229e-100 
Te-122             3.542669e-11    4.492698e-12    2.778188e-11    7.644814e-12 
Te-123             1.255159e-11    1.579939e-12    9.843233e-12    2.708353e-12 
Te-124             7.246868e-11    8.448534e-12    5.680111e-11    1.566757e-11 
Te-125             3.691174e-11    1.262469e-11    2.920917e-11    7.702575e-12 
Te-126             1.616481e-10    3.378304e-11    1.271721e-10    3.447598e-11 
Te-127             1.317900e-99    1.000000e-99    1.061578e-99   2.563229e-100 
Te-128             8.846869e-11    5.738049e-11    7.092712e-11    1.754157e-11 
Te-129             1.317900e-99    1.000000e-99    1.061578e-99   2.563229e-100 
Te-130             8.087128e-11    6.216134e-11    6.516200e-11    1.570928e-11 
Te-131             1.317900e-99    1.000000e-99    1.061578e-99   2.563229e-100 
Te-132             1.317900e-99    1.000000e-99    1.061578e-99   2.563229e-100 
Te-133             1.317900e-99    1.000000e-99    1.061578e-99   2.563229e-100 
Te-134             1.317900e-99    1.000000e-99    1.061578e-99   2.563229e-100 
I-117              1.317900e-99    1.000000e-99    1.061578e-99   2.563229e-100 
I-118              1.317900e-99    1.000000e-99    1.061578e-99   2.563229e-100 
I-119              1.317900e-99    1.000000e-99    1.061578e-99   2.563229e-100 
I-120              1.317900e-99    1.000000e-99    1.061578e-99   2.563229e-100 
I-121              1.317900e-99    1.000000e-99    1.061578e-99   2.563229e-100 
I-122              1.317900e-99    1.000000e-99    1.061578e-99   2.563229e-100 
I-123              1.317900e-99    1.000000e-99    1.061578e-99   2.563229e-100 
I-124              1.317900e-99    1.000000e-99    1.061578e-99   2.563229e-100 
I-125              1.317900e-99    1.000000e-99    1.061578e-99   2.563229e-100 
I-126              1.317900e-99    1.000000e-99    1.061578e-99   2.563229e-100 
I-127              3.433259e-11    1.460417e-11    2.726058e-11    7.072013e-12 
I-128              1.317900e-99    1.000000e-99    1.061578e-99   2.563229e-100 
I-129              4.564885e-15    1.000000e-99    3.553002e-15    1.011883e-15 
I-130              1.317900e-99    1.000000e-99    1.061578e-99   2.563229e-100 
I-131              1.317900e-99    1.000000e-99    1.061578e-99   2.563229e-100 
I-132              1.317900e-99    1.000000e-99    1.061578e-99   2.563229e-100 
I-133              1.317900e-99    1.000000e-99    1.061578e-99   2.563229e-100 
I-134              1.317900e-99    1.000000e-99    1.061578e-99   2.563229e-100 
I-135              1.317900e-99    1.000000e-99    1.061578e-99   2.563229e-100 
Xe-118             1.317900e-99    1.000000e-99    1.061578e-99   2.563229e-100 
Xe-119             1.317900e-99    1.000000e-99    1.061578e-99   2.563229e-100 
Xe-120             1.317900e-99    1.000000e-99    1.061578e-99   2.563229e-100 
Xe-121             1.317900e-99    1.000000e-99    1.061578e-99   2.563229e-100 
Xe-122             1.317900e-99    1.000000e-99    1.061578e-99   2.563229e-100 
Xe-123             1.317900e-99    1.000000e-99    1.061578e-99   2.563229e-100 
Xe-124             2.827371e-13    2.211488e-13    2.279058e-13    5.483127e-14 
Xe-125             1.317900e-99    1.000000e-99    1.061578e-99   2.563229e-100 
Xe-126             2.498120e-13    1.951020e-13    2.013597e-13    4.845231e-14 
Xe-127             1.317900e-99    1.000000e-99    1.061578e-99   2.563229e-100 
Xe-128             4.212939e-11    3.946281e-12    3.297897e-11    9.150424e-12 
Xe-129             7.885819e-11    4.897376e-11    6.313663e-11    1.572155e-11 
Xe-130             9.412929e-11    7.872101e-12    7.365485e-11    2.047443e-11 
Xe-131             8.290803e-11    3.948217e-11    6.597206e-11    1.693598e-11 
Xe-132             2.294474e-10    4.810526e-11    1.805250e-10    4.892234e-11 
Xe-133             1.317900e-99    1.000000e-99    1.061578e-99   2.563229e-100 
Xe-134             3.191720e-11    1.789596e-11    2.552984e-11    6.387355e-12 
Xe-135             1.317900e-99    1.000000e-99    1.061578e-99   2.563229e-100 
Xe-136             1.955625e-11    1.479745e-11    1.575232e-11    3.803932e-12 
Xe-137             1.317900e-99    1.000000e-99    1.061578e-99   2.563229e-100 
Xe-138             1.317900e-99    1.000000e-99    1.061578e-99   2.563229e-100 
Cs-123             1.317900e-99    1.000000e-99    1.061578e-99   2.563229e-100 
Cs-124             1.317900e-99    1.000000e-99    1.061578e-99   2.563229e-100 
Cs-125             1.317900e-99    1.000000e-99    1.061578e-99   2.563229e-100 
Cs-126             1.317900e-99    1.000000e-99    1.061578e-99   2.563229e-100 
Cs-127             1.317900e-99    1.000000e-99    1.061578e-99   2.563229e-100 
Cs-128             1.317900e-99    1.000000e-99    1.061578e-99   2.563229e-100 
Cs-129             1.317900e-99    1.000000e-99    1.061578e-99   2.563229e-100 
Cs-130             1.317900e-99    1.000000e-99    1.061578e-99   2.563229e-100 
Cs-131             1.317900e-99    1.000000e-99    1.061578e-99   2.563229e-100 
Cs-132             1.317900e-99    1.000000e-99    1.061578e-99   2.563229e-100 
Cs-133             4.110754e-11    1.427331e-11    3.253170e-11    8.575844e-12 
Cs-134             1.317900e-99    1.000000e-99    1.061578e-99   2.563229e-100 
Cs-135             4.077121e-14    1.000000e-99    3.185567e-14    8.915540e-15 
Cs-136             1.317900e-99    1.000000e-99    1.061578e-99   2.563229e-100 
Cs-137             4.326022e-22    1.000000e-99    3.359028e-22    9.669939e-23 
Cs-138             1.317900e-99    1.000000e-99    1.061578e-99   2.563229e-100 
Cs-139             1.317900e-99    1.000000e-99    1.061578e-99   2.563229e-100 
Ba-124             1.317900e-99    1.000000e-99    1.061578e-99   2.563229e-100 
Ba-125             1.317900e-99    1.000000e-99    1.061578e-99   2.563229e-100 
Ba-126             1.317900e-99    1.000000e-99    1.061578e-99   2.563229e-100 
Ba-127             1.317900e-99    1.000000e-99    1.061578e-99   2.563229e-100 
Ba-128             1.317900e-99    1.000000e-99    1.061578e-99   2.563229e-100 
Ba-129             1.317900e-99    1.000000e-99    1.061578e-99   2.563229e-100 
Ba-130             2.321406e-13    1.815943e-13    1.871218e-13    4.501874e-14 
Ba-131             1.317900e-99    1.000000e-99    1.061578e-99   2.563229e-100 
Ba-132             2.257204e-13    1.763712e-13    1.819427e-13    4.377772e-14 
Ba-133             1.317900e-99    1.000000e-99    1.061578e-99   2.563229e-100 
Ba-134             6.284185e-11    4.276167e-12    4.913851e-11    1.370334e-11 
Ba-135             4.735760e-11    1.174963e-11    3.733603e-11    1.002157e-11 
Ba-136             1.908847e-10    1.410093e-11    1.492882e-10    4.159650e-11 
Ba-137             1.707708e-10    2.031659e-11    1.338681e-10    3.690269e-11 
Ba-138             2.253835e-09    1.306368e-10    1.761299e-09    4.925359e-10 
Ba-139             1.317900e-99    1.000000e-99    1.061578e-99   2.563229e-100 
Ba-140             1.317900e-99    1.000000e-99    1.061578e-99   2.563229e-100 
Ba-141             1.317900e-99    1.000000e-99    1.061578e-99   2.563229e-100 
Ba-142             1.317900e-99    1.000000e-99    1.061578e-99   2.563229e-100 
La-127             1.317900e-99    1.000000e-99    1.061578e-99   2.563229e-100 
La-128             1.317900e-99    1.000000e-99    1.061578e-99   2.563229e-100 
La-129             1.317900e-99    1.000000e-99    1.061578e-99   2.563229e-100 
La-130             1.317900e-99    1.000000e-99    1.061578e-99   2.563229e-100 
La-131             1.317900e-99    1.000000e-99    1.061578e-99   2.563229e-100 
La-132             1.317900e-99    1.000000e-99    1.061578e-99   2.563229e-100 
La-133             1.317900e-99    1.000000e-99    1.061578e-99   2.563229e-100 
La-134             1.317900e-99    1.000000e-99    1.061578e-99   2.563229e-100 
La-135             1.317900e-99    1.000000e-99    1.061578e-99   2.563229e-100 
La-136             1.317900e-99    1.000000e-99    1.061578e-99   2.563229e-100 
La-137             8.197113e-22    1.000000e-99    6.430586e-22    1.766528e-22 
La-138             2.035902e-14    1.604563e-14    1.641061e-14    3.948408e-15 
La-139             2.745578e-10    1.791828e-11    2.146220e-10    5.993582e-11 
La-140             1.317900e-99    1.000000e-99    1.061578e-99   2.563229e-100 
La-141             1.317900e-99    1.000000e-99    1.061578e-99   2.563229e-100 
La-142             1.317900e-99    1.000000e-99    1.061578e-99   2.563229e-100 
La-143             1.317900e-99    1.000000e-99    1.061578e-99   2.563229e-100 
Ce-130             1.317900e-99    1.000000e-99    1.061578e-99   2.563229e-100 
Ce-131             1.317900e-99    1.000000e-99    1.061578e-99   2.563229e-100 
Ce-132             1.317900e-99    1.000000e-99    1.061578e-99   2.563229e-100 
Ce-133             1.317900e-99    1.000000e-99    1.061578e-99   2.563229e-100 
Ce-134             1.317900e-99    1.000000e-99    1.061578e-99   2.563229e-100 
Ce-135             1.317900e-99    1.000000e-99    1.061578e-99   2.563229e-100 
Ce-136             1.073925e-13    8.389287e-14    8.656375e-14    2.082873e-14 
Ce-137             1.317900e-99    1.000000e-99    1.061578e-99   2.563229e-100 
Ce-138             1.474362e-13    1.148776e-13    1.188353e-13    2.860084e-14 
Ce-139             1.317900e-99    1.000000e-99    1.061578e-99   2.563229e-100 
Ce-140             9.407525e-10    4.106711e-11    7.347194e-10    2.060331e-10 
Ce-141             1.317900e-99    1.000000e-99    1.061578e-99   2.563229e-100 
Ce-142             1.985353e-11    5.233978e-12    1.571194e-11    4.141596e-12 
Ce-143             1.317900e-99    1.000000e-99    1.061578e-99   2.563229e-100 
Ce-144             1.317900e-99    1.000000e-99    1.061578e-99   2.563229e-100 
Ce-145             1.317900e-99    1.000000e-99    1.061578e-99   2.563229e-100 
Ce-146             1.317900e-99    1.000000e-99    1.061578e-99   2.563229e-100 
Pr-133             1.317900e-99    1.000000e-99    1.061578e-99   2.563229e-100 
Pr-134             1.317900e-99    1.000000e-99    1.061578e-99   2.563229e-100 
Pr-135             1.317900e-99    1.000000e-99    1.061578e-99   2.563229e-100 
Pr-136             1.317900e-99    1.000000e-99    1.061578e-99   2.563229e-100 
Pr-137             1.317900e-99    1.000000e-99    1.061578e-99   2.563229e-100 
Pr-138             1.317900e-99    1.000000e-99    1.061578e-99   2.563229e-100 
Pr-139             1.317900e-99    1.000000e-99    1.061578e-99   2.563229e-100 
Pr-140             1.317900e-99    1.000000e-99    1.061578e-99   2.563229e-100 
Pr-141             9.054011e-11    6.916594e-12    7.081445e-11    1.972566e-11 
Pr-142             1.317900e-99    1.000000e-99    1.061578e-99   2.563229e-100 
Pr-143             1.317900e-99    1.000000e-99    1.061578e-99   2.563229e-100 
Pr-144             1.317900e-99    1.000000e-99    1.061578e-99   2.563229e-100 
Pr-145             1.317900e-99    1.000000e-99    1.061578e-99   2.563229e-100 
Pr-146             1.317900e-99    1.000000e-99    1.061578e-99   2.563229e-100 
Pr-147             1.317900e-99    1.000000e-99    1.061578e-99   2.563229e-100 
Pr-148             1.317900e-99    1.000000e-99    1.061578e-99   2.563229e-100 
Pr-149             1.317900e-99    1.000000e-99    1.061578e-99   2.563229e-100 
Nd-134             1.317900e-99    1.000000e-99    1.061578e-99   2.563229e-100 
Nd-135             1.317900e-99    1.000000e-99    1.061578e-99   2.563229e-100 
Nd-136             1.317900e-99    1.000000e-99    1.061578e-99   2.563229e-100 
Nd-137             1.317900e-99    1.000000e-99    1.061578e-99   2.563229e-100 
Nd-138             1.317900e-99    1.000000e-99    1.061578e-99   2.563229e-100 
Nd-139             1.317900e-99    1.000000e-99    1.061578e-99   2.563229e-100 
Nd-140             1.317900e-99    1.000000e-99    1.061578e-99   2.563229e-100 
Nd-141             1.317900e-99    1.000000e-99    1.061578e-99   2.563229e-100 
Nd-142             2.514763e-10    9.928675e-12    1.963432e-10    5.513315e-11 
Nd-143             4.093721e-11    4.487588e-12    3.206083e-11    8.876389e-12 
Nd-144             1.231332e-10    8.834047e-12    9.629494e-11    2.683826e-11 
Nd-145             2.447437e-11    3.098270e-12    1.918451e-11    5.289852e-12 
Nd-146             1.149315e-10    6.453515e-12    8.982828e-11    2.510326e-11 
Nd-147             1.317900e-99    1.000000e-99    1.061578e-99   2.563229e-100 
Nd-148             1.061151e-11    2.186990e-12    8.350983e-12    2.260529e-12 
Nd-149             1.317900e-99    1.000000e-99    1.061578e-99   2.563229e-100 
Nd-150             2.820594e-12    2.170205e-12    2.272496e-12    5.480974e-13 
Nd-151             1.317900e-99    1.000000e-99    1.061578e-99   2.563229e-100 
Nd-152             1.317900e-99    1.000000e-99    1.061578e-99   2.563229e-100 
Pm-137             1.317900e-99    1.000000e-99    1.061578e-99   2.563229e-100 
Pm-138             1.317900e-99    1.000000e-99    1.061578e-99   2.563229e-100 
Pm-139             1.317900e-99    1.000000e-99    1.061578e-99   2.563229e-100 
Pm-140             1.317900e-99    1.000000e-99    1.061578e-99   2.563229e-100 
Pm-141             1.317900e-99    1.000000e-99    1.061578e-99   2.563229e-100 
Pm-142             1.317900e-99    1.000000e-99    1.061578e-99   2.563229e-100 
Pm-143             1.317900e-99    1.000000e-99    1.061578e-99   2.563229e-100 
Pm-144             1.317900e-99    1.000000e-99    1.061578e-99   2.563229e-100 
Pm-145             2.488684e-27    1.000000e-99    1.953047e-27    5.356376e-28 
Pm-146             1.317900e-99    1.000000e-99    1.061578e-99   2.563229e-100 
Pm-147             1.662541e-27    1.000000e-99    1.320718e-27    3.418232e-28 
Pm-148             1.317900e-99    1.000000e-99    1.061578e-99   2.563229e-100 
Pm-149             1.317900e-99    1.000000e-99    1.061578e-99   2.563229e-100 
Pm-150             1.317900e-99    1.000000e-99    1.061578e-99   2.563229e-100 
Pm-151             1.317900e-99    1.000000e-99    1.061578e-99   2.563229e-100 
Pm-152             1.317900e-99    1.000000e-99    1.061578e-99   2.563229e-100 
Pm-153             1.317900e-99    1.000000e-99    1.061578e-99   2.563229e-100 
Pm-154             1.317900e-99    1.000000e-99    1.061578e-99   2.563229e-100 
Sm-140             1.317900e-99    1.000000e-99    1.061578e-99   2.563229e-100 
Sm-141             1.317900e-99    1.000000e-99    1.061578e-99   2.563229e-100 
Sm-142             1.317900e-99    1.000000e-99    1.061578e-99   2.563229e-100 
Sm-143             1.317900e-99    1.000000e-99    1.061578e-99   2.563229e-100 
Sm-144             4.743381e-13    3.686844e-13    3.822969e-13    9.204118e-14 
Sm-145             1.317900e-99    1.000000e-99    1.061578e-99   2.563229e-100 
Sm-146             7.091275e-16    1.000000e-99    5.575167e-16    1.516108e-16 
Sm-147             1.421538e-11    1.836076e-12    1.114256e-11    3.072823e-12 
Sm-148             3.176321e-11    1.385876e-12    2.482236e-11    6.940848e-12 
Sm-149             7.021926e-12    1.715272e-12    5.533167e-12    1.488759e-12 
Sm-150             2.399617e-11    9.221409e-13    1.874184e-11    5.254337e-12 
Sm-151             2.536471e-20    1.000000e-99    1.974857e-20    5.616138e-21 
Sm-152             2.393324e-11    3.386198e-12    1.877154e-11    5.161699e-12 
Sm-153             1.317900e-99    1.000000e-99    1.061578e-99   2.563229e-100 
Sm-154             7.538919e-12    2.918862e-12    5.972148e-12    1.566771e-12 
Sm-155             1.317900e-99    1.000000e-99    1.061578e-99   2.563229e-100 
Sm-156             1.317900e-99    1.000000e-99    1.061578e-99   2.563229e-100 
Sm-157             1.317900e-99    1.000000e-99    1.061578e-99   2.563229e-100 
Sm-158             1.317900e-99    1.000000e-99    1.061578e-99   2.563229e-100 
Eu-143             1.317900e-99    1.000000e-99    1.061578e-99   2.563229e-100 
Eu-144             1.317900e-99    1.000000e-99    1.061578e-99   2.563229e-100 
Eu-145             1.317900e-99    1.000000e-99    1.061578e-99   2.563229e-100 
Eu-146             1.317900e-99    1.000000e-99    1.061578e-99   2.563229e-100 
Eu-147             1.317900e-99    1.000000e-99    1.061578e-99   2.563229e-100 
Eu-148             1.317900e-99    1.000000e-99    1.061578e-99   2.563229e-100 
Eu-149             1.317900e-99    1.000000e-99    1.061578e-99   2.563229e-100 
Eu-150             1.317900e-99    1.000000e-99    1.061578e-99   2.563229e-100 
Eu-151             5.874347e-12    2.037834e-12    4.648585e-12    1.225762e-12 
Eu-152             2.216342e-27    1.000000e-99    1.751223e-27    4.651194e-28 
Eu-153             6.601277e-12    2.253990e-12    5.222130e-12    1.379147e-12 
Eu-154             2.228277e-27    1.000000e-99    1.758103e-27    4.701741e-28 
Eu-155             1.317900e-99    1.000000e-99    1.061578e-99   2.563229e-100 
Eu-156             1.317900e-99    1.000000e-99    1.061578e-99   2.563229e-100 
Eu-157             1.317900e-99    1.000000e-99    1.061578e-99   2.563229e-100 
Eu-158             1.317900e-99    1.000000e-99    1.061578e-99   2.563229e-100 
Eu-159             1.317900e-99    1.000000e-99    1.061578e-99   2.563229e-100 
Gd-144             1.317900e-99    1.000000e-99    1.061578e-99   2.563229e-100 
Gd-145             1.317900e-99    1.000000e-99    1.061578e-99   2.563229e-100 
Gd-146             1.317900e-99    1.000000e-99    1.061578e-99   2.563229e-100 
Gd-147             1.317900e-99    1.000000e-99    1.061578e-99   2.563229e-100 
Gd-148             1.317900e-99    1.000000e-99    1.061578e-99   2.563229e-100 
Gd-149             1.317900e-99    1.000000e-99    1.061578e-99   2.563229e-100 
Gd-150             1.317900e-99    1.000000e-99    1.061578e-99   2.563229e-100 
Gd-151             1.317900e-99    1.000000e-99    1.061578e-99   2.563229e-100 
Gd-152             4.259648e-13    2.949842e-14    3.338337e-13    9.213105e-14 
Gd-153             1.317900e-99    1.000000e-99    1.061578e-99   2.563229e-100 
Gd-154             8.262900e-12    3.212400e-13    6.453342e-12    1.809558e-12 
Gd-155             6.808361e-12    2.194122e-12    5.380556e-12    1.427805e-12 
Gd-156             1.863960e-11    3.053791e-12    1.463451e-11    4.005093e-12 
Gd-157             9.639921e-12    2.350375e-12    7.594500e-12    2.045420e-12 
Gd-158             3.216034e-11    3.753092e-12    2.520437e-11    6.955970e-12 
Gd-159             1.317900e-99    1.000000e-99    1.061578e-99   2.563229e-100 
Gd-160             6.708365e-12    3.345899e-12    5.341347e-12    1.367017e-12 
Gd-161             1.317900e-99    1.000000e-99    1.061578e-99   2.563229e-100 
Gd-162             1.317900e-99    1.000000e-99    1.061578e-99   2.563229e-100 
Tb-147             1.317900e-99    1.000000e-99    1.061578e-99   2.563229e-100 
Tb-148             1.317900e-99    1.000000e-99    1.061578e-99   2.563229e-100 
Tb-149             1.317900e-99    1.000000e-99    1.061578e-99   2.563229e-100 
Tb-150             1.317900e-99    1.000000e-99    1.061578e-99   2.563229e-100 
Tb-151             1.317900e-99    1.000000e-99    1.061578e-99   2.563229e-100 
Tb-152             1.317900e-99    1.000000e-99    1.061578e-99   2.563229e-100 
Tb-153             1.317900e-99    1.000000e-99    1.061578e-99   2.563229e-100 
Tb-154             1.317900e-99    1.000000e-99    1.061578e-99   2.563229e-100 
Tb-155             1.317900e-99    1.000000e-99    1.061578e-99   2.563229e-100 
Tb-156             1.317900e-99    1.000000e-99    1.061578e-99   2.563229e-100 
Tb-157             1.824720e-22    1.000000e-99    1.426683e-22    3.980366e-23 
Tb-158             6.143270e-23    1.000000e-99    4.777667e-23    1.365603e-23 
Tb-159             9.503564e-12    2.767390e-12    7.503330e-12    2.000234e-12 
Tb-160             1.317900e-99    1.000000e-99    1.061578e-99   2.563229e-100 
Tb-161             1.317900e-99    1.000000e-99    1.061578e-99   2.563229e-100 
Tb-162             1.317900e-99    1.000000e-99    1.061578e-99   2.563229e-100 
Tb-163             1.317900e-99    1.000000e-99    1.061578e-99   2.563229e-100 
Tb-164             1.317900e-99    1.000000e-99    1.061578e-99   2.563229e-100 
Tb-165             1.317900e-99    1.000000e-99    1.061578e-99   2.563229e-100 
Dy-148             1.317900e-99    1.000000e-99    1.061578e-99   2.563229e-100 
Dy-149             1.317900e-99    1.000000e-99    1.061578e-99   2.563229e-100 
Dy-150             1.317900e-99    1.000000e-99    1.061578e-99   2.563229e-100 
Dy-151             1.317900e-99    1.000000e-99    1.061578e-99   2.563229e-100 
Dy-152             1.317900e-99    1.000000e-99    1.061578e-99   2.563229e-100 
Dy-153             1.317900e-99    1.000000e-99    1.061578e-99   2.563229e-100 
Dy-154             1.317900e-99    1.000000e-99    1.061578e-99   2.563229e-100 
Dy-155             1.317900e-99    1.000000e-99    1.061578e-99   2.563229e-100 
Dy-156             1.283905e-14    1.004583e-14    1.034922e-14    2.489825e-15 
Dy-157             1.317900e-99    1.000000e-99    1.061578e-99   2.563229e-100 
Dy-158             2.299522e-14    1.744221e-14    1.851909e-14    4.476134e-15 
Dy-159             1.317900e-99    1.000000e-99    1.061578e-99   2.563229e-100 
Dy-160             1.006993e-11    4.305356e-13    7.868481e-12    2.201450e-12 
Dy-161             9.271307e-12    3.500988e-12    7.346877e-12    1.924431e-12 
Dy-162             2.710771e-11    4.752243e-12    2.129915e-11    5.808562e-12 
Dy-163             1.226062e-11    4.667240e-12    9.716100e-12    2.544519e-12 
Dy-164             4.130398e-11    5.316332e-12    3.238579e-11    8.918184e-12 
Dy-165             1.317900e-99    1.000000e-99    1.061578e-99   2.563229e-100 
Dy-166             1.317900e-99    1.000000e-99    1.061578e-99   2.563229e-100 
Dy-167             1.317900e-99    1.000000e-99    1.061578e-99   2.563229e-100 
Dy-168             1.317900e-99    1.000000e-99    1.061578e-99   2.563229e-100 
Ho-153             1.317900e-99    1.000000e-99    1.061578e-99   2.563229e-100 
Ho-154             1.317900e-99    1.000000e-99    1.061578e-99   2.563229e-100 
Ho-155             1.317900e-99    1.000000e-99    1.061578e-99   2.563229e-100 
Ho-156             1.317900e-99    1.000000e-99    1.061578e-99   2.563229e-100 
Ho-157             1.317900e-99    1.000000e-99    1.061578e-99   2.563229e-100 
Ho-158             1.317900e-99    1.000000e-99    1.061578e-99   2.563229e-100 
Ho-159             1.317900e-99    1.000000e-99    1.061578e-99   2.563229e-100 
Ho-160             1.317900e-99    1.000000e-99    1.061578e-99   2.563229e-100 
Ho-161             1.317900e-99    1.000000e-99    1.061578e-99   2.563229e-100 
Ho-162             1.317900e-99    1.000000e-99    1.061578e-99   2.563229e-100 
Ho-163             1.488118e-17    1.000000e-99    1.163227e-17    3.248911e-18 
Ho-164             1.317900e-99    1.000000e-99    1.061578e-99   2.563229e-100 
Ho-165             1.506513e-11    4.247732e-12    1.189053e-11    3.174603e-12 
Ho-166             1.317900e-99    1.000000e-99    1.061578e-99   2.563229e-100 
Ho-167             1.317900e-99    1.000000e-99    1.061578e-99   2.563229e-100 
Ho-168             1.317900e-99    1.000000e-99    1.061578e-99   2.563229e-100 
Ho-169             1.317900e-99    1.000000e-99    1.061578e-99   2.563229e-100 
Er-154             1.317900e-99    1.000000e-99    1.061578e-99   2.563229e-100 
Er-155             1.317900e-99    1.000000e-99    1.061578e-99   2.563229e-100 
Er-156             1.317900e-99    1.000000e-99    1.061578e-99   2.563229e-100 
Er-157             1.317900e-99    1.000000e-99    1.061578e-99   2.563229e-100 
Er-158             1.317900e-99    1.000000e-99    1.061578e-99   2.563229e-100 
Er-159             1.317900e-99    1.000000e-99    1.061578e-99   2.563229e-100 
Er-160             1.317900e-99    1.000000e-99    1.061578e-99   2.563229e-100 
Er-161             1.317900e-99    1.000000e-99    1.061578e-99   2.563229e-100 
Er-162             2.058050e-14    1.610307e-14    1.658941e-14    3.991095e-15 
Er-163             1.317900e-99    1.000000e-99    1.061578e-99   2.563229e-100 
Er-164             4.826875e-12    1.914578e-13    3.771843e-12    1.055031e-12 
Er-165             1.317900e-99    1.000000e-99    1.061578e-99   2.563229e-100 
Er-166             2.139966e-11    4.048087e-12    1.682626e-11    4.573403e-12 
Er-167             1.078666e-11    2.778393e-12    8.503798e-12    2.282858e-12 
Er-168             3.532455e-11    3.265541e-12    2.764894e-11    7.675606e-12 
Er-169             1.317900e-99    1.000000e-99    1.061578e-99   2.563229e-100 
Er-170             9.429746e-12    1.841543e-12    7.407669e-12    2.022076e-12 
Er-171             1.317900e-99    1.000000e-99    1.061578e-99   2.563229e-100 
Er-172             1.317900e-99    1.000000e-99    1.061578e-99   2.563229e-100 
Er-173             1.317900e-99    1.000000e-99    1.061578e-99   2.563229e-100 
Er-174             1.317900e-99    1.000000e-99    1.061578e-99   2.563229e-100 
Er-175             1.317900e-99    1.000000e-99    1.061578e-99   2.563229e-100 
Tm-159             1.317900e-99    1.000000e-99    1.061578e-99   2.563229e-100 
Tm-160             1.317900e-99    1.000000e-99    1.061578e-99   2.563229e-100 
Tm-161             1.317900e-99    1.000000e-99    1.061578e-99   2.563229e-100 
Tm-162             1.317900e-99    1.000000e-99    1.061578e-99   2.563229e-100 
Tm-163             1.317900e-99    1.000000e-99    1.061578e-99   2.563229e-100 
Tm-164             1.317900e-99    1.000000e-99    1.061578e-99   2.563229e-100 
Tm-165             1.317900e-99    1.000000e-99    1.061578e-99   2.563229e-100 
Tm-166             1.317900e-99    1.000000e-99    1.061578e-99   2.563229e-100 
Tm-167             1.317900e-99    1.000000e-99    1.061578e-99   2.563229e-100 
Tm-168             1.317900e-99    1.000000e-99    1.061578e-99   2.563229e-100 
Tm-169             8.348162e-12    1.855923e-12    6.569567e-12    1.778595e-12 
Tm-170             1.317900e-99    1.000000e-99    1.061578e-99   2.563229e-100 
Tm-171             1.317900e-99    1.000000e-99    1.061578e-99   2.563229e-100 
Tm-172             1.317900e-99    1.000000e-99    1.061578e-99   2.563229e-100 
Tm-173             1.317900e-99    1.000000e-99    1.061578e-99   2.563229e-100 
Tm-174             1.317900e-99    1.000000e-99    1.061578e-99   2.563229e-100 
Tm-175             1.317900e-99    1.000000e-99    1.061578e-99   2.563229e-100 
Tm-176             1.317900e-99    1.000000e-99    1.061578e-99   2.563229e-100 
Yb-160             1.317900e-99    1.000000e-99    1.061578e-99   2.563229e-100 
Yb-161             1.317900e-99    1.000000e-99    1.061578e-99   2.563229e-100 
Yb-162             1.317900e-99    1.000000e-99    1.061578e-99   2.563229e-100 
Yb-163             1.317900e-99    1.000000e-99    1.061578e-99   2.563229e-100 
Yb-164             1.317900e-99    1.000000e-99    1.061578e-99   2.563229e-100 
Yb-165             1.317900e-99    1.000000e-99    1.061578e-99   2.563229e-100 
Yb-166             1.317900e-99    1.000000e-99    1.061578e-99   2.563229e-100 
Yb-167             1.317900e-99    1.000000e-99    1.061578e-99   2.563229e-100 
Yb-168             2.025283e-14    1.584623e-14    1.632527e-14    3.927556e-15 
Yb-169             1.317900e-99    1.000000e-99    1.061578e-99   2.563229e-100 
Yb-170             1.033789e-11    3.749693e-13    8.074518e-12    2.263374e-12 
Yb-171             1.346911e-11    1.771730e-12    1.055470e-11    2.914413e-12 
Yb-172             3.489667e-11    2.724303e-12    2.729738e-11    7.599284e-12 
Yb-173             1.766876e-11    2.024667e-12    1.384195e-11    3.826811e-12 
Yb-174             7.756724e-11    4.018455e-12    6.060251e-11    1.696473e-11 
Yb-175             1.317900e-99    1.000000e-99    1.061578e-99   2.563229e-100 
Yb-176             3.184489e-11    1.630292e-12    2.490026e-11    6.944630e-12 
Yb-177             1.317900e-99    1.000000e-99    1.061578e-99   2.563229e-100 
Yb-178             1.317900e-99    1.000000e-99    1.061578e-99   2.563229e-100 
Yb-179             1.317900e-99    1.000000e-99    1.061578e-99   2.563229e-100 
Yb-180             1.317900e-99    1.000000e-99    1.061578e-99   2.563229e-100 
Lu-165             1.317900e-99    1.000000e-99    1.061578e-99   2.563229e-100 
Lu-166             1.317900e-99    1.000000e-99    1.061578e-99   2.563229e-100 
Lu-167             1.317900e-99    1.000000e-99    1.061578e-99   2.563229e-100 
Lu-168             1.317900e-99    1.000000e-99    1.061578e-99   2.563229e-100 
Lu-169             1.317900e-99    1.000000e-99    1.061578e-99   2.563229e-100 
Lu-170             1.317900e-99    1.000000e-99    1.061578e-99   2.563229e-100 
Lu-171             1.317900e-99    1.000000e-99    1.061578e-99   2.563229e-100 
Lu-172             1.317900e-99    1.000000e-99    1.061578e-99   2.563229e-100 
Lu-173             1.317900e-99    1.000000e-99    1.061578e-99   2.563229e-100 
Lu-174             1.317900e-99    1.000000e-99    1.061578e-99   2.563229e-100 
Lu-175             1.227803e-11    1.829538e-12    9.631965e-12    2.646068e-12 
Lu-176             4.392822e-12    4.708872e-14    3.423469e-12    9.693528e-13 
Lu-177             1.317900e-99    1.000000e-99    1.061578e-99   2.563229e-100 
Lu-178             1.317900e-99    1.000000e-99    1.061578e-99   2.563229e-100 
Lu-179             1.317900e-99    1.000000e-99    1.061578e-99   2.563229e-100 
Lu-180             1.317900e-99    1.000000e-99    1.061578e-99   2.563229e-100 
Lu-181             1.317900e-99    1.000000e-99    1.061578e-99   2.563229e-100 
Lu-182             1.317900e-99    1.000000e-99    1.061578e-99   2.563229e-100 
Hf-166             1.317900e-99    1.000000e-99    1.061578e-99   2.563229e-100 
Hf-167             1.317900e-99    1.000000e-99    1.061578e-99   2.563229e-100 
Hf-168             1.317900e-99    1.000000e-99    1.061578e-99   2.563229e-100 
Hf-169             1.317900e-99    1.000000e-99    1.061578e-99   2.563229e-100 
Hf-170             1.317900e-99    1.000000e-99    1.061578e-99   2.563229e-100 
Hf-171             1.317900e-99    1.000000e-99    1.061578e-99   2.563229e-100 
Hf-172             1.317900e-99    1.000000e-99    1.061578e-99   2.563229e-100 
Hf-173             1.317900e-99    1.000000e-99    1.061578e-99   2.563229e-100 
Hf-174             1.575165e-14    1.232360e-14    1.269698e-14    3.054671e-15 
Hf-175             1.317900e-99    1.000000e-99    1.061578e-99   2.563229e-100 
Hf-176             3.917788e-12    4.048406e-13    3.070009e-12    8.477793e-13 
Hf-177             1.096432e-11    1.439118e-12    8.596042e-12    2.368281e-12 
Hf-178             4.386781e-11    2.123250e-12    3.427350e-11    9.594311e-12 
Hf-179             1.559009e-11    1.066063e-12    1.218975e-11    3.400343e-12 
Hf-180             8.352627e-11    2.760926e-12    6.520161e-11    1.832466e-11 
Hf-181             1.317900e-99    1.000000e-99    1.061578e-99   2.563229e-100 
Hf-182             3.196681e-14    1.000000e-99    2.502536e-14    6.941443e-15 
Hf-183             1.317900e-99    1.000000e-99    1.061578e-99   2.563229e-100 
Hf-184             1.317900e-99    1.000000e-99    1.061578e-99   2.563229e-100 
Hf-185             1.317900e-99    1.000000e-99    1.061578e-99   2.563229e-100 
Ta-169             1.317900e-99    1.000000e-99    1.061578e-99   2.563229e-100 
Ta-170             1.317900e-99    1.000000e-99    1.061578e-99   2.563229e-100 
Ta-171             1.317900e-99    1.000000e-99    1.061578e-99   2.563229e-100 
Ta-172             1.317900e-99    1.000000e-99    1.061578e-99   2.563229e-100 
Ta-173             1.317900e-99    1.000000e-99    1.061578e-99   2.563229e-100 
Ta-174             1.317900e-99    1.000000e-99    1.061578e-99   2.563229e-100 
Ta-175             1.317900e-99    1.000000e-99    1.061578e-99   2.563229e-100 
Ta-176             1.317900e-99    1.000000e-99    1.061578e-99   2.563229e-100 
Ta-177             1.317900e-99    1.000000e-99    1.061578e-99   2.563229e-100 
Ta-178             1.317900e-99    1.000000e-99    1.061578e-99   2.563229e-100 
Ta-179             1.317900e-99    1.000000e-99    1.061578e-99   2.563229e-100 
Ta-180             3.189807e-16    2.431366e-16    2.568593e-16    6.212148e-17 
Ta-181             1.876640e-11    1.987460e-12    1.469339e-11    4.073011e-12 
Ta-182             1.125675e-21    1.000000e-99    8.812400e-22    2.444351e-22 
Ta-183             1.317900e-99    1.000000e-99    1.061578e-99   2.563229e-100 
Ta-184             1.317900e-99    1.000000e-99    1.061578e-99   2.563229e-100 
Ta-185             1.317900e-99    1.000000e-99    1.061578e-99   2.563229e-100 
Ta-186             1.317900e-99    1.000000e-99    1.061578e-99   2.563229e-100 
W-172              1.317900e-99    1.000000e-99    1.061578e-99   2.563229e-100 
W-173              1.317900e-99    1.000000e-99    1.061578e-99   2.563229e-100 
W-174              1.317900e-99    1.000000e-99    1.061578e-99   2.563229e-100 
W-175              1.317900e-99    1.000000e-99    1.061578e-99   2.563229e-100 
W-176              1.317900e-99    1.000000e-99    1.061578e-99   2.563229e-100 
W-177              1.317900e-99    1.000000e-99    1.061578e-99   2.563229e-100 
W-178              1.317900e-99    1.000000e-99    1.061578e-99   2.563229e-100 
W-179              1.317900e-99    1.000000e-99    1.061578e-99   2.563229e-100 
W-180              1.241122e-14    8.402384e-15    9.956219e-15    2.454998e-15 
W-181              1.317900e-99    1.000000e-99    1.061578e-99   2.563229e-100 
W-182              4.089487e-11    1.879169e-12    3.195684e-11    8.938034e-12 
W-183              2.309800e-11    1.020641e-12    1.803877e-11    5.059236e-12 
W-184              5.955161e-11    2.196903e-12    4.648710e-11    1.306450e-11 
W-185              1.317900e-99    1.000000e-99    1.061578e-99   2.563229e-100 
W-186              1.912386e-11    2.060157e-12    1.496996e-11    4.153895e-12 
W-187              1.317900e-99    1.000000e-99    1.061578e-99   2.563229e-100 
W-188              1.317900e-99    1.000000e-99    1.061578e-99   2.563229e-100 
W-189              1.317900e-99    1.000000e-99    1.061578e-99   2.563229e-100 
W-190              1.317900e-99    1.000000e-99    1.061578e-99   2.563229e-100 
Re-175             1.317900e-99    1.000000e-99    1.061578e-99   2.563229e-100 
Re-176             1.317900e-99    1.000000e-99    1.061578e-99   2.563229e-100 
Re-177             1.317900e-99    1.000000e-99    1.061578e-99   2.563229e-100 
Re-178             1.317900e-99    1.000000e-99    1.061578e-99   2.563229e-100 
Re-179             1.317900e-99    1.000000e-99    1.061578e-99   2.563229e-100 
Re-180             1.317900e-99    1.000000e-99    1.061578e-99   2.563229e-100 
Re-181             1.317900e-99    1.000000e-99    1.061578e-99   2.563229e-100 
Re-182             1.317900e-99    1.000000e-99    1.061578e-99   2.563229e-100 
Re-183             1.317900e-99    1.000000e-99    1.061578e-99   2.563229e-100 
Re-184             1.317900e-99    1.000000e-99    1.061578e-99   2.563229e-100 
Re-185             1.244998e-11    1.048801e-12    9.734932e-12    2.715051e-12 
Re-186             1.317900e-99    1.000000e-99    1.061578e-99   2.563229e-100 
Re-187             6.518640e-12    1.747215e-12    5.137234e-12    1.381405e-12 
Re-188             1.317900e-99    1.000000e-99    1.061578e-99   2.563229e-100 
Re-189             1.317900e-99    1.000000e-99    1.061578e-99   2.563229e-100 
Re-190             1.317900e-99    1.000000e-99    1.061578e-99   2.563229e-100 
Re-191             1.317900e-99    1.000000e-99    1.061578e-99   2.563229e-100 
Os-179             1.317900e-99    1.000000e-99    1.061578e-99   2.563229e-100 
Os-180             1.317900e-99    1.000000e-99    1.061578e-99   2.563229e-100 
Os-181             1.317900e-99    1.000000e-99    1.061578e-99   2.563229e-100 
Os-182             1.317900e-99    1.000000e-99    1.061578e-99   2.563229e-100 
Os-183             1.317900e-99    1.000000e-99    1.061578e-99   2.563229e-100 
Os-184             9.096653e-15    7.114694e-15    7.332529e-15    1.764124e-15 
Os-185             1.317900e-99    1.000000e-99    1.061578e-99   2.563229e-100 
Os-186             2.367997e-11    5.783407e-13    1.848414e-11    5.195834e-12 
Os-187             7.506613e-12    6.277625e-13    5.875653e-12    1.630960e-12 
Os-188             4.977845e-11    4.877998e-12    3.898677e-11    1.079168e-11 
Os-189             1.656706e-11    5.979000e-12    1.312023e-11    3.446827e-12 
Os-190             5.873783e-11    9.774740e-12    4.613510e-11    1.260273e-11 
Os-191             1.317900e-99    1.000000e-99    1.061578e-99   2.563229e-100 
Os-192             3.433232e-11    1.534082e-11    2.729191e-11    7.040410e-12 
Os-193             1.317900e-99    1.000000e-99    1.061578e-99   2.563229e-100 
Os-194             1.317900e-99    1.000000e-99    1.061578e-99   2.563229e-100 
Os-195             1.317900e-99    1.000000e-99    1.061578e-99   2.563229e-100 
Os-196             1.317900e-99    1.000000e-99    1.061578e-99   2.563229e-100 
Ir-181             1.317900e-99    1.000000e-99    1.061578e-99   2.563229e-100 
Ir-182             1.317900e-99    1.000000e-99    1.061578e-99   2.563229e-100 
Ir-183             1.317900e-99    1.000000e-99    1.061578e-99   2.563229e-100 
Ir-184             1.317900e-99    1.000000e-99    1.061578e-99   2.563229e-100 
Ir-185             1.317900e-99    1.000000e-99    1.061578e-99   2.563229e-100 
Ir-186             1.317900e-99    1.000000e-99    1.061578e-99   2.563229e-100 
Ir-187             1.317900e-99    1.000000e-99    1.061578e-99   2.563229e-100 
Ir-188             1.317900e-99    1.000000e-99    1.061578e-99   2.563229e-100 
Ir-189             1.317900e-99    1.000000e-99    1.061578e-99   2.563229e-100 
Ir-190             1.317900e-99    1.000000e-99    1.061578e-99   2.563229e-100 
Ir-191             2.547815e-11    1.358593e-11    2.032385e-11    5.154301e-12 
Ir-192             1.317900e-99    1.000000e-99    1.061578e-99   2.563229e-100 
Ir-193             3.956686e-11    2.310425e-11    3.163063e-11    7.936232e-12 
Ir-194             1.317900e-99    1.000000e-99    1.061578e-99   2.563229e-100 
Ir-195             1.317900e-99    1.000000e-99    1.061578e-99   2.563229e-100 
Ir-196             1.317900e-99    1.000000e-99    1.061578e-99   2.563229e-100 
Ir-197             1.317900e-99    1.000000e-99    1.061578e-99   2.563229e-100 
Pt-184             1.317900e-99    1.000000e-99    1.061578e-99   2.563229e-100 
Pt-185             1.317900e-99    1.000000e-99    1.061578e-99   2.563229e-100 
Pt-186             1.317900e-99    1.000000e-99    1.061578e-99   2.563229e-100 
Pt-187             1.317900e-99    1.000000e-99    1.061578e-99   2.563229e-100 
Pt-188             1.317900e-99    1.000000e-99    1.061578e-99   2.563229e-100 
Pt-189             1.317900e-99    1.000000e-99    1.061578e-99   2.563229e-100 
Pt-190             1.290812e-14    1.009369e-14    1.040480e-14    2.503324e-15 
Pt-191             1.317900e-99    1.000000e-99    1.061578e-99   2.563229e-100 
Pt-192             1.367044e-11    5.855278e-13    1.068770e-11    2.982735e-12 
Pt-193             5.448870e-21    1.000000e-99    4.246692e-21    1.202178e-21 
Pt-194             6.730424e-11    2.492036e-11    5.333265e-11    1.397159e-11 
Pt-195             4.770977e-11    2.570572e-11    3.807217e-11    9.637595e-12 
Pt-196             9.573797e-11    1.927734e-11    7.530396e-11    2.043401e-11 
Pt-197             1.317900e-99    1.000000e-99    1.061578e-99   2.563229e-100 
Pt-198             9.026234e-12    5.526664e-12    7.224839e-12    1.801395e-12 
Pt-199             1.317900e-99    1.000000e-99    1.061578e-99   2.563229e-100 
Pt-200             1.317900e-99    1.000000e-99    1.061578e-99   2.563229e-100 
Pt-201             1.317900e-99    1.000000e-99    1.061578e-99   2.563229e-100 
Pt-202             1.317900e-99    1.000000e-99    1.061578e-99   2.563229e-100 
Au-185             1.317900e-99    1.000000e-99    1.061578e-99   2.563229e-100 
Au-186             1.317900e-99    1.000000e-99    1.061578e-99   2.563229e-100 
Au-187             1.317900e-99    1.000000e-99    1.061578e-99   2.563229e-100 
Au-188             1.317900e-99    1.000000e-99    1.061578e-99   2.563229e-100 
Au-189             1.317900e-99    1.000000e-99    1.061578e-99   2.563229e-100 
Au-190             1.317900e-99    1.000000e-99    1.061578e-99   2.563229e-100 
Au-191             1.317900e-99    1.000000e-99    1.061578e-99   2.563229e-100 
Au-192             1.317900e-99    1.000000e-99    1.061578e-99   2.563229e-100 
Au-193             1.317900e-99    1.000000e-99    1.061578e-99   2.563229e-100 
Au-194             1.317900e-99    1.000000e-99    1.061578e-99   2.563229e-100 
Au-195             1.317900e-99    1.000000e-99    1.061578e-99   2.563229e-100 
Au-196             1.317900e-99    1.000000e-99    1.061578e-99   2.563229e-100 
Au-197             3.533502e-11    1.084275e-11    2.791423e-11    7.420796e-12 
Au-198             1.317900e-99    1.000000e-99    1.061578e-99   2.563229e-100 
Au-199             1.317900e-99    1.000000e-99    1.061578e-99   2.563229e-100 
Au-200             1.317900e-99    1.000000e-99    1.061578e-99   2.563229e-100 
Au-201             1.317900e-99    1.000000e-99    1.061578e-99   2.563229e-100 
Au-202             1.317900e-99    1.000000e-99    1.061578e-99   2.563229e-100 
Au-203             1.317900e-99    1.000000e-99    1.061578e-99   2.563229e-100 
Hg-189             1.317900e-99    1.000000e-99    1.061578e-99   2.563229e-100 
Hg-190             1.317900e-99    1.000000e-99    1.061578e-99   2.563229e-100 
Hg-191             1.317900e-99    1.000000e-99    1.061578e-99   2.563229e-100 
Hg-192             1.317900e-99    1.000000e-99    1.061578e-99   2.563229e-100 
Hg-193             1.317900e-99    1.000000e-99    1.061578e-99   2.563229e-100 
Hg-194             1.317900e-99    1.000000e-99    1.061578e-99   2.563229e-100 
Hg-195             1.317900e-99    1.000000e-99    1.061578e-99   2.563229e-100 
Hg-196             3.860572e-14    3.012089e-14    3.111732e-14    7.488400e-15 
Hg-197             1.317900e-99    1.000000e-99    1.061578e-99   2.563229e-100 
Hg-198             7.018297e-11    1.976726e-12    5.477232e-11    1.541066e-11 
Hg-199             3.493922e-11    3.362936e-12    2.734363e-11    7.595589e-12 
Hg-200             1.098979e-10    4.626366e-12    8.581252e-11    2.408537e-11 
Hg-201             4.801010e-11    2.653491e-12    3.750761e-11    1.050249e-11 
Hg-202             1.999529e-10    6.041684e-12    1.560850e-10    4.386796e-11 
Hg-203             1.317900e-99    1.000000e-99    1.061578e-99   2.563229e-100 
Hg-204             8.034992e-12    1.402633e-12    6.314881e-12    1.720110e-12 
Hg-205             1.317900e-99    1.000000e-99    1.061578e-99   2.563229e-100 
Hg-206             1.317900e-99    1.000000e-99    1.061578e-99   2.563229e-100 
Hg-207             1.317900e-99    1.000000e-99    1.061578e-99   2.563229e-100 
Hg-208             1.317900e-99    1.000000e-99    1.061578e-99   2.563229e-100 
Tl-192             1.317900e-99    1.000000e-99    1.061578e-99   2.563229e-100 
Tl-193             1.317900e-99    1.000000e-99    1.061578e-99   2.563229e-100 
Tl-194             1.317900e-99    1.000000e-99    1.061578e-99   2.563229e-100 
Tl-195             1.317900e-99    1.000000e-99    1.061578e-99   2.563229e-100 
Tl-196             1.317900e-99    1.000000e-99    1.061578e-99   2.563229e-100 
Tl-197             1.317900e-99    1.000000e-99    1.061578e-99   2.563229e-100 
Tl-198             1.317900e-99    1.000000e-99    1.061578e-99   2.563229e-100 
Tl-199             1.317900e-99    1.000000e-99    1.061578e-99   2.563229e-100 
Tl-200             1.317900e-99    1.000000e-99    1.061578e-99   2.563229e-100 
Tl-201             1.317900e-99    1.000000e-99    1.061578e-99   2.563229e-100 
Tl-202             1.317900e-99    1.000000e-99    1.061578e-99   2.563229e-100 
Tl-203             8.992896e-11    3.223624e-12    7.020360e-11    1.972536e-11 
Tl-204             5.165198e-27    1.000000e-99    4.129894e-27    1.035304e-27 
Tl-205             2.178684e-10    7.770846e-12    1.701537e-10    4.771466e-11 
Tl-206             1.317900e-99    1.000000e-99    1.061578e-99   2.563229e-100 
Tl-207             1.317900e-99    1.000000e-99    1.061578e-99   2.563229e-100 
Tl-208             1.317900e-99    1.000000e-99    1.061578e-99   2.563229e-100 
Tl-209             1.317900e-99    1.000000e-99    1.061578e-99   2.563229e-100 
Tl-210             1.317900e-99    1.000000e-99    1.061578e-99   2.563229e-100 
Pb-193             1.317900e-99    1.000000e-99    1.061578e-99   2.563229e-100 
Pb-194             1.317900e-99    1.000000e-99    1.061578e-99   2.563229e-100 
Pb-195             1.317900e-99    1.000000e-99    1.061578e-99   2.563229e-100 
Pb-196             1.317900e-99    1.000000e-99    1.061578e-99   2.563229e-100 
Pb-197             1.317900e-99    1.000000e-99    1.061578e-99   2.563229e-100 
Pb-198             1.317900e-99    1.000000e-99    1.061578e-99   2.563229e-100 
Pb-199             1.317900e-99    1.000000e-99    1.061578e-99   2.563229e-100 
Pb-200             1.317900e-99    1.000000e-99    1.061578e-99   2.563229e-100 
Pb-201             1.317900e-99    1.000000e-99    1.061578e-99   2.563229e-100 
Pb-202             1.317900e-99    1.000000e-99    1.061578e-99   2.563229e-100 
Pb-203             1.317900e-99    1.000000e-99    1.061578e-99   2.563229e-100 
Pb-204             1.192329e-10    2.933641e-12    9.298475e-11    2.624814e-11 
Pb-205             5.111098e-14    1.000000e-99    4.009748e-14    1.101351e-14 
Pb-208             7.957115e-08    8.857723e-11    6.233385e-08    1.723730e-08 
Pb-209             1.317900e-99    1.000000e-99    1.061578e-99   2.563229e-100 
Pb-210             1.040057e-25    1.000000e-99    8.183659e-26    2.216910e-26 
Pb-211             1.317900e-99    1.000000e-99    1.061578e-99   2.563229e-100 
Bi-202             1.317900e-99    1.000000e-99    1.061578e-99   2.563229e-100 
Bi-203             1.317900e-99    1.000000e-99    1.061578e-99   2.563229e-100 
Bi-204             1.317900e-99    1.000000e-99    1.061578e-99   2.563229e-100 
Bi-205             1.317900e-99    1.000000e-99    1.061578e-99   2.563229e-100 
Bi-206             1.317900e-99    1.000000e-99    1.061578e-99   2.563229e-100 
Bi-207             1.317900e-99    1.000000e-99    1.061578e-99   2.563229e-100 
Bi-208             1.317900e-99    1.000000e-99    1.061578e-99   2.563229e-100 
Bi-209             1.087272e-09    8.726086e-12    8.513632e-10    2.359090e-10 
Bi-210             3.722499e-10    1.000000e-99    2.915727e-10    8.067724e-11 
Al-26m1            1.317900e-99    1.000000e-99    1.061578e-99   2.563229e-100 
Kr-85m1            1.317900e-99    1.000000e-99    1.061578e-99   2.563229e-100 
Cd-115m1           1.317900e-99    1.000000e-99    1.061578e-99   2.563229e-100 
Lu-176m1           1.317900e-99    1.000000e-99    1.061578e-99   2.563229e-100 
Ta-180m1           1.317900e-99    1.000000e-99    1.061578e-99   2.563229e-100 
