# Battino yields
# Model: m2z2m3
# Mini: 2.00
# Z: 2.00e-03
# Mfinal: 0.6365114064713441
# Mfinal (MESA): 1.6305197787523276
# Created by Daniel Boyea on 2024-12-06
isotope         wind_yield      initial_abundance wind_yield_mesaevo wind_yield_postmesa 
Neutron-1          2.502629e-28    1.000000e-99    4.596607e-29    2.042969e-28 
H-1                8.534450e-01    7.470712e-01    2.450637e-01    6.083813e-01 
H-2                3.279177e-06    1.449346e-05    1.020390e-06    2.258787e-06 
He-3               2.757954e-04    4.164424e-05    7.899019e-05    1.968052e-04 
He-4               4.036682e-01    2.508726e-01    1.058823e-01    2.977859e-01 
Be-7               3.122813e-07    1.000000e-99    6.236561e-08    2.499157e-07 
B-8                3.669286e-14    1.000000e-99    7.087163e-15    2.960570e-14 
Li-7               3.403786e-10    7.773632e-10    7.564317e-11    2.647354e-10 
C-11               1.408702e-18    1.000000e-99    2.438164e-19    1.164886e-18 
B-11               7.794952e-11    5.716917e-11    2.112288e-11    5.682664e-11 
C-12               4.650064e-02    2.500613e-04    8.611137e-03    3.788950e-02 
C-13               3.939397e-03    8.319704e-07    8.092501e-04    3.130147e-03 
N-13               3.035645e-08    1.000000e-99    5.676212e-09    2.468024e-08 
N-14               2.594961e-03    2.119520e-05    5.307725e-04    2.064188e-03 
C-14               1.795507e-07    1.000000e-99    1.655501e-08    1.629957e-07 
N-15               3.886416e-07    8.348940e-08    5.148985e-08    3.371518e-07 
O-16               4.428695e-02    1.481807e-03    7.242152e-03    3.704480e-02 
O-17               2.299683e-05    7.632996e-08    4.904830e-06    1.809199e-05 
O-18               1.421045e-06    4.346028e-07    3.124651e-07    1.108580e-06 
F-17               6.029522e-12    1.000000e-99    9.705156e-13    5.059006e-12 
F-18               1.167201e-11    1.000000e-99    1.859372e-12    9.812635e-12 
F-19               1.023933e-05    1.123199e-08    1.443717e-06    8.795615e-06 
Ne-20              2.837629e-04    1.150669e-04    6.034114e-05    2.234217e-04 
Ne-21              2.035448e-06    9.158781e-08    3.015709e-07    1.733877e-06 
Ne-22              8.015363e-03    2.943115e-06    1.115789e-03    6.899574e-03 
Na-22              3.411886e-07    1.000000e-99    5.651339e-08    2.846752e-07 
Na-23              2.029490e-04    8.006285e-07    2.317759e-05    1.797714e-04 
Mg-23              1.428934e-17    1.000000e-99    2.207919e-18    1.208142e-17 
Mg-24              5.566005e-05    3.023414e-05    1.324451e-05    4.241555e-05 
Mg-25              1.935456e-05    1.548009e-06    2.663163e-06    1.669139e-05 
Mg-26              3.182131e-05    1.771196e-06    4.043267e-06    2.777804e-05 
Al-26              3.471133e-08    1.000000e-99    4.358277e-09    3.035306e-08 
Al-27              1.964787e-06    1.297379e-06    5.045506e-07    1.460236e-06 
Si-27              5.160221e-21    1.000000e-99    8.608815e-22    4.299340e-21 
Si-28              4.108136e-05    3.025046e-05    1.115065e-05    2.993072e-05 
Si-29              1.189520e-06    7.845853e-07    3.094379e-07    8.800826e-07 
Si-30              1.174235e-06    5.350367e-07    2.654602e-07    9.087747e-07 
P-31               3.327977e-07    1.422541e-07    7.355610e-08    2.592416e-07 
S-31               1.363489e-99    1.000000e-99   3.694803e-100   9.940084e-100 
Be-8               1.363489e-99    1.000000e-99   3.694803e-100   9.940084e-100 
O-14               6.188327e-15    1.000000e-99    1.104954e-15    5.083373e-15 
O-15               1.049933e-11    1.000000e-99    1.935164e-12    8.564164e-12 
Na-21              7.814663e-17    1.000000e-99    1.212028e-17    6.602635e-17 
Al-25              4.062512e-17    1.000000e-99    7.161981e-18    3.346314e-17 
P-29               3.167845e-24    1.000000e-99    5.580400e-25    2.609805e-24 
P-30               3.144991e-20    1.000000e-99    5.367577e-21    2.608233e-20 
Pb-206             1.702493e-08    5.600495e-11    3.162773e-09    1.386215e-08 
Pb-207             1.997706e-08    6.184860e-11    3.752365e-09    1.622469e-08 
Bi-211             3.137793e-27    1.000000e-99    5.976742e-28    2.540118e-27 
Po-210             1.363489e-99    1.000000e-99   3.694803e-100   9.940084e-100 
F-20               1.547326e-24    1.000000e-99    2.935162e-25    1.253810e-24 
Ne-19              9.189138e-20    1.000000e-99    1.392000e-20    7.797138e-20 
Na-24              3.769354e-16    1.000000e-99    7.023240e-17    3.067030e-16 
Mg-27              7.447569e-24    1.000000e-99    1.268083e-24    6.179486e-24 
Mg-28              5.421496e-29    1.000000e-99    1.050780e-29    4.370716e-29 
Al-28              2.519962e-24    1.000000e-99    4.654551e-25    2.054507e-24 
Al-29              4.575073e-35    1.000000e-99    8.867299e-36    3.688343e-35 
Si-31              2.257183e-20    1.000000e-99    3.776461e-21    1.879537e-20 
Si-32              5.875032e-14    1.000000e-99    8.313475e-15    5.043685e-14 
P-32               1.707881e-17    1.000000e-99    2.600434e-18    1.447838e-17 
P-33               2.631288e-19    1.000000e-99    5.055376e-20    2.125751e-19 
P-34               3.248254e-99    1.000000e-99   8.838597e-100    2.364395e-99 
P-35               1.363489e-99    1.000000e-99   3.694803e-100   9.940084e-100 
S-32               2.927885e-05    2.186045e-05    7.994884e-06    2.128397e-05 
S-33               1.404443e-07    6.535494e-08    3.328276e-08    1.071615e-07 
S-34               5.842892e-07    3.784249e-07    1.518697e-07    4.324195e-07 
S-35               1.383556e-17    1.000000e-99    2.596040e-18    1.123952e-17 
S-36               9.805997e-09    1.616049e-09    1.794443e-09    8.011555e-09 
S-37               3.165885e-27    1.000000e-99    5.778567e-28    2.588028e-27 
S-38               1.368411e-99    1.000000e-99   3.708237e-100   9.975877e-100 
Cl-34              1.851415e-24    1.000000e-99    3.227486e-25    1.528666e-24 
Cl-35              1.785163e-07    1.365445e-07    4.921262e-08    1.293037e-07 
Cl-36              1.387979e-09    1.000000e-99    2.514063e-10    1.136573e-09 
Cl-37              1.857998e-07    4.615730e-08    3.568977e-08    1.501100e-07 
Cl-38              6.923360e-23    1.000000e-99    1.156280e-23    5.767080e-23 
Cl-39              1.893067e-32    1.000000e-99    3.669103e-33    1.526157e-32 
Cl-40              1.363489e-99    1.000000e-99   3.694803e-100   9.940084e-100 
Ar-35              1.363489e-99    1.000000e-99   3.694803e-100   9.940084e-100 
Ar-36              4.280381e-06    3.276034e-06    1.180500e-06    3.099881e-06 
Ar-37              4.070313e-13    1.000000e-99    6.870955e-14    3.383217e-13 
Ar-38              4.982547e-07    3.151126e-07    1.270960e-07    3.711586e-07 
Ar-39              1.155408e-10    1.000000e-99    1.604285e-11    9.949792e-11 
Ar-40              4.294056e-09    5.305158e-10    7.371677e-10    3.556888e-09 
Ar-41              2.648766e-23    1.000000e-99    4.557227e-24    2.193044e-23 
Ar-42              8.964318e-19    1.000000e-99    1.334255e-19    7.630063e-19 
Ar-43              1.415471e-99    1.000000e-99   3.836670e-100    1.031804e-99 
Ar-44              1.363489e-99    1.000000e-99   3.694803e-100   9.940084e-100 
K-38               4.479669e-28    1.000000e-99    8.467798e-29    3.632890e-28 
K-39               1.158294e-07    7.806465e-08    3.014962e-08    8.567981e-08 
K-40               2.454143e-09    1.001922e-11    3.768289e-10    2.077314e-09 
K-41               1.363694e-08    5.922653e-09    3.039591e-09    1.059735e-08 
K-42               7.030077e-20    1.000000e-99    1.296418e-20    5.733659e-20 
K-43               8.355975e-27    1.000000e-99    1.617289e-27    6.738685e-27 
K-44               1.363489e-99    1.000000e-99   3.694803e-100   9.940084e-100 
K-45               1.363489e-99    1.000000e-99   3.694803e-100   9.940084e-100 
K-46               1.363489e-99    1.000000e-99   3.694803e-100   9.940084e-100 
Ca-39              1.363489e-99    1.000000e-99   3.694803e-100   9.940084e-100 
Ca-40              3.183420e-06    2.411408e-06    8.744978e-07    2.308922e-06 
Ca-41              4.474956e-09    1.000000e-99    8.005233e-10    3.674433e-09 
Ca-42              2.153317e-08    1.013577e-08    4.947901e-09    1.658527e-08 
Ca-43              4.571868e-09    2.165237e-09    1.041328e-09    3.530540e-09 
Ca-44              5.108930e-08    3.423499e-08    1.324360e-08    3.784570e-08 
Ca-45              1.251519e-16    1.000000e-99    2.292672e-17    1.022251e-16 
Ca-46              1.479951e-10    6.863111e-11    3.569522e-11    1.122999e-10 
Ca-47              1.233972e-21    1.000000e-99    2.320274e-22    1.001945e-21 
Ca-48              4.531464e-09    3.348004e-09    1.231775e-09    3.299689e-09 
Ca-49              4.619690e-27    1.000000e-99    8.677702e-28    3.751919e-27 
Sc-43              3.852408e-21    1.000000e-99    6.226038e-22    3.229805e-21 
Sc-44              5.039651e-22    1.000000e-99    7.990561e-23    4.240595e-22 
Sc-45              2.482121e-09    1.083717e-09    5.523833e-10    1.929738e-09 
Sc-46              3.864321e-17    1.000000e-99    7.169280e-18    3.147393e-17 
Sc-47              1.061964e-21    1.000000e-99    1.916997e-22    8.702640e-22 
Sc-48              2.510902e-35    1.000000e-99    4.866577e-36    2.024244e-35 
Sc-49              4.316477e-24    1.000000e-99    7.574679e-25    3.559009e-24 
Sc-50              1.363489e-99    1.000000e-99   3.694803e-100   9.940084e-100 
Ti-44              4.406292e-25    1.000000e-99    7.915716e-26    3.614720e-25 
Ti-45              1.363489e-99    1.000000e-99   3.694803e-100   9.940084e-100 
Ti-46              1.035381e-08    6.469375e-09    2.606629e-09    7.747186e-09 
Ti-47              8.035724e-09    5.959349e-09    2.171205e-09    5.864519e-09 
Ti-48              1.367957e-07    1.075300e-07    3.803345e-08    9.876230e-08 
Ti-49              1.226195e-08    4.518728e-09    2.773090e-09    9.488861e-09 
Ti-50              2.083842e-08    4.419997e-09    4.102373e-09    1.673605e-08 
Ti-51              9.449569e-26    1.000000e-99    1.780118e-26    7.669451e-26 
Ti-52              1.439175e-52    1.000000e-99    2.789379e-53    1.160237e-52 
V-47               2.317371e-25    1.000000e-99    3.994690e-26    1.917902e-25 
V-48               5.658943e-22    1.000000e-99    9.394849e-23    4.719458e-22 
V-49               1.755944e-20    1.000000e-99    2.771133e-21    1.478831e-20 
V-50               2.521632e-11    2.032786e-11    7.079171e-12    1.813715e-11 
V-51               1.142512e-08    8.282998e-09    3.079409e-09    8.345714e-09 
V-52               4.891129e-25    1.000000e-99    9.238005e-26    3.967328e-25 
V-53               7.607600e-44    1.000000e-99    1.474489e-44    6.133111e-44 
Cr-48              1.363489e-99    1.000000e-99   3.694803e-100   9.940084e-100 
Cr-49              1.363489e-99    1.000000e-99   3.694803e-100   9.940084e-100 
Cr-50              2.050590e-08    1.654562e-08    5.758609e-09    1.474729e-08 
Cr-51              3.943861e-15    1.000000e-99    6.811248e-16    3.262736e-15 
Cr-52              4.406829e-07    3.318151e-07    1.207699e-07    3.199130e-07 
Cr-53              5.037853e-08    3.834688e-08    1.386321e-08    3.651532e-08 
Cr-54              2.645768e-08    9.724628e-09    5.806957e-09    2.065073e-08 
Cr-55              1.911990e-25    1.000000e-99    3.546608e-26    1.557329e-25 
Cr-56              2.670089e-44    1.000000e-99    5.175110e-45    2.152578e-44 
Mn-51              4.034977e-27    1.000000e-99    7.433136e-28    3.291664e-27 
Mn-52              2.753294e-40    1.000000e-99    5.336376e-41    2.219656e-40 
Mn-53              4.367928e-20    1.000000e-99    6.314821e-21    3.736446e-20 
Mn-54              2.486359e-21    1.000000e-99    3.466035e-22    2.139755e-21 
Mn-55              3.165384e-07    2.198193e-07    8.468988e-08    2.318485e-07 
Mn-56              5.016149e-20    1.000000e-99    9.186757e-21    4.097474e-20 
Mn-57              1.317409e-32    1.000000e-99    2.553155e-33    1.062094e-32 
Fe-52              1.363489e-99    1.000000e-99   3.694803e-100   9.940084e-100 
Fe-53              1.363489e-99    1.000000e-99   3.694803e-100   9.940084e-100 
Fe-54              2.041300e-06    1.625105e-06    5.706409e-07    1.470659e-06 
Fe-55              4.357537e-09    1.000000e-99    6.049672e-10    3.752570e-09 
Fe-56              3.473880e-05    2.645551e-05    9.562100e-06    2.517670e-05 
Fe-57              1.169752e-06    6.218834e-07    2.895397e-07    8.802122e-07 
Fe-58              7.113362e-07    8.421322e-08    1.321421e-07    5.791941e-07 
Fe-59              7.351230e-16    1.000000e-99    1.378938e-16    5.972292e-16 
Fe-60              3.277349e-09    1.000000e-99    6.177065e-10    2.659643e-09 
Fe-61              1.063632e-26    1.000000e-99    1.998446e-27    8.637877e-27 
Co-55              4.539709e-24    1.000000e-99    8.006960e-25    3.739013e-24 
Co-56              3.383912e-27    1.000000e-99    5.661373e-28    2.817775e-27 
Co-57              3.532840e-20    1.000000e-99    4.606571e-21    3.072182e-20 
Co-58              1.633648e-22    1.000000e-99    2.715920e-23    1.362056e-22 
Co-59              2.459524e-07    7.990155e-08    5.117977e-08    1.947726e-07 
Co-60              2.527497e-14    1.000000e-99    4.248160e-15    2.102681e-14 
Co-61              1.292016e-23    1.000000e-99    2.215098e-24    1.070506e-23 
Co-62              3.615705e-50    1.000000e-99    7.007883e-51    2.914917e-50 
Co-63              1.363489e-99    1.000000e-99   3.694803e-100   9.940084e-100 
Ni-56              1.363489e-99    1.000000e-99   3.694803e-100   9.940084e-100 
Ni-57              1.363489e-99    1.000000e-99   3.694803e-100   9.940084e-100 
Ni-58              1.443202e-06    1.143223e-06    4.026886e-07    1.040513e-06 
Ni-59              1.559367e-08    1.000000e-99    2.899930e-09    1.269374e-08 
Ni-60              7.304685e-07    4.555525e-07    1.838396e-07    5.466289e-07 
Ni-61              8.446313e-08    2.013260e-08    1.601270e-08    6.845043e-08 
Ni-62              1.976810e-07    6.524385e-08    3.890610e-08    1.587749e-07 
Ni-63              1.813076e-10    1.000000e-99    2.284931e-11    1.584583e-10 
Ni-64              8.670677e-08    1.715167e-08    1.387153e-08    7.283525e-08 
Ni-65              2.298902e-21    1.000000e-99    3.497135e-22    1.949189e-21 
Ni-66              3.202092e-27    1.000000e-99    6.125638e-28    2.589528e-27 
Ni-67              1.363489e-99    1.000000e-99   3.694803e-100   9.940084e-100 
Ni-68              1.363489e-99    1.000000e-99   3.694803e-100   9.940084e-100 
Cu-60              5.303082e-30    1.000000e-99    9.754281e-31    4.327654e-30 
Cu-61              2.450873e-26    1.000000e-99    3.913017e-27    2.059571e-26 
Cu-62              1.055436e-30    1.000000e-99    1.733235e-31    8.821127e-31 
Cu-63              6.682201e-08    1.321255e-08    1.124377e-08    5.557824e-08 
Cu-64              2.217625e-18    1.000000e-99    3.908693e-19    1.826755e-18 
Cu-65              4.352226e-08    6.074824e-09    6.271983e-09    3.725027e-08 
Cu-66              2.834056e-24    1.000000e-99    4.656823e-25    2.368374e-24 
Cu-67              4.793977e-27    1.000000e-99    9.167520e-28    3.877225e-27 
Cu-68              1.363489e-99    1.000000e-99   3.694803e-100   9.940084e-100 
Cu-69              1.363489e-99    1.000000e-99   3.694803e-100   9.940084e-100 
Cu-70              1.363489e-99    1.000000e-99   3.694803e-100   9.940084e-100 
Cu-71              1.363489e-99    1.000000e-99   3.694803e-100   9.940084e-100 
Zn-62              1.363489e-99    1.000000e-99   3.694803e-100   9.940084e-100 
Zn-63              1.363489e-99    1.000000e-99   3.694803e-100   9.940084e-100 
Zn-64              4.715733e-08    2.263536e-08    1.022039e-08    3.693694e-08 
Zn-65              3.060140e-12    1.000000e-99    3.905513e-13    2.669589e-12 
Zn-66              3.998545e-08    1.339218e-08    7.310034e-09    3.267542e-08 
Zn-67              7.328095e-09    1.997845e-09    1.237797e-09    6.090298e-09 
Zn-68              3.274338e-08    9.272853e-09    5.503657e-09    2.723972e-08 
Zn-69              4.257439e-22    1.000000e-99    6.357672e-23    3.621672e-22 
Zn-70              4.114462e-10    3.156406e-10    1.130645e-10    2.983817e-10 
Zn-71              1.442308e-27    1.000000e-99    2.717151e-28    1.170593e-27 
Zn-72              5.864182e-50    1.000000e-99    1.136583e-50    4.727598e-50 
Zn-73              1.363489e-99    1.000000e-99   3.694803e-100   9.940084e-100 
Zn-74              1.363489e-99    1.000000e-99   3.694803e-100   9.940084e-100 
Ga-65              4.793841e-33    1.000000e-99    7.316521e-34    4.062189e-33 
Ga-66              1.363489e-99    1.000000e-99   3.694803e-100   9.940084e-100 
Ga-67              5.245344e-27    1.000000e-99    6.990453e-28    4.546299e-27 
Ga-68              1.371705e-30    1.000000e-99    1.953394e-31    1.176365e-30 
Ga-69              4.146761e-09    9.109275e-10    6.401072e-10    3.506654e-09 
Ga-70              1.603003e-23    1.000000e-99    2.496721e-24    1.353331e-23 
Ga-71              3.118281e-09    6.220831e-10    4.646287e-10    2.653652e-09 
Ga-72              8.287420e-20    1.000000e-99    1.379818e-20    6.907602e-20 
Ga-73              6.316905e-28    1.000000e-99    1.212816e-28    5.104089e-28 
Ga-74              1.363489e-99    1.000000e-99   3.694803e-100   9.940084e-100 
Ga-75              1.363489e-99    1.000000e-99   3.694803e-100   9.940084e-100 
Ge-66              1.363489e-99    1.000000e-99   3.694803e-100   9.940084e-100 
Ge-67              1.363489e-99    1.000000e-99   3.694803e-100   9.940084e-100 
Ge-68              1.363489e-99    1.000000e-99   3.694803e-100   9.940084e-100 
Ge-69              1.363489e-99    1.000000e-99   3.694803e-100   9.940084e-100 
Ge-70              5.484629e-09    1.032364e-09    8.092555e-10    4.675374e-09 
Ge-71              1.293796e-17    1.000000e-99    2.320992e-18    1.061697e-17 
Ge-72              5.306569e-09    1.383309e-09    8.645748e-10    4.441994e-09 
Ge-73              1.452426e-09    3.912682e-10    2.396041e-10    1.212821e-09 
Ge-74              6.925785e-09    1.847350e-09    1.148506e-09    5.777279e-09 
Ge-75              3.378500e-22    1.000000e-99    5.208030e-23    2.857697e-22 
Ge-76              5.027830e-10    3.929372e-10    1.396304e-10    3.631525e-10 
Ge-77              3.465312e-22    1.000000e-99    6.585780e-23    2.806734e-22 
Ge-78              5.871424e-33    1.000000e-99    1.137987e-33    4.733437e-33 
As-69              1.363489e-99    1.000000e-99   3.694803e-100   9.940084e-100 
As-70              1.363489e-99    1.000000e-99   3.694803e-100   9.940084e-100 
As-71              1.760118e-29    1.000000e-99    2.144869e-30    1.545631e-29 
As-72              1.363489e-99    1.000000e-99   3.694803e-100   9.940084e-100 
As-73              1.476169e-28    1.000000e-99    1.480141e-29    1.328155e-28 
As-74              4.069721e-27    1.000000e-99    4.306471e-28    3.639073e-27 
As-75              8.013482e-10    2.862625e-10    1.481253e-10    6.532229e-10 
As-76              7.866606e-20    1.000000e-99    1.340850e-20    6.525756e-20 
As-77              4.091380e-21    1.000000e-99    7.859156e-22    3.305464e-21 
As-78              3.914542e-31    1.000000e-99    7.587092e-32    3.155833e-31 
As-79              1.363489e-99    1.000000e-99   3.694803e-100   9.940084e-100 
As-80              1.363489e-99    1.000000e-99   3.694803e-100   9.940084e-100 
As-81              1.363489e-99    1.000000e-99   3.694803e-100   9.940084e-100 
Se-72              1.363489e-99    1.000000e-99   3.694803e-100   9.940084e-100 
Se-73              1.363489e-99    1.000000e-99   3.694803e-100   9.940084e-100 
Se-74              2.865686e-11    2.397931e-11    8.162662e-12    2.049419e-11 
Se-75              3.345216e-19    1.000000e-99    6.446556e-20    2.700560e-19 
Se-76              1.304261e-09    2.594603e-10    1.996589e-10    1.104602e-09 
Se-77              6.422830e-10    2.142905e-10    1.164424e-10    5.258406e-10 
Se-78              2.943813e-09    6.758705e-10    4.771714e-10    2.466641e-09 
Se-79              1.360144e-10    1.000000e-99    1.407534e-11    1.219390e-10 
Se-80              2.884666e-09    1.446559e-09    6.567896e-10    2.227877e-09 
Se-81              2.444530e-24    1.000000e-99    4.398751e-25    2.004655e-24 
Se-82              3.409227e-10    2.609643e-10    9.403176e-11    2.468909e-10 
Se-83              2.573132e-26    1.000000e-99    4.770960e-27    2.096036e-26 
Se-84              1.363555e-99    1.000000e-99   3.694982e-100   9.940563e-100 
Br-74              1.363489e-99    1.000000e-99   3.694803e-100   9.940084e-100 
Br-75              1.363489e-99    1.000000e-99   3.694803e-100   9.940084e-100 
Br-76              1.363489e-99    1.000000e-99   3.694803e-100   9.940084e-100 
Br-77              1.531908e-53    1.000000e-99    1.320749e-54    1.399833e-53 
Br-78              1.363489e-99    1.000000e-99   3.694803e-100   9.940084e-100 
Br-79              5.163646e-10    2.781111e-10    1.187314e-10    3.976332e-10 
Br-80              5.794134e-24    1.000000e-99    9.846225e-25    4.809512e-24 
Br-81              5.726679e-10    2.774332e-10    1.272374e-10    4.454304e-10 
Br-82              1.714737e-19    1.000000e-99    3.213144e-20    1.393423e-19 
Br-83              3.346902e-24    1.000000e-99    6.120082e-25    2.734893e-24 
Br-84              1.441347e-35    1.000000e-99    2.793587e-36    1.161988e-35 
Br-85              1.363489e-99    1.000000e-99   3.694803e-100   9.940084e-100 
Br-86              1.363489e-99    1.000000e-99   3.694803e-100   9.940084e-100 
Br-87              1.363489e-99    1.000000e-99   3.694803e-100   9.940084e-100 
Kr-76              1.363489e-99    1.000000e-99   3.694803e-100   9.940084e-100 
Kr-77              1.363489e-99    1.000000e-99   3.694803e-100   9.940084e-100 
Kr-78              9.337897e-12    7.807399e-12    2.659042e-12    6.678855e-12 
Kr-79              1.348072e-22    1.000000e-99    2.601308e-23    1.087941e-22 
Kr-80              2.658587e-10    5.154056e-11    4.008354e-11    2.257751e-10 
Kr-81              1.046017e-10    1.000000e-99    1.134071e-11    9.326095e-11 
Kr-82              1.460640e-09    2.641453e-10    2.311070e-10    1.229533e-09 
Kr-83              7.062355e-10    2.650716e-10    1.385734e-10    5.676621e-10 
Kr-84              3.767672e-09    1.321584e-09    7.335208e-10    3.034151e-09 
Kr-85              2.548664e-15    1.000000e-99    4.426248e-16    2.106039e-15 
Kr-86              1.380143e-09    4.092442e-10    2.853278e-10    1.094815e-09 
Kr-87              4.867795e-24    1.000000e-99    8.785746e-25    3.989220e-24 
Kr-88              5.531053e-33    1.000000e-99    1.072017e-33    4.459036e-33 
Kr-89              1.363489e-99    1.000000e-99   3.694803e-100   9.940084e-100 
Kr-90              1.363489e-99    1.000000e-99   3.694803e-100   9.940084e-100 
Rb-79              1.363489e-99    1.000000e-99   3.694803e-100   9.940084e-100 
Rb-80              1.363489e-99    1.000000e-99   3.694803e-100   9.940084e-100 
Rb-81              1.363489e-99    1.000000e-99   3.694803e-100   9.940084e-100 
Rb-82              1.363489e-99    1.000000e-99   3.694803e-100   9.940084e-100 
Rb-83              1.363489e-99    1.000000e-99   3.694803e-100   9.940084e-100 
Rb-84              7.997787e-29    1.000000e-99    1.139036e-29    6.858751e-29 
Rb-85              7.474324e-10    2.567149e-10    1.466125e-10    6.008198e-10 
Rb-86              2.499424e-18    1.000000e-99    4.674034e-19    2.032020e-18 
Rb-87              3.076750e-10    1.013462e-10    6.430034e-11    2.433747e-10 
Rb-88              1.541325e-25    1.000000e-99    2.869524e-26    1.254372e-25 
Rb-89              1.337240e-35    1.000000e-99    2.591810e-36    1.078059e-35 
Rb-90              1.363489e-99    1.000000e-99   3.694803e-100   9.940084e-100 
Rb-91              1.363489e-99    1.000000e-99   3.694803e-100   9.940084e-100 
Sr-80              1.363489e-99    1.000000e-99   3.694803e-100   9.940084e-100 
Sr-81              1.363489e-99    1.000000e-99   3.694803e-100   9.940084e-100 
Sr-82              1.363489e-99    1.000000e-99   3.694803e-100   9.940084e-100 
Sr-83              1.363489e-99    1.000000e-99   3.694803e-100   9.940084e-100 
Sr-84              7.680939e-12    6.461803e-12    2.192828e-12    5.488110e-12 
Sr-85              2.610554e-20    1.000000e-99    5.058341e-21    2.104720e-20 
Sr-86              1.106713e-09    1.169962e-10    1.708891e-10    9.358244e-10 
Sr-87              7.086827e-10    8.894225e-11    1.131793e-10    5.955034e-10 
Sr-88              1.757534e-08    1.003060e-09    2.887766e-09    1.468758e-08 
Sr-89              4.002710e-17    1.000000e-99    7.641110e-18    3.238599e-17 
Sr-90              2.957634e-15    1.000000e-99    4.756764e-16    2.481958e-15 
Sr-91              4.717862e-30    1.000000e-99    9.122293e-31    3.805632e-30 
Sr-92              1.363489e-99    1.000000e-99   3.694803e-100   9.940084e-100 
Sr-93              1.363489e-99    1.000000e-99   3.694803e-100   9.940084e-100 
Sr-94              1.363489e-99    1.000000e-99   3.694803e-100   9.940084e-100 
Y-85               1.363489e-99    1.000000e-99   3.694803e-100   9.940084e-100 
Y-86               1.363489e-99    1.000000e-99   3.694803e-100   9.940084e-100 
Y-87               1.363489e-99    1.000000e-99   3.694803e-100   9.940084e-100 
Y-88               1.363489e-99    1.000000e-99   3.694803e-100   9.940084e-100 
Y-89               4.672024e-09    2.460896e-10    7.562940e-10    3.915730e-09 
Y-90               1.683318e-18    1.000000e-99    2.976480e-19    1.385670e-18 
Y-91               1.057038e-23    1.000000e-99    2.026812e-24    8.543568e-24 
Y-92               3.260109e-99    1.000000e-99   8.870950e-100    2.373014e-99 
Y-93               1.363489e-99    1.000000e-99   3.694803e-100   9.940084e-100 
Y-94               1.363489e-99    1.000000e-99   3.694803e-100   9.940084e-100 
Y-95               1.363489e-99    1.000000e-99   3.694803e-100   9.940084e-100 
Y-96               1.363489e-99    1.000000e-99   3.694803e-100   9.940084e-100 
Zr-86              1.363489e-99    1.000000e-99   3.694803e-100   9.940084e-100 
Zr-87              1.363489e-99    1.000000e-99   3.694803e-100   9.940084e-100 
Zr-88              1.363489e-99    1.000000e-99   3.694803e-100   9.940084e-100 
Zr-89              1.363489e-99    1.000000e-99   3.694803e-100   9.940084e-100 
Zr-90              6.381061e-09    3.071482e-10    1.056387e-09    5.324674e-09 
Zr-91              1.537456e-09    6.774130e-11    2.506211e-10    1.286835e-09 
Zr-92              2.606716e-09    1.046294e-10    4.244417e-10    2.182274e-09 
Zr-93              8.667606e-10    1.000000e-99    1.364968e-10    7.302638e-10 
Zr-94              4.282905e-09    1.083629e-10    7.070559e-10    3.575849e-09 
Zr-95              7.295255e-17    1.000000e-99    1.389527e-17    5.905728e-17 
Zr-96              5.408208e-11    1.782286e-11    1.088831e-11    4.319377e-11 
Zr-97              5.335616e-22    1.000000e-99    1.017723e-22    4.317892e-22 
Zr-98              1.363489e-99    1.000000e-99   3.694803e-100   9.940084e-100 
Nb-89              1.363489e-99    1.000000e-99   3.694803e-100   9.940084e-100 
Nb-90              1.363489e-99    1.000000e-99   3.694803e-100   9.940084e-100 
Nb-91              1.363489e-99    1.000000e-99   3.694803e-100   9.940084e-100 
Nb-92              1.363489e-99    1.000000e-99   3.694803e-100   9.940084e-100 
Nb-93              8.461271e-11    3.803524e-11    1.935609e-11    6.525662e-11 
Nb-94              1.872414e-14    1.000000e-99    2.982777e-15    1.574136e-14 
Nb-95              5.828224e-17    1.000000e-99    1.105489e-17    4.722735e-17 
Nb-96              7.830311e-25    1.000000e-99    1.514867e-25    6.315445e-25 
Nb-97              4.086463e-23    1.000000e-99    7.794965e-24    3.306967e-23 
Nb-98              1.744904e-34    1.000000e-99    3.381936e-35    1.406710e-34 
Nb-99              1.363489e-99    1.000000e-99   3.694803e-100   9.940084e-100 
Mo-90              1.363489e-99    1.000000e-99   3.694803e-100   9.940084e-100 
Mo-91              1.363489e-99    1.000000e-99   3.694803e-100   9.940084e-100 
Mo-92              2.492354e-11    2.026813e-11    7.018661e-12    1.790488e-11 
Mo-93              7.686231e-14    1.000000e-99    9.783985e-15    6.707832e-14 
Mo-94              7.126610e-11    1.290664e-11    1.286528e-11    5.840082e-11 
Mo-95              4.939828e-10    2.245808e-11    8.248348e-11    4.114993e-10 
Mo-96              9.986362e-10    2.377146e-11    1.625730e-10    8.360632e-10 
Mo-97              3.485384e-10    1.376291e-11    5.775415e-11    2.907843e-10 
Mo-98              1.265191e-09    3.511873e-11    2.077920e-10    1.057399e-09 
Mo-99              1.334626e-18    1.000000e-99    2.542122e-19    1.080413e-18 
Mo-100             2.833220e-11    1.430498e-11    6.584013e-12    2.174818e-11 
Mo-101             4.369518e-26    1.000000e-99    8.386055e-27    3.530913e-26 
Mo-102             5.988655e-44    1.000000e-99    1.160708e-44    4.827946e-44 
Tc-93              1.363489e-99    1.000000e-99   3.694803e-100   9.940084e-100 
Tc-94              1.363489e-99    1.000000e-99   3.694803e-100   9.940084e-100 
Tc-95              1.363489e-99    1.000000e-99   3.694803e-100   9.940084e-100 
Tc-96              1.363489e-99    1.000000e-99   3.694803e-100   9.940084e-100 
Tc-97              3.630381e-14    1.000000e-99    5.955354e-15    3.034846e-14 
Tc-98              2.166950e-15    1.000000e-99    3.190536e-16    1.847897e-15 
Tc-99              1.091644e-10    1.000000e-99    1.712984e-11    9.203458e-11 
Tc-100             2.981635e-27    1.000000e-99    5.473125e-28    2.434322e-27 
Tc-101             8.636850e-26    1.000000e-99    1.656426e-26    6.980424e-26 
Tc-102             5.420512e-42    1.000000e-99    1.050592e-42    4.369920e-42 
Tc-103             1.363489e-99    1.000000e-99   3.694803e-100   9.940084e-100 
Tc-104             1.363489e-99    1.000000e-99   3.694803e-100   9.940084e-100 
Tc-105             1.363489e-99    1.000000e-99   3.694803e-100   9.940084e-100 
Ru-94              1.363489e-99    1.000000e-99   3.694803e-100   9.940084e-100 
Ru-95              1.363489e-99    1.000000e-99   3.694803e-100   9.940084e-100 
Ru-96              7.040787e-12    5.856538e-12    2.000502e-12    5.040284e-12 
Ru-97              2.503796e-22    1.000000e-99    4.836841e-23    2.020112e-22 
Ru-98              2.536424e-12    2.016007e-12    7.073130e-13    1.829111e-12 
Ru-99              7.881949e-11    1.390329e-11    1.510999e-11    6.370950e-11 
Ru-100             6.365252e-10    1.386826e-11    1.045091e-10    5.320161e-10 
Ru-101             1.585148e-10    1.896722e-11    2.835373e-11    1.301611e-10 
Ru-102             8.960821e-10    3.542655e-11    1.493756e-10    7.467065e-10 
Ru-103             1.336694e-18    1.000000e-99    2.545275e-19    1.082167e-18 
Ru-104             3.784696e-11    2.131766e-11    9.178154e-12    2.866880e-11 
Ru-105             7.150816e-23    1.000000e-99    1.365695e-23    5.785121e-23 
Ru-106             2.522329e-26    1.000000e-99    4.860845e-27    2.036245e-26 
Rh-98              1.363489e-99    1.000000e-99   3.694803e-100   9.940084e-100 
Rh-99              1.363489e-99    1.000000e-99   3.694803e-100   9.940084e-100 
Rh-100             1.363489e-99    1.000000e-99   3.694803e-100   9.940084e-100 
Rh-101             1.363489e-99    1.000000e-99   3.694803e-100   9.940084e-100 
Rh-102             1.363489e-99    1.000000e-99   3.694803e-100   9.940084e-100 
Rh-103             1.800622e-10    2.111254e-11    3.216934e-11    1.478928e-10 
Rh-104             8.217448e-26    1.000000e-99    1.555188e-26    6.662259e-26 
Rh-105             9.697649e-21    1.000000e-99    1.869270e-21    7.828379e-21 
Rh-106             1.428074e-34    1.000000e-99    2.767863e-35    1.151288e-34 
Rh-107             1.363489e-99    1.000000e-99   3.694803e-100   9.940084e-100 
Rh-108             1.363489e-99    1.000000e-99   3.694803e-100   9.940084e-100 
Pd-99              1.363489e-99    1.000000e-99   3.694803e-100   9.940084e-100 
Pd-100             1.363489e-99    1.000000e-99   3.694803e-100   9.940084e-100 
Pd-101             1.363489e-99    1.000000e-99   3.694803e-100   9.940084e-100 
Pd-102             1.008960e-12    8.489919e-13    2.880728e-13    7.208874e-13 
Pd-103             2.652499e-22    1.000000e-99    5.174154e-23    2.135083e-22 
Pd-104             4.902749e-10    9.454133e-12    8.085393e-11    4.094210e-10 
Pd-105             1.493600e-10    1.913292e-11    2.704805e-11    1.223120e-10 
Pd-106             6.019470e-10    2.364007e-11    1.009406e-10    5.010064e-10 
Pd-107             1.138998e-10    1.000000e-99    1.844227e-11    9.545757e-11 
Pd-108             7.597752e-10    2.331937e-11    1.264078e-10    6.333674e-10 
Pd-109             1.392182e-19    1.000000e-99    2.631002e-20    1.129082e-19 
Pd-110             2.744927e-11    1.052019e-11    5.885766e-12    2.156351e-11 
Pd-111             2.316668e-25    1.000000e-99    4.439466e-26    1.872721e-25 
Pd-112             8.514296e-29    1.000000e-99    1.650223e-29    6.864073e-29 
Ag-101             1.363489e-99    1.000000e-99   3.694803e-100   9.940084e-100 
Ag-102             1.363489e-99    1.000000e-99   3.694803e-100   9.940084e-100 
Ag-103             1.363489e-99    1.000000e-99   3.694803e-100   9.940084e-100 
Ag-104             1.363489e-99    1.000000e-99   3.694803e-100   9.940084e-100 
Ag-105             1.363489e-99    1.000000e-99   3.694803e-100   9.940084e-100 
Ag-106             1.363489e-99    1.000000e-99   3.694803e-100   9.940084e-100 
Ag-107             1.989146e-11    1.569442e-11    5.547714e-12    1.434375e-11 
Ag-108             6.303909e-27    1.000000e-99    1.203212e-27    5.100697e-27 
Ag-109             2.295413e-10    1.485331e-11    3.935371e-11    1.901875e-10 
Ag-110             1.347729e-25    1.000000e-99    2.552792e-26    1.092449e-25 
Ag-111             4.462359e-20    1.000000e-99    8.576395e-21    3.604720e-20 
Ag-112             2.734751e-29    1.000000e-99    5.300436e-30    2.204707e-29 
Ag-113             1.363489e-99    1.000000e-99   3.694803e-100   9.940084e-100 
Cd-102             1.363489e-99    1.000000e-99   3.694803e-100   9.940084e-100 
Cd-103             1.363489e-99    1.000000e-99   3.694803e-100   9.940084e-100 
Cd-104             1.363489e-99    1.000000e-99   3.694803e-100   9.940084e-100 
Cd-105             1.363489e-99    1.000000e-99   3.694803e-100   9.940084e-100 
Cd-106             1.514902e-12    1.270337e-12    4.318952e-13    1.083007e-12 
Cd-107             8.654447e-25    1.000000e-99    1.654409e-25    7.000037e-25 
Cd-108             4.464527e-12    9.215458e-13    8.464798e-13    3.618047e-12 
Cd-109             1.960140e-17    1.000000e-99    3.709818e-18    1.589158e-17 
Cd-110             6.458292e-10    1.317220e-11    1.067290e-10    5.391002e-10 
Cd-111             2.332484e-10    1.362185e-11    3.994091e-11    1.933075e-10 
Cd-112             8.620508e-10    2.591066e-11    1.437440e-10    7.183068e-10 
Cd-113             2.654445e-10    1.323893e-11    4.512481e-11    2.203197e-10 
Cd-114             1.290484e-09    3.140101e-11    2.141291e-10    1.076355e-09 
Cd-115             8.663551e-18    1.000000e-99    1.654658e-18    7.008894e-18 
Cd-116             3.073711e-11    8.329961e-12    6.023039e-12    2.471407e-11 
Cd-117             1.643671e-23    1.000000e-99    3.146130e-24    1.329058e-23 
Cd-118             8.331606e-33    1.000000e-99    1.614814e-33    6.716791e-33 
In-106             1.363489e-99    1.000000e-99   3.694803e-100   9.940084e-100 
In-107             1.363489e-99    1.000000e-99   3.694803e-100   9.940084e-100 
In-108             1.363489e-99    1.000000e-99   3.694803e-100   9.940084e-100 
In-109             1.363489e-99    1.000000e-99   3.694803e-100   9.940084e-100 
In-110             1.363489e-99    1.000000e-99   3.694803e-100   9.940084e-100 
In-111             1.363489e-99    1.000000e-99   3.694803e-100   9.940084e-100 
In-112             1.363489e-99    1.000000e-99   3.694803e-100   9.940084e-100 
In-113             6.354395e-13    5.212384e-13    1.794380e-13    4.560014e-13 
In-114             1.758265e-29    1.000000e-99    3.336397e-30    1.424625e-29 
In-115             2.637753e-10    1.184043e-11    4.460790e-11    2.191674e-10 
In-116             3.574284e-26    1.000000e-99    6.771320e-27    2.897152e-26 
In-117             6.467206e-24    1.000000e-99    1.237926e-24    5.229280e-24 
In-118             6.849675e-35    1.000000e-99    1.327590e-35    5.522086e-35 
In-119             1.363489e-99    1.000000e-99   3.694803e-100   9.940084e-100 
Sn-108             1.363489e-99    1.000000e-99   3.694803e-100   9.940084e-100 
Sn-109             1.363489e-99    1.000000e-99   3.694803e-100   9.940084e-100 
Sn-110             1.363489e-99    1.000000e-99   3.694803e-100   9.940084e-100 
Sn-111             1.363489e-99    1.000000e-99   3.694803e-100   9.940084e-100 
Sn-112             2.935887e-12    2.444221e-12    8.344719e-13    2.101415e-12 
Sn-113             2.356707e-21    1.000000e-99    4.607426e-22    1.895965e-21 
Sn-114             2.166991e-12    1.688470e-12    5.985710e-13    1.568420e-12 
Sn-115             1.112944e-12    8.761949e-13    3.088169e-13    8.041271e-13 
Sn-116             1.709744e-09    3.789711e-11    2.821294e-10    1.427615e-09 
Sn-117             5.591611e-10    2.018478e-11    9.376641e-11    4.653947e-10 
Sn-118             2.542591e-09    6.424112e-11    4.181360e-10    2.124455e-09 
Sn-119             8.057609e-10    2.296098e-11    1.336971e-10    6.720638e-10 
Sn-120             4.171282e-09    8.790403e-11    6.862466e-10    3.485036e-09 
Sn-121             1.099099e-18    1.000000e-99    2.096614e-19    8.894375e-19 
Sn-122             1.947792e-10    1.269259e-11    3.429483e-11    1.604844e-10 
Sn-123             1.539305e-19    1.000000e-99    2.949081e-20    1.244397e-19 
Sn-124             2.093542e-11    1.613349e-11    5.784957e-12    1.515047e-11 
Sn-125             3.445909e-22    1.000000e-99    6.639555e-23    2.781953e-22 
Sn-126             1.656110e-16    1.000000e-99    3.149830e-17    1.341127e-16 
Sn-127             2.613111e-32    1.000000e-99    5.074790e-33    2.105632e-32 
Sn-128             1.363489e-99    1.000000e-99   3.694803e-100   9.940084e-100 
Sn-129             1.363489e-99    1.000000e-99   3.694803e-100   9.940084e-100 
Sn-130             1.363489e-99    1.000000e-99   3.694803e-100   9.940084e-100 
Sb-112             1.363489e-99    1.000000e-99   3.694803e-100   9.940084e-100 
Sb-113             1.363489e-99    1.000000e-99   3.694803e-100   9.940084e-100 
Sb-114             1.363489e-99    1.000000e-99   3.694803e-100   9.940084e-100 
Sb-115             1.363489e-99    1.000000e-99   3.694803e-100   9.940084e-100 
Sb-116             1.363489e-99    1.000000e-99   3.694803e-100   9.940084e-100 
Sb-117             1.363489e-99    1.000000e-99   3.694803e-100   9.940084e-100 
Sb-118             1.363489e-99    1.000000e-99   3.694803e-100   9.940084e-100 
Sb-119             1.363489e-99    1.000000e-99   3.694803e-100   9.940084e-100 
Sb-120             1.363489e-99    1.000000e-99   3.694803e-100   9.940084e-100 
Sb-121             3.368377e-10    1.264688e-11    5.653626e-11    2.803014e-10 
Sb-122             1.621224e-18    1.000000e-99    3.093792e-19    1.311844e-18 
Sb-123             4.109991e-11    9.614355e-12    7.999259e-12    3.310065e-11 
Sb-124             4.417914e-22    1.000000e-99    8.219260e-23    3.595988e-22 
Sb-125             3.950997e-19    1.000000e-99    7.353501e-20    3.215647e-19 
Sb-126             4.416242e-23    1.000000e-99    8.150559e-24    3.601186e-23 
Sb-127             4.726834e-27    1.000000e-99    9.089088e-28    3.817925e-27 
Sb-128             1.363489e-99    1.000000e-99   3.694803e-100   9.940084e-100 
Sb-129             1.363489e-99    1.000000e-99   3.694803e-100   9.940084e-100 
Sb-130             1.363489e-99    1.000000e-99   3.694803e-100   9.940084e-100 
Sb-131             1.363489e-99    1.000000e-99   3.694803e-100   9.940084e-100 
Sb-132             1.363489e-99    1.000000e-99   3.694803e-100   9.940084e-100 
Sb-133             1.363489e-99    1.000000e-99   3.694803e-100   9.940084e-100 
Te-114             1.363489e-99    1.000000e-99   3.694803e-100   9.940084e-100 
Te-115             1.363489e-99    1.000000e-99   3.694803e-100   9.940084e-100 
Te-116             1.363489e-99    1.000000e-99   3.694803e-100   9.940084e-100 
Te-117             1.363489e-99    1.000000e-99   3.694803e-100   9.940084e-100 
Te-118             1.363489e-99    1.000000e-99   3.694803e-100   9.940084e-100 
Te-119             1.363489e-99    1.000000e-99   3.694803e-100   9.940084e-100 
Te-120             3.857105e-13    3.259535e-13    1.103274e-13    2.753831e-13 
Te-121             5.670630e-23    1.000000e-99    1.111845e-23    4.558785e-23 
Te-122             5.612221e-10    8.985395e-12    9.282107e-11    4.684011e-10 
Te-123             2.036344e-10    3.160051e-12    3.376719e-11    1.698672e-10 
Te-124             1.145042e-09    1.689707e-11    1.894662e-10    9.555762e-10 
Te-125             4.144189e-10    2.524937e-11    7.153333e-11    3.428856e-10 
Te-126             2.290439e-09    6.756609e-11    3.847612e-10    1.905678e-09 
Te-127             8.180890e-20    1.000000e-99    1.539436e-20    6.641454e-20 
Te-128             4.393643e-10    1.147610e-10    9.156728e-11    3.477971e-10 
Te-129             2.784323e-23    1.000000e-99    5.121362e-24    2.272187e-23 
Te-130             1.606225e-10    1.243227e-10    4.447595e-11    1.161466e-10 
Te-131             2.078592e-26    1.000000e-99    3.856994e-27    1.692893e-26 
Te-132             1.873832e-49    1.000000e-99    3.631823e-50    1.510650e-49 
Te-133             1.363489e-99    1.000000e-99   3.694803e-100   9.940084e-100 
Te-134             1.363489e-99    1.000000e-99   3.694803e-100   9.940084e-100 
I-117              1.363489e-99    1.000000e-99   3.694803e-100   9.940084e-100 
I-118              1.363489e-99    1.000000e-99   3.694803e-100   9.940084e-100 
I-119              1.363489e-99    1.000000e-99   3.694803e-100   9.940084e-100 
I-120              1.363489e-99    1.000000e-99   3.694803e-100   9.940084e-100 
I-121              1.363489e-99    1.000000e-99   3.694803e-100   9.940084e-100 
I-122              1.363489e-99    1.000000e-99   3.694803e-100   9.940084e-100 
I-123              1.363489e-99    1.000000e-99   3.694803e-100   9.940084e-100 
I-124              1.363489e-99    1.000000e-99   3.694803e-100   9.940084e-100 
I-125              5.476072e-22    1.000000e-99    1.068877e-22    4.407195e-22 
I-126              1.869537e-28    1.000000e-99    3.623498e-29    1.507188e-28 
I-127              3.273556e-10    2.920834e-11    5.788391e-11    2.694717e-10 
I-128              3.452190e-23    1.000000e-99    6.379692e-24    2.814221e-23 
I-129              9.462241e-13    1.000000e-99    1.629663e-13    7.832578e-13 
I-130              1.023118e-24    1.000000e-99    1.944716e-25    8.286468e-25 
I-131              2.985886e-21    1.000000e-99    5.744999e-22    2.411386e-21 
I-132              3.691355e-32    1.000000e-99    7.154507e-33    2.975905e-32 
I-133              1.363489e-99    1.000000e-99   3.694803e-100   9.940084e-100 
I-134              1.363489e-99    1.000000e-99   3.694803e-100   9.940084e-100 
I-135              1.363489e-99    1.000000e-99   3.694803e-100   9.940084e-100 
Xe-118             1.363489e-99    1.000000e-99   3.694803e-100   9.940084e-100 
Xe-119             1.363489e-99    1.000000e-99   3.694803e-100   9.940084e-100 
Xe-120             1.363489e-99    1.000000e-99   3.694803e-100   9.940084e-100 
Xe-121             1.363489e-99    1.000000e-99   3.694803e-100   9.940084e-100 
Xe-122             1.363489e-99    1.000000e-99   3.694803e-100   9.940084e-100 
Xe-123             1.363489e-99    1.000000e-99   3.694803e-100   9.940084e-100 
Xe-124             5.222875e-13    4.422976e-13    1.495268e-13    3.727607e-13 
Xe-125             1.924989e-24    1.000000e-99    3.699210e-25    1.555068e-24 
Xe-126             4.654846e-13    3.902040e-13    1.326807e-13    3.328039e-13 
Xe-127             4.475926e-22    1.000000e-99    8.696868e-23    3.606239e-22 
Xe-128             7.322482e-10    7.892562e-12    1.220272e-10    6.102210e-10 
Xe-129             4.343605e-10    9.794752e-11    8.607414e-11    3.482863e-10 
Xe-130             1.727976e-09    1.574420e-11    2.904423e-10    1.437534e-09 
Xe-131             7.305413e-10    7.896433e-11    1.322875e-10    5.982539e-10 
Xe-132             3.434084e-09    9.621051e-11    5.820649e-10    2.852019e-09 
Xe-133             3.901591e-18    1.000000e-99    7.454756e-19    3.156115e-18 
Xe-134             9.079177e-11    3.579193e-11    1.982519e-11    7.096658e-11 
Xe-135             3.125682e-22    1.000000e-99    5.951778e-23    2.530504e-22 
Xe-136             4.047990e-11    2.959490e-11    1.096363e-11    2.951627e-11 
Xe-137             2.844517e-29    1.000000e-99    5.380388e-30    2.306478e-29 
Xe-138             1.363489e-99    1.000000e-99   3.694803e-100   9.940084e-100 
Cs-123             1.363489e-99    1.000000e-99   3.694803e-100   9.940084e-100 
Cs-124             1.363489e-99    1.000000e-99   3.694803e-100   9.940084e-100 
Cs-125             1.363489e-99    1.000000e-99   3.694803e-100   9.940084e-100 
Cs-126             1.363489e-99    1.000000e-99   3.694803e-100   9.940084e-100 
Cs-127             1.363489e-99    1.000000e-99   3.694803e-100   9.940084e-100 
Cs-128             1.363489e-99    1.000000e-99   3.694803e-100   9.940084e-100 
Cs-129             1.363489e-99    1.000000e-99   3.694803e-100   9.940084e-100 
Cs-130             1.363489e-99    1.000000e-99   3.694803e-100   9.940084e-100 
Cs-131             2.135644e-23    1.000000e-99    4.231400e-24    1.712504e-23 
Cs-132             2.402681e-31    1.000000e-99    4.656826e-32    1.936998e-31 
Cs-133             4.763901e-10    2.854663e-11    8.279543e-11    3.935947e-10 
Cs-134             1.175296e-16    1.000000e-99    2.201479e-17    9.551477e-17 
Cs-135             8.109343e-11    1.000000e-99    1.285588e-11    6.823755e-11 
Cs-136             5.315674e-19    1.000000e-99    1.022937e-19    4.292737e-19 
Cs-137             5.626343e-15    1.000000e-99    9.137507e-16    4.712592e-15 
Cs-138             1.124982e-32    1.000000e-99    2.179330e-33    9.070492e-33 
Cs-139             1.363489e-99    1.000000e-99   3.694803e-100   9.940084e-100 
Ba-124             1.363489e-99    1.000000e-99   3.694803e-100   9.940084e-100 
Ba-125             1.363489e-99    1.000000e-99   3.694803e-100   9.940084e-100 
Ba-126             1.363489e-99    1.000000e-99   3.694803e-100   9.940084e-100 
Ba-127             1.363489e-99    1.000000e-99   3.694803e-100   9.940084e-100 
Ba-128             1.363489e-99    1.000000e-99   3.694803e-100   9.940084e-100 
Ba-129             1.363489e-99    1.000000e-99   3.694803e-100   9.940084e-100 
Ba-130             4.284477e-13    3.631886e-13    1.227131e-13    3.057347e-13 
Ba-131             2.818544e-23    1.000000e-99    5.548626e-24    2.263682e-23 
Ba-132             4.198148e-13    3.527424e-13    1.197832e-13    3.000316e-13 
Ba-133             1.222921e-22    1.000000e-99    2.424114e-23    9.805101e-23 
Ba-134             1.313270e-09    8.552334e-12    2.203735e-10    1.092897e-09 
Ba-135             4.975549e-10    2.349926e-11    8.620627e-11    4.113486e-10 
Ba-136             3.565798e-09    2.820186e-11    5.921958e-10    2.973602e-09 
Ba-137             2.967976e-09    4.063318e-11    4.967880e-10    2.471188e-09 
Ba-138             4.446280e-08    2.612735e-10    7.603533e-09    3.685926e-08 
Ba-139             8.408246e-22    1.000000e-99    1.544190e-22    6.864056e-22 
Ba-140             3.063277e-26    1.000000e-99    5.928327e-27    2.470444e-26 
Ba-141             1.363489e-99    1.000000e-99   3.694803e-100   9.940084e-100 
Ba-142             1.363489e-99    1.000000e-99   3.694803e-100   9.940084e-100 
La-127             1.363489e-99    1.000000e-99   3.694803e-100   9.940084e-100 
La-128             1.363489e-99    1.000000e-99   3.694803e-100   9.940084e-100 
La-129             1.363489e-99    1.000000e-99   3.694803e-100   9.940084e-100 
La-130             1.363489e-99    1.000000e-99   3.694803e-100   9.940084e-100 
La-131             1.363489e-99    1.000000e-99   3.694803e-100   9.940084e-100 
La-132             1.363489e-99    1.000000e-99   3.694803e-100   9.940084e-100 
La-133             1.363489e-99    1.000000e-99   3.694803e-100   9.940084e-100 
La-134             1.363489e-99    1.000000e-99   3.694803e-100   9.940084e-100 
La-135             1.363489e-99    1.000000e-99   3.694803e-100   9.940084e-100 
La-136             1.363489e-99    1.000000e-99   3.694803e-100   9.940084e-100 
La-137             8.845855e-19    1.000000e-99    1.409001e-19    7.436854e-19 
La-138             3.761354e-14    3.211030e-14    1.076495e-14    2.684859e-14 
La-139             5.362550e-09    3.583655e-11    9.219080e-10    4.440642e-09 
La-140             1.392858e-18    1.000000e-99    2.670890e-19    1.125769e-18 
La-141             3.033852e-27    1.000000e-99    5.877370e-28    2.446115e-27 
La-142             1.363489e-99    1.000000e-99   3.694803e-100   9.940084e-100 
La-143             1.363489e-99    1.000000e-99   3.694803e-100   9.940084e-100 
Ce-130             1.363489e-99    1.000000e-99   3.694803e-100   9.940084e-100 
Ce-131             1.363489e-99    1.000000e-99   3.694803e-100   9.940084e-100 
Ce-132             1.363489e-99    1.000000e-99   3.694803e-100   9.940084e-100 
Ce-133             1.363489e-99    1.000000e-99   3.694803e-100   9.940084e-100 
Ce-134             1.363489e-99    1.000000e-99   3.694803e-100   9.940084e-100 
Ce-135             1.363489e-99    1.000000e-99   3.694803e-100   9.940084e-100 
Ce-136             1.999959e-13    1.677857e-13    5.702958e-14    1.429663e-13 
Ce-137             2.051064e-25    1.000000e-99    3.924818e-26    1.658582e-25 
Ce-138             2.778661e-13    2.297503e-13    7.876740e-14    1.990987e-13 
Ce-139             1.912827e-21    1.000000e-99    3.674616e-22    1.545365e-21 
Ce-140             1.884644e-08    8.213422e-11    3.321687e-09    1.552475e-08 
Ce-141             4.432064e-17    1.000000e-99    8.556290e-18    3.576434e-17 
Ce-142             6.341985e-11    1.046796e-11    1.162974e-11    5.179010e-11 
Ce-143             7.051681e-21    1.000000e-99    1.358422e-21    5.693259e-21 
Ce-144             5.612418e-25    1.000000e-99    1.075384e-25    4.537035e-25 
Ce-145             1.363489e-99    1.000000e-99   3.694803e-100   9.940084e-100 
Ce-146             1.363489e-99    1.000000e-99   3.694803e-100   9.940084e-100 
Pr-133             1.363489e-99    1.000000e-99   3.694803e-100   9.940084e-100 
Pr-134             1.363489e-99    1.000000e-99   3.694803e-100   9.940084e-100 
Pr-135             1.363489e-99    1.000000e-99   3.694803e-100   9.940084e-100 
Pr-136             1.363489e-99    1.000000e-99   3.694803e-100   9.940084e-100 
Pr-137             1.363489e-99    1.000000e-99   3.694803e-100   9.940084e-100 
Pr-138             1.363489e-99    1.000000e-99   3.694803e-100   9.940084e-100 
Pr-139             1.363489e-99    1.000000e-99   3.694803e-100   9.940084e-100 
Pr-140             1.363489e-99    1.000000e-99   3.694803e-100   9.940084e-100 
Pr-141             1.569531e-09    1.383319e-11    2.729161e-10    1.296614e-09 
Pr-142             1.164455e-18    1.000000e-99    2.235504e-19    9.409041e-19 
Pr-143             5.326440e-20    1.000000e-99    1.022148e-20    4.304292e-20 
Pr-144             2.910273e-29    1.000000e-99    5.284819e-30    2.381791e-29 
Pr-145             1.394015e-99    1.000000e-99   3.778114e-100    1.016204e-99 
Pr-146             1.363489e-99    1.000000e-99   3.694803e-100   9.940084e-100 
Pr-147             1.363489e-99    1.000000e-99   3.694803e-100   9.940084e-100 
Pr-148             1.363489e-99    1.000000e-99   3.694803e-100   9.940084e-100 
Pr-149             1.363489e-99    1.000000e-99   3.694803e-100   9.940084e-100 
Nd-134             1.363489e-99    1.000000e-99   3.694803e-100   9.940084e-100 
Nd-135             1.363489e-99    1.000000e-99   3.694803e-100   9.940084e-100 
Nd-136             1.363489e-99    1.000000e-99   3.694803e-100   9.940084e-100 
Nd-137             1.363489e-99    1.000000e-99   3.694803e-100   9.940084e-100 
Nd-138             1.363489e-99    1.000000e-99   3.694803e-100   9.940084e-100 
Nd-139             1.363489e-99    1.000000e-99   3.694803e-100   9.940084e-100 
Nd-140             1.363489e-99    1.000000e-99   3.694803e-100   9.940084e-100 
Nd-141             8.061107e-34    1.000000e-99    1.562387e-34    6.498720e-34 
Nd-142             5.002439e-09    1.985735e-11    8.743257e-10    4.128114e-09 
Nd-143             6.805909e-10    8.975175e-12    1.188382e-10    5.617527e-10 
Nd-144             2.172208e-09    1.766809e-11    3.799127e-10    1.792296e-09 
Nd-145             3.928234e-10    6.196540e-12    6.892634e-11    3.238970e-10 
Nd-146             2.120866e-09    1.290703e-11    3.751656e-10    1.745700e-09 
Nd-147             5.702391e-18    1.000000e-99    1.101336e-18    4.601055e-18 
Nd-148             6.028933e-11    4.373980e-12    1.053869e-11    4.975064e-11 
Nd-149             4.912487e-23    1.000000e-99    9.433831e-24    3.969104e-23 
Nd-150             5.374654e-12    4.340410e-12    1.508108e-12    3.866546e-12 
Nd-151             1.786243e-27    1.000000e-99    3.433733e-28    1.442869e-27 
Nd-152             7.735622e-51    1.000000e-99    1.499302e-51    6.236320e-51 
Pm-137             1.363489e-99    1.000000e-99   3.694803e-100   9.940084e-100 
Pm-138             1.363489e-99    1.000000e-99   3.694803e-100   9.940084e-100 
Pm-139             1.363489e-99    1.000000e-99   3.694803e-100   9.940084e-100 
Pm-140             1.363489e-99    1.000000e-99   3.694803e-100   9.940084e-100 
Pm-141             1.363489e-99    1.000000e-99   3.694803e-100   9.940084e-100 
Pm-142             1.363489e-99    1.000000e-99   3.694803e-100   9.940084e-100 
Pm-143             1.363489e-99    1.000000e-99   3.694803e-100   9.940084e-100 
Pm-144             1.363489e-99    1.000000e-99   3.694803e-100   9.940084e-100 
Pm-145             3.780315e-19    1.000000e-99    7.067537e-20    3.073562e-19 
Pm-146             1.749574e-24    1.000000e-99    3.359179e-25    1.413657e-24 
Pm-147             2.885271e-15    1.000000e-99    5.395025e-16    2.345768e-15 
Pm-148             4.372019e-22    1.000000e-99    8.453426e-23    3.526676e-22 
Pm-149             7.991417e-20    1.000000e-99    1.543773e-20    6.447644e-20 
Pm-150             3.662208e-28    1.000000e-99    7.097784e-29    2.952429e-28 
Pm-151             1.978620e-22    1.000000e-99    3.823101e-23    1.596310e-22 
Pm-152             1.999221e-34    1.000000e-99    3.874848e-35    1.611736e-34 
Pm-153             1.363489e-99    1.000000e-99   3.694803e-100   9.940084e-100 
Pm-154             1.363489e-99    1.000000e-99   3.694803e-100   9.940084e-100 
Sm-140             1.363489e-99    1.000000e-99   3.694803e-100   9.940084e-100 
Sm-141             1.363489e-99    1.000000e-99   3.694803e-100   9.940084e-100 
Sm-142             1.363489e-99    1.000000e-99   3.694803e-100   9.940084e-100 
Sm-143             1.363489e-99    1.000000e-99   3.694803e-100   9.940084e-100 
Sm-144             9.044582e-13    7.373688e-13    2.549241e-13    6.495341e-13 
Sm-145             1.738433e-20    1.000000e-99    3.299182e-21    1.408515e-20 
Sm-146             5.103239e-15    1.000000e-99    8.572737e-16    4.245966e-15 
Sm-147             2.158609e-10    3.672152e-12    3.837032e-11    1.774905e-10 
Sm-148             6.892957e-10    2.771752e-12    1.219832e-10    5.673126e-10 
Sm-149             9.932750e-11    3.430543e-12    1.790075e-11    8.142675e-11 
Sm-150             4.401218e-10    1.844282e-12    7.733386e-11    3.627879e-10 
Sm-151             6.334282e-13    1.000000e-99    1.174160e-13    5.160122e-13 
Sm-152             3.029705e-10    6.772395e-12    5.342328e-11    2.495472e-10 
Sm-153             9.223932e-19    1.000000e-99    1.772734e-19    7.451197e-19 
Sm-154             2.970460e-11    5.837723e-12    5.701370e-12    2.400323e-11 
Sm-155             5.794036e-25    1.000000e-99    1.117366e-25    4.676669e-25 
Sm-156             4.151513e-29    1.000000e-99    8.046374e-30    3.346875e-29 
Sm-157             1.363489e-99    1.000000e-99   3.694803e-100   9.940084e-100 
Sm-158             1.363489e-99    1.000000e-99   3.694803e-100   9.940084e-100 
Eu-143             1.363489e-99    1.000000e-99   3.694803e-100   9.940084e-100 
Eu-144             1.363489e-99    1.000000e-99   3.694803e-100   9.940084e-100 
Eu-145             1.363489e-99    1.000000e-99   3.694803e-100   9.940084e-100 
Eu-146             1.363489e-99    1.000000e-99   3.694803e-100   9.940084e-100 
Eu-147             1.363489e-99    1.000000e-99   3.694803e-100   9.940084e-100 
Eu-148             1.363489e-99    1.000000e-99   3.694803e-100   9.940084e-100 
Eu-149             1.363489e-99    1.000000e-99   3.694803e-100   9.940084e-100 
Eu-150             1.363489e-99    1.000000e-99   3.694803e-100   9.940084e-100 
Eu-151             6.110470e-11    4.075669e-12    1.126901e-11    4.983569e-11 
Eu-152             1.941394e-17    1.000000e-99    3.839496e-18    1.557444e-17 
Eu-153             6.690760e-11    4.507979e-12    1.218975e-11    5.471785e-11 
Eu-154             3.402015e-17    1.000000e-99    6.532009e-18    2.748814e-17 
Eu-155             8.837983e-17    1.000000e-99    1.694649e-17    7.143334e-17 
Eu-156             1.759394e-24    1.000000e-99    3.402315e-25    1.419163e-24 
Eu-157             7.159646e-33    1.000000e-99    1.387668e-33    5.771979e-33 
Eu-158             1.363489e-99    1.000000e-99   3.694803e-100   9.940084e-100 
Eu-159             1.363489e-99    1.000000e-99   3.694803e-100   9.940084e-100 
Gd-144             1.363489e-99    1.000000e-99   3.694803e-100   9.940084e-100 
Gd-145             1.363489e-99    1.000000e-99   3.694803e-100   9.940084e-100 
Gd-146             1.363489e-99    1.000000e-99   3.694803e-100   9.940084e-100 
Gd-147             1.363489e-99    1.000000e-99   3.694803e-100   9.940084e-100 
Gd-148             1.363489e-99    1.000000e-99   3.694803e-100   9.940084e-100 
Gd-149             1.363489e-99    1.000000e-99   3.694803e-100   9.940084e-100 
Gd-150             1.363489e-99    1.000000e-99   3.694803e-100   9.940084e-100 
Gd-151             1.363489e-99    1.000000e-99   3.694803e-100   9.940084e-100 
Gd-152             3.131262e-11    5.899685e-14    5.428752e-12    2.588387e-11 
Gd-153             3.983069e-16    1.000000e-99    7.527572e-17    3.230312e-16 
Gd-154             1.481665e-10    6.424801e-13    2.596788e-11    1.221986e-10 
Gd-155             6.794096e-11    4.388244e-12    1.246221e-11    5.547875e-11 
Gd-156             2.815780e-10    6.107581e-12    5.047387e-11    2.311041e-10 
Gd-157             1.313855e-10    4.700750e-12    2.380361e-11    1.075819e-10 
Gd-158             5.553407e-10    7.506184e-12    9.931180e-11    4.560289e-10 
Gd-159             3.534901e-19    1.000000e-99    6.774274e-20    2.857474e-19 
Gd-160             2.362573e-11    6.691798e-12    4.829312e-12    1.879642e-11 
Gd-161             1.548376e-26    1.000000e-99    2.985400e-27    1.249836e-26 
Gd-162             5.287432e-37    1.000000e-99    1.024799e-37    4.262633e-37 
Tb-147             1.363489e-99    1.000000e-99   3.694803e-100   9.940084e-100 
Tb-148             1.363489e-99    1.000000e-99   3.694803e-100   9.940084e-100 
Tb-149             1.363489e-99    1.000000e-99   3.694803e-100   9.940084e-100 
Tb-150             1.363489e-99    1.000000e-99   3.694803e-100   9.940084e-100 
Tb-151             1.363489e-99    1.000000e-99   3.694803e-100   9.940084e-100 
Tb-152             1.363489e-99    1.000000e-99   3.694803e-100   9.940084e-100 
Tb-153             1.363489e-99    1.000000e-99   3.694803e-100   9.940084e-100 
Tb-154             1.363489e-99    1.000000e-99   3.694803e-100   9.940084e-100 
Tb-155             1.363489e-99    1.000000e-99   3.694803e-100   9.940084e-100 
Tb-156             1.363489e-99    1.000000e-99   3.694803e-100   9.940084e-100 
Tb-157             9.650521e-14    1.000000e-99    1.727312e-14    7.923209e-14 
Tb-158             1.827936e-15    1.000000e-99    3.047665e-16    1.523169e-15 
Tb-159             1.245247e-10    5.534779e-12    2.275024e-11    1.017745e-10 
Tb-160             1.650245e-17    1.000000e-99    3.215589e-18    1.328686e-17 
Tb-161             6.716266e-20    1.000000e-99    1.296587e-20    5.419679e-20 
Tb-162             3.017123e-32    1.000000e-99    5.847724e-33    2.432350e-32 
Tb-163             1.363489e-99    1.000000e-99   3.694803e-100   9.940084e-100 
Tb-164             1.363489e-99    1.000000e-99   3.694803e-100   9.940084e-100 
Tb-165             1.363489e-99    1.000000e-99   3.694803e-100   9.940084e-100 
Dy-148             1.363489e-99    1.000000e-99   3.694803e-100   9.940084e-100 
Dy-149             1.363489e-99    1.000000e-99   3.694803e-100   9.940084e-100 
Dy-150             1.363489e-99    1.000000e-99   3.694803e-100   9.940084e-100 
Dy-151             1.363489e-99    1.000000e-99   3.694803e-100   9.940084e-100 
Dy-152             1.363489e-99    1.000000e-99   3.694803e-100   9.940084e-100 
Dy-153             1.363489e-99    1.000000e-99   3.694803e-100   9.940084e-100 
Dy-154             1.363489e-99    1.000000e-99   3.694803e-100   9.940084e-100 
Dy-155             1.363489e-99    1.000000e-99   3.694803e-100   9.940084e-100 
Dy-156             2.363220e-14    2.009166e-14    6.777034e-15    1.685516e-14 
Dy-157             1.342997e-26    1.000000e-99    2.484866e-27    1.094511e-26 
Dy-158             2.684490e-13    3.488442e-14    4.580656e-14    2.226425e-13 
Dy-159             3.225418e-18    1.000000e-99    6.037456e-19    2.621673e-18 
Dy-160             2.012877e-10    8.610711e-13    3.577346e-11    1.655142e-10 
Dy-161             1.023514e-10    7.001976e-12    1.902638e-11    8.332501e-11 
Dy-162             4.344794e-10    9.504486e-12    7.828674e-11    3.561927e-10 
Dy-163             8.240320e-11    9.334480e-12    1.538297e-11    6.702023e-11 
Dy-164             6.825338e-10    1.063266e-11    1.252787e-10    5.572552e-10 
Dy-165             2.095047e-21    1.000000e-99    3.953222e-22    1.699725e-21 
Dy-166             2.064205e-25    1.000000e-99    3.996569e-26    1.664548e-25 
Dy-167             1.363489e-99    1.000000e-99   3.694803e-100   9.940084e-100 
Dy-168             1.363489e-99    1.000000e-99   3.694803e-100   9.940084e-100 
Ho-153             1.363489e-99    1.000000e-99   3.694803e-100   9.940084e-100 
Ho-154             1.363489e-99    1.000000e-99   3.694803e-100   9.940084e-100 
Ho-155             1.363489e-99    1.000000e-99   3.694803e-100   9.940084e-100 
Ho-156             1.363489e-99    1.000000e-99   3.694803e-100   9.940084e-100 
Ho-157             1.363489e-99    1.000000e-99   3.694803e-100   9.940084e-100 
Ho-158             1.363489e-99    1.000000e-99   3.694803e-100   9.940084e-100 
Ho-159             1.363489e-99    1.000000e-99   3.694803e-100   9.940084e-100 
Ho-160             1.363489e-99    1.000000e-99   3.694803e-100   9.940084e-100 
Ho-161             1.363489e-99    1.000000e-99   3.694803e-100   9.940084e-100 
Ho-162             1.363489e-99    1.000000e-99   3.694803e-100   9.940084e-100 
Ho-163             5.105162e-11    1.000000e-99    9.603708e-12    4.144792e-11 
Ho-164             3.776541e-23    1.000000e-99    7.127870e-24    3.063754e-23 
Ho-165             1.907669e-10    8.495464e-12    3.509182e-11    1.556751e-10 
Ho-166             2.918759e-18    1.000000e-99    5.613871e-19    2.357372e-18 
Ho-167             1.487909e-26    1.000000e-99    2.882028e-27    1.199706e-26 
Ho-168             1.380599e-99    1.000000e-99   3.741499e-100    1.006449e-99 
Ho-169             1.363489e-99    1.000000e-99   3.694803e-100   9.940084e-100 
Er-154             1.363489e-99    1.000000e-99   3.694803e-100   9.940084e-100 
Er-155             1.363489e-99    1.000000e-99   3.694803e-100   9.940084e-100 
Er-156             1.363489e-99    1.000000e-99   3.694803e-100   9.940084e-100 
Er-157             1.363489e-99    1.000000e-99   3.694803e-100   9.940084e-100 
Er-158             1.363489e-99    1.000000e-99   3.694803e-100   9.940084e-100 
Er-159             1.363489e-99    1.000000e-99   3.694803e-100   9.940084e-100 
Er-160             1.363489e-99    1.000000e-99   3.694803e-100   9.940084e-100 
Er-161             1.363489e-99    1.000000e-99   3.694803e-100   9.940084e-100 
Er-162             3.788158e-14    3.220615e-14    1.086336e-14    2.701822e-14 
Er-163             2.944419e-28    1.000000e-99    5.279173e-29    2.416501e-28 
Er-164             8.971880e-11    3.829156e-13    1.564779e-11    7.407100e-11 
Er-165             6.324836e-20    1.000000e-99    1.199170e-20    5.125666e-20 
Er-166             3.479643e-10    8.096173e-12    6.323649e-11    2.847278e-10 
Er-167             1.488168e-10    5.556786e-12    2.734260e-11    1.214742e-10 
Er-168             6.226675e-10    6.531083e-12    1.119758e-10    5.106918e-10 
Er-169             5.735656e-18    1.000000e-99    1.108236e-18    4.627420e-18 
Er-170             6.074816e-11    3.683086e-12    1.064706e-11    5.010111e-11 
Er-171             2.946646e-21    1.000000e-99    5.687162e-22    2.377929e-21 
Er-172             1.235089e-26    1.000000e-99    2.393417e-27    9.957476e-27 
Er-173             1.363489e-99    1.000000e-99   3.694803e-100   9.940084e-100 
Er-174             1.363489e-99    1.000000e-99   3.694803e-100   9.940084e-100 
Er-175             1.363489e-99    1.000000e-99   3.694803e-100   9.940084e-100 
Tm-159             1.363489e-99    1.000000e-99   3.694803e-100   9.940084e-100 
Tm-160             1.363489e-99    1.000000e-99   3.694803e-100   9.940084e-100 
Tm-161             1.363489e-99    1.000000e-99   3.694803e-100   9.940084e-100 
Tm-162             1.363489e-99    1.000000e-99   3.694803e-100   9.940084e-100 
Tm-163             1.363489e-99    1.000000e-99   3.694803e-100   9.940084e-100 
Tm-164             1.363489e-99    1.000000e-99   3.694803e-100   9.940084e-100 
Tm-165             1.363489e-99    1.000000e-99   3.694803e-100   9.940084e-100 
Tm-166             1.363489e-99    1.000000e-99   3.694803e-100   9.940084e-100 
Tm-167             1.363489e-99    1.000000e-99   3.694803e-100   9.940084e-100 
Tm-168             1.363489e-99    1.000000e-99   3.694803e-100   9.940084e-100 
Tm-169             1.186550e-10    3.711845e-12    2.164733e-11    9.700771e-11 
Tm-170             4.335933e-16    1.000000e-99    8.256949e-17    3.510238e-16 
Tm-171             1.058363e-16    1.000000e-99    2.028820e-17    8.554808e-17 
Tm-172             9.673888e-24    1.000000e-99    1.872837e-24    7.801050e-24 
Tm-173             2.938480e-28    1.000000e-99    5.614525e-29    2.377028e-28 
Tm-174             1.363489e-99    1.000000e-99   3.694803e-100   9.940084e-100 
Tm-175             1.363489e-99    1.000000e-99   3.694803e-100   9.940084e-100 
Tm-176             1.363489e-99    1.000000e-99   3.694803e-100   9.940084e-100 
Yb-160             1.363489e-99    1.000000e-99   3.694803e-100   9.940084e-100 
Yb-161             1.363489e-99    1.000000e-99   3.694803e-100   9.940084e-100 
Yb-162             1.363489e-99    1.000000e-99   3.694803e-100   9.940084e-100 
Yb-163             1.363489e-99    1.000000e-99   3.694803e-100   9.940084e-100 
Yb-164             1.363489e-99    1.000000e-99   3.694803e-100   9.940084e-100 
Yb-165             1.363489e-99    1.000000e-99   3.694803e-100   9.940084e-100 
Yb-166             1.363489e-99    1.000000e-99   3.694803e-100   9.940084e-100 
Yb-167             1.363489e-99    1.000000e-99   3.694803e-100   9.940084e-100 
Yb-168             3.729581e-14    3.169245e-14    1.069313e-14    2.660268e-14 
Yb-169             3.338499e-24    1.000000e-99    6.600228e-25    2.678476e-24 
Yb-170             2.238405e-10    7.499386e-13    4.013292e-11    1.837076e-10 
Yb-171             1.991722e-10    3.543460e-12    3.596949e-11    1.632027e-10 
Yb-172             6.202946e-10    5.448606e-12    1.115118e-10    5.087828e-10 
Yb-173             2.920613e-10    4.049335e-12    5.251941e-11    2.395419e-10 
Yb-174             1.382795e-09    8.036909e-12    2.472107e-10    1.135585e-09 
Yb-175             3.341229e-18    1.000000e-99    6.438377e-19    2.697391e-18 
Yb-176             6.140739e-10    3.258866e-12    1.122161e-10    5.018577e-10 
Yb-177             6.496941e-22    1.000000e-99    1.216853e-22    5.280088e-22 
Yb-178             5.262223e-30    1.000000e-99    1.019908e-30    4.242315e-30 
Yb-179             1.363489e-99    1.000000e-99   3.694803e-100   9.940084e-100 
Yb-180             1.363489e-99    1.000000e-99   3.694803e-100   9.940084e-100 
Lu-165             1.363489e-99    1.000000e-99   3.694803e-100   9.940084e-100 
Lu-166             1.363489e-99    1.000000e-99   3.694803e-100   9.940084e-100 
Lu-167             1.363489e-99    1.000000e-99   3.694803e-100   9.940084e-100 
Lu-168             1.363489e-99    1.000000e-99   3.694803e-100   9.940084e-100 
Lu-169             1.363489e-99    1.000000e-99   3.694803e-100   9.940084e-100 
Lu-170             1.363489e-99    1.000000e-99   3.694803e-100   9.940084e-100 
Lu-171             1.363489e-99    1.000000e-99   3.694803e-100   9.940084e-100 
Lu-172             1.363489e-99    1.000000e-99   3.694803e-100   9.940084e-100 
Lu-173             1.363489e-99    1.000000e-99   3.694803e-100   9.940084e-100 
Lu-174             1.363489e-99    1.000000e-99   3.694803e-100   9.940084e-100 
Lu-175             1.876513e-10    3.659077e-12    3.381678e-11    1.538346e-10 
Lu-176             7.092678e-11    9.761316e-14    1.247302e-11    5.845376e-11 
Lu-177             3.654745e-18    1.000000e-99    7.069052e-19    2.947840e-18 
Lu-178             3.720469e-29    1.000000e-99    7.204925e-30    2.999977e-29 
Lu-179             1.398419e-99    1.000000e-99   3.790133e-100    1.019406e-99 
Lu-180             1.363489e-99    1.000000e-99   3.694803e-100   9.940084e-100 
Lu-181             1.363489e-99    1.000000e-99   3.694803e-100   9.940084e-100 
Lu-182             1.363489e-99    1.000000e-99   3.694803e-100   9.940084e-100 
Hf-166             1.363489e-99    1.000000e-99   3.694803e-100   9.940084e-100 
Hf-167             1.363489e-99    1.000000e-99   3.694803e-100   9.940084e-100 
Hf-168             1.363489e-99    1.000000e-99   3.694803e-100   9.940084e-100 
Hf-169             1.363489e-99    1.000000e-99   3.694803e-100   9.940084e-100 
Hf-170             1.363489e-99    1.000000e-99   3.694803e-100   9.940084e-100 
Hf-171             1.363489e-99    1.000000e-99   3.694803e-100   9.940084e-100 
Hf-172             1.363489e-99    1.000000e-99   3.694803e-100   9.940084e-100 
Hf-173             1.363489e-99    1.000000e-99   3.694803e-100   9.940084e-100 
Hf-174             2.902980e-14    2.464719e-14    8.320174e-15    2.070963e-14 
Hf-175             1.090672e-23    1.000000e-99    2.147080e-24    8.759635e-24 
Hf-176             8.578818e-11    8.079634e-13    1.568080e-11    7.010738e-11 
Hf-177             1.707937e-10    2.878236e-12    3.087322e-11    1.399204e-10 
Hf-178             7.445828e-10    4.246501e-12    1.334275e-10    6.111553e-10 
Hf-179             2.536678e-10    2.132127e-12    4.550659e-11    2.081612e-10 
Hf-180             1.485228e-09    5.521852e-12    2.672687e-10    1.217959e-09 
Hf-181             1.322879e-17    1.000000e-99    2.579323e-18    1.064947e-17 
Hf-182             8.760796e-12    1.000000e-99    1.426716e-12    7.334080e-12 
Hf-183             1.128592e-25    1.000000e-99    2.090829e-26    9.195089e-26 
Hf-184             2.246562e-42    1.000000e-99    4.354239e-43    1.811138e-42 
Hf-185             1.363489e-99    1.000000e-99   3.694803e-100   9.940084e-100 
Ta-169             1.363489e-99    1.000000e-99   3.694803e-100   9.940084e-100 
Ta-170             1.363489e-99    1.000000e-99   3.694803e-100   9.940084e-100 
Ta-171             1.363489e-99    1.000000e-99   3.694803e-100   9.940084e-100 
Ta-172             1.363489e-99    1.000000e-99   3.694803e-100   9.940084e-100 
Ta-173             1.363489e-99    1.000000e-99   3.694803e-100   9.940084e-100 
Ta-174             1.363489e-99    1.000000e-99   3.694803e-100   9.940084e-100 
Ta-175             1.363489e-99    1.000000e-99   3.694803e-100   9.940084e-100 
Ta-176             1.363489e-99    1.000000e-99   3.694803e-100   9.940084e-100 
Ta-177             1.363489e-99    1.000000e-99   3.694803e-100   9.940084e-100 
Ta-178             1.363489e-99    1.000000e-99   3.694803e-100   9.940084e-100 
Ta-179             1.458157e-16    1.000000e-99    2.675060e-17    1.190651e-16 
Ta-180             5.890507e-16    4.862737e-16    1.669930e-16    4.220577e-16 
Ta-181             2.912118e-10    3.974920e-12    5.254813e-11    2.386637e-10 
Ta-182             9.418825e-17    1.000000e-99    1.808802e-17    7.610022e-17 
Ta-183             1.761917e-21    1.000000e-99    3.372587e-22    1.424658e-21 
Ta-184             1.291306e-29    1.000000e-99    2.502782e-30    1.041028e-29 
Ta-185             1.363489e-99    1.000000e-99   3.694803e-100   9.940084e-100 
Ta-186             1.363489e-99    1.000000e-99   3.694803e-100   9.940084e-100 
W-172              1.363489e-99    1.000000e-99   3.694803e-100   9.940084e-100 
W-173              1.363489e-99    1.000000e-99   3.694803e-100   9.940084e-100 
W-174              1.363489e-99    1.000000e-99   3.694803e-100   9.940084e-100 
W-175              1.363489e-99    1.000000e-99   3.694803e-100   9.940084e-100 
W-176              1.363489e-99    1.000000e-99   3.694803e-100   9.940084e-100 
W-177              1.363489e-99    1.000000e-99   3.694803e-100   9.940084e-100 
W-178              1.363489e-99    1.000000e-99   3.694803e-100   9.940084e-100 
W-179              1.363489e-99    1.000000e-99   3.694803e-100   9.940084e-100 
W-180              6.454556e-14    1.680477e-14    1.240639e-14    5.213917e-14 
W-181              4.915727e-20    1.000000e-99    8.066237e-21    4.109103e-20 
W-182              7.538168e-10    3.758338e-12    1.356383e-10    6.181785e-10 
W-183              4.078339e-10    2.041283e-12    7.289024e-11    3.349437e-10 
W-184              9.868143e-10    4.393807e-12    1.746013e-10    8.122130e-10 
W-185              1.894613e-16    1.000000e-99    3.634351e-17    1.531177e-16 
W-186              1.508047e-10    4.120314e-12    2.646117e-11    1.243435e-10 
W-187              9.713293e-20    1.000000e-99    1.873115e-20    7.840178e-20 
W-188              2.558693e-24    1.000000e-99    4.926531e-25    2.066040e-24 
W-189              1.363615e-99    1.000000e-99   3.695148e-100   9.941004e-100 
W-190              1.363489e-99    1.000000e-99   3.694803e-100   9.940084e-100 
Re-175             1.363489e-99    1.000000e-99   3.694803e-100   9.940084e-100 
Re-176             1.363489e-99    1.000000e-99   3.694803e-100   9.940084e-100 
Re-177             1.363489e-99    1.000000e-99   3.694803e-100   9.940084e-100 
Re-178             1.363489e-99    1.000000e-99   3.694803e-100   9.940084e-100 
Re-179             1.363489e-99    1.000000e-99   3.694803e-100   9.940084e-100 
Re-180             1.363489e-99    1.000000e-99   3.694803e-100   9.940084e-100 
Re-181             1.363489e-99    1.000000e-99   3.694803e-100   9.940084e-100 
Re-182             1.363489e-99    1.000000e-99   3.694803e-100   9.940084e-100 
Re-183             1.363489e-99    1.000000e-99   3.694803e-100   9.940084e-100 
Re-184             1.363489e-99    1.000000e-99   3.694803e-100   9.940084e-100 
Re-185             1.825195e-10    2.097603e-12    3.240586e-11    1.501136e-10 
Re-186             3.587119e-18    1.000000e-99    6.913103e-19    2.895809e-18 
Re-187             4.976750e-11    3.549221e-12    9.199145e-12    4.056835e-11 
Re-188             9.236876e-20    1.000000e-99    1.769682e-20    7.467194e-20 
Re-189             1.261873e-25    1.000000e-99    2.444067e-26    1.017467e-25 
Re-190             1.428271e-99    1.000000e-99   3.871603e-100    1.041111e-99 
Re-191             1.363489e-99    1.000000e-99   3.694803e-100   9.940084e-100 
Os-179             1.363489e-99    1.000000e-99   3.694803e-100   9.940084e-100 
Os-180             1.363489e-99    1.000000e-99   3.694803e-100   9.940084e-100 
Os-181             1.363489e-99    1.000000e-99   3.694803e-100   9.940084e-100 
Os-182             1.363489e-99    1.000000e-99   3.694803e-100   9.940084e-100 
Os-183             1.363489e-99    1.000000e-99   3.694803e-100   9.940084e-100 
Os-184             1.681284e-14    1.422939e-14    4.812159e-15    1.200068e-14 
Os-185             2.465520e-23    1.000000e-99    4.807712e-24    1.984749e-23 
Os-186             4.541817e-10    1.156681e-12    8.055463e-11    3.736270e-10 
Os-187             1.338124e-10    1.200733e-12    2.377833e-11    1.100340e-10 
Os-188             7.825746e-10    9.755996e-12    1.394485e-10    6.431261e-10 
Os-189             1.693496e-10    1.195800e-11    3.139236e-11    1.379572e-10 
Os-190             8.342044e-10    1.954948e-11    1.496970e-10    6.845074e-10 
Os-191             6.894724e-18    1.000000e-99    1.334175e-18    5.560550e-18 
Os-192             1.633258e-10    3.068163e-11    3.208581e-11    1.312400e-10 
Os-193             8.747949e-20    1.000000e-99    1.687302e-20    7.060646e-20 
Os-194             8.702834e-22    1.000000e-99    1.653155e-22    7.049679e-22 
Os-195             1.388063e-99    1.000000e-99   3.761869e-100    1.011876e-99 
Os-196             1.363489e-99    1.000000e-99   3.694803e-100   9.940084e-100 
Ir-181             1.363489e-99    1.000000e-99   3.694803e-100   9.940084e-100 
Ir-182             1.363489e-99    1.000000e-99   3.694803e-100   9.940084e-100 
Ir-183             1.363489e-99    1.000000e-99   3.694803e-100   9.940084e-100 
Ir-184             1.363489e-99    1.000000e-99   3.694803e-100   9.940084e-100 
Ir-185             1.363489e-99    1.000000e-99   3.694803e-100   9.940084e-100 
Ir-186             1.363489e-99    1.000000e-99   3.694803e-100   9.940084e-100 
Ir-187             1.363489e-99    1.000000e-99   3.694803e-100   9.940084e-100 
Ir-188             1.363489e-99    1.000000e-99   3.694803e-100   9.940084e-100 
Ir-189             1.363489e-99    1.000000e-99   3.694803e-100   9.940084e-100 
Ir-190             1.363489e-99    1.000000e-99   3.694803e-100   9.940084e-100 
Ir-191             1.723240e-10    2.717185e-11    3.390651e-11    1.384175e-10 
Ir-192             1.761245e-16    1.000000e-99    3.375710e-17    1.423674e-16 
Ir-193             2.276239e-10    4.620851e-11    4.638110e-11    1.812428e-10 
Ir-194             3.930593e-19    1.000000e-99    7.533612e-20    3.177232e-19 
Ir-195             1.036829e-27    1.000000e-99    2.008208e-28    8.360079e-28 
Ir-196             1.363613e-99    1.000000e-99   3.695143e-100   9.940990e-100 
Ir-197             1.363489e-99    1.000000e-99   3.694803e-100   9.940084e-100 
Pt-184             1.363489e-99    1.000000e-99   3.694803e-100   9.940084e-100 
Pt-185             1.363489e-99    1.000000e-99   3.694803e-100   9.940084e-100 
Pt-186             1.363489e-99    1.000000e-99   3.694803e-100   9.940084e-100 
Pt-187             1.363489e-99    1.000000e-99   3.694803e-100   9.940084e-100 
Pt-188             1.363489e-99    1.000000e-99   3.694803e-100   9.940084e-100 
Pt-189             1.363489e-99    1.000000e-99   3.694803e-100   9.940084e-100 
Pt-190             2.389536e-14    2.018739e-14    6.834092e-15    1.706127e-14 
Pt-191             6.445856e-25    1.000000e-99    1.249566e-25    5.196289e-25 
Pt-192             2.850780e-10    1.171056e-12    5.095342e-11    2.341245e-10 
Pt-193             4.783177e-13    1.000000e-99    8.984772e-14    3.884700e-13 
Pt-194             6.981129e-10    4.984072e-11    1.304151e-10    5.676978e-10 
Pt-195             3.246064e-10    5.141145e-11    6.420532e-11    2.604011e-10 
Pt-196             1.269007e-09    3.855469e-11    2.296990e-10    1.039308e-09 
Pt-197             4.182090e-19    1.000000e-99    8.011532e-20    3.380937e-19 
Pt-198             2.263929e-11    1.105333e-11    5.287828e-12    1.735146e-11 
Pt-199             2.663683e-25    1.000000e-99    5.088982e-26    2.154785e-25 
Pt-200             8.647419e-30    1.000000e-99    1.676025e-30    6.971395e-30 
Pt-201             1.363489e-99    1.000000e-99   3.694803e-100   9.940084e-100 
Pt-202             1.363489e-99    1.000000e-99   3.694803e-100   9.940084e-100 
Au-185             1.363489e-99    1.000000e-99   3.694803e-100   9.940084e-100 
Au-186             1.363489e-99    1.000000e-99   3.694803e-100   9.940084e-100 
Au-187             1.363489e-99    1.000000e-99   3.694803e-100   9.940084e-100 
Au-188             1.363489e-99    1.000000e-99   3.694803e-100   9.940084e-100 
Au-189             1.363489e-99    1.000000e-99   3.694803e-100   9.940084e-100 
Au-190             1.363489e-99    1.000000e-99   3.694803e-100   9.940084e-100 
Au-191             1.363489e-99    1.000000e-99   3.694803e-100   9.940084e-100 
Au-192             1.363489e-99    1.000000e-99   3.694803e-100   9.940084e-100 
Au-193             1.363489e-99    1.000000e-99   3.694803e-100   9.940084e-100 
Au-194             1.363489e-99    1.000000e-99   3.694803e-100   9.940084e-100 
Au-195             2.324023e-21    1.000000e-99    4.352084e-22    1.888815e-21 
Au-196             4.086317e-28    1.000000e-99    7.920013e-29    3.294315e-28 
Au-197             3.818476e-10    2.168550e-11    7.013835e-11    3.117093e-10 
Au-198             2.897838e-18    1.000000e-99    5.576296e-19    2.340209e-18 
Au-199             1.215212e-20    1.000000e-99    2.343475e-21    9.808642e-21 
Au-200             1.130641e-27    1.000000e-99    2.191385e-28    9.115030e-28 
Au-201             1.363489e-99    1.000000e-99   3.694803e-100   9.940084e-100 
Au-202             1.363489e-99    1.000000e-99   3.694803e-100   9.940084e-100 
Au-203             1.363489e-99    1.000000e-99   3.694803e-100   9.940084e-100 
Hg-189             1.363489e-99    1.000000e-99   3.694803e-100   9.940084e-100 
Hg-190             1.363489e-99    1.000000e-99   3.694803e-100   9.940084e-100 
Hg-191             1.363489e-99    1.000000e-99   3.694803e-100   9.940084e-100 
Hg-192             1.363489e-99    1.000000e-99   3.694803e-100   9.940084e-100 
Hg-193             1.363489e-99    1.000000e-99   3.694803e-100   9.940084e-100 
Hg-194             1.363489e-99    1.000000e-99   3.694803e-100   9.940084e-100 
Hg-195             1.363489e-99    1.000000e-99   3.694803e-100   9.940084e-100 
Hg-196             7.241731e-14    6.024179e-14    2.057583e-14    5.184148e-14 
Hg-197             2.262570e-24    1.000000e-99    4.364363e-25    1.826134e-24 
Hg-198             1.170356e-09    3.953451e-12    2.059437e-10    9.644121e-10 
Hg-199             5.202969e-10    6.725872e-12    9.185752e-11    4.284394e-10 
Hg-200             1.798517e-09    9.252731e-12    3.183402e-10    1.480177e-09 
Hg-201             7.499355e-10    5.306982e-12    1.326267e-10    6.173088e-10 
Hg-202             3.276625e-09    1.208337e-11    5.871905e-10    2.689435e-09 
Hg-203             3.046358e-18    1.000000e-99    5.887114e-19    2.457646e-18 
Hg-204             1.011934e-10    2.805265e-12    1.935728e-11    8.183614e-11 
Hg-205             3.198611e-26    1.000000e-99    6.154123e-27    2.583199e-26 
Hg-206             1.895454e-50    1.000000e-99    3.673729e-51    1.528081e-50 
Hg-207             1.363489e-99    1.000000e-99   3.694803e-100   9.940084e-100 
Hg-208             1.363489e-99    1.000000e-99   3.694803e-100   9.940084e-100 
Tl-192             1.363489e-99    1.000000e-99   3.694803e-100   9.940084e-100 
Tl-193             1.363489e-99    1.000000e-99   3.694803e-100   9.940084e-100 
Tl-194             1.363489e-99    1.000000e-99   3.694803e-100   9.940084e-100 
Tl-195             1.363489e-99    1.000000e-99   3.694803e-100   9.940084e-100 
Tl-196             1.363489e-99    1.000000e-99   3.694803e-100   9.940084e-100 
Tl-197             1.363489e-99    1.000000e-99   3.694803e-100   9.940084e-100 
Tl-198             1.363489e-99    1.000000e-99   3.694803e-100   9.940084e-100 
Tl-199             1.363489e-99    1.000000e-99   3.694803e-100   9.940084e-100 
Tl-200             1.363489e-99    1.000000e-99   3.694803e-100   9.940084e-100 
Tl-201             1.363489e-99    1.000000e-99   3.694803e-100   9.940084e-100 
Tl-202             1.363489e-99    1.000000e-99   3.694803e-100   9.940084e-100 
Tl-203             1.385909e-09    6.447249e-12    2.471413e-10    1.138768e-09 
Tl-204             2.440005e-15    1.000000e-99    4.562767e-16    1.983728e-15 
Tl-205             3.499668e-09    1.554169e-11    6.549068e-10    2.844761e-09 
Tl-206             9.559860e-25    1.000000e-99    1.840130e-25    7.719729e-25 
Tl-207             1.868882e-29    1.000000e-99    3.562754e-30    1.512606e-29 
Tl-208             1.363489e-99    1.000000e-99   3.694803e-100   9.940084e-100 
Tl-209             1.363489e-99    1.000000e-99   3.694803e-100   9.940084e-100 
Tl-210             1.363489e-99    1.000000e-99   3.694803e-100   9.940084e-100 
Pb-193             1.363489e-99    1.000000e-99   3.694803e-100   9.940084e-100 
Pb-194             1.363489e-99    1.000000e-99   3.694803e-100   9.940084e-100 
Pb-195             1.363489e-99    1.000000e-99   3.694803e-100   9.940084e-100 
Pb-196             1.363489e-99    1.000000e-99   3.694803e-100   9.940084e-100 
Pb-197             1.363489e-99    1.000000e-99   3.694803e-100   9.940084e-100 
Pb-198             1.363489e-99    1.000000e-99   3.694803e-100   9.940084e-100 
Pb-199             1.363489e-99    1.000000e-99   3.694803e-100   9.940084e-100 
Pb-200             1.363489e-99    1.000000e-99   3.694803e-100   9.940084e-100 
Pb-201             1.363489e-99    1.000000e-99   3.694803e-100   9.940084e-100 
Pb-202             1.363489e-99    1.000000e-99   3.694803e-100   9.940084e-100 
Pb-203             1.363489e-99    1.000000e-99   3.694803e-100   9.940084e-100 
Pb-204             2.044784e-09    5.867283e-12    3.615050e-10    1.683279e-09 
Pb-205             5.259549e-11    1.000000e-99    1.008799e-11    4.250750e-11 
Pb-208             9.169869e-08    1.771545e-10    1.729338e-08    7.440531e-08 
Pb-209             8.832355e-23    1.000000e-99    1.608996e-23    7.223359e-23 
Pb-210             4.612319e-20    1.000000e-99    7.677896e-21    3.844529e-20 
Pb-211             1.363489e-99    1.000000e-99   3.694803e-100   9.940084e-100 
Bi-202             1.363489e-99    1.000000e-99   3.694803e-100   9.940084e-100 
Bi-203             1.363489e-99    1.000000e-99   3.694803e-100   9.940084e-100 
Bi-204             1.363489e-99    1.000000e-99   3.694803e-100   9.940084e-100 
Bi-205             1.363489e-99    1.000000e-99   3.694803e-100   9.940084e-100 
Bi-206             1.363489e-99    1.000000e-99   3.694803e-100   9.940084e-100 
Bi-207             1.363489e-99    1.000000e-99   3.694803e-100   9.940084e-100 
Bi-208             1.363489e-99    1.000000e-99   3.694803e-100   9.940084e-100 
Bi-209             1.009008e-09    1.745217e-11    1.709955e-10    8.380123e-10 
Bi-210             2.725961e-10    1.000000e-99    5.061584e-11    2.219803e-10 
Al-26m1            3.175675e-17    1.000000e-99    4.372614e-18    2.738414e-17 
Kr-85m1            1.662949e-21    1.000000e-99    2.905511e-22    1.372398e-21 
Cd-115m1           1.003027e-19    1.000000e-99    1.914295e-20    8.115974e-20 
Lu-176m1           1.620269e-21    1.000000e-99    3.010121e-22    1.319257e-21 
Ta-180m1           5.452439e-25    1.000000e-99    1.047297e-25    4.405142e-25 
