# Battino yields
# Model: m3z2m2-rotmix.std2
# Mini: 3.00
# Z: 2.00e-02
# Mfinal: 0.6563286040989639
# Mfinal (MESA): 0.6712452553355508
# Created by Daniel Boyea on 2024-12-10
isotope         wind_yield      initial_abundance wind_yield_mesaevo wind_yield_postmesa 
Neutron-1          2.343756e-99    1.000000e-99    2.328839e-99   1.491665e-101 
H-1                1.538971e+00    7.064434e-01    1.529282e+00    9.688755e-03 
H-2                5.624183e-06    1.370527e-05    5.593879e-06    3.030412e-08 
He-3               3.275074e-04    4.539991e-05    3.254344e-04    2.072956e-06 
He-4               7.103751e-01    2.734975e-01    7.058209e-01    4.554179e-03 
Be-7               1.452815e-10    1.000000e-99    1.440332e-10    1.248349e-12 
B-8                1.468840e-26    1.000000e-99    1.450226e-26    1.861398e-28 
Li-7               3.667669e-11    7.605094e-11    3.644905e-11    2.276398e-13 
C-11               3.469220e-26    1.000000e-99    3.425688e-26    4.353233e-28 
B-11               6.693270e-09    2.855891e-09    6.650670e-09    4.260033e-11 
C-12               3.588572e-02    3.424729e-03    3.561165e-02    2.740725e-04 
C-13               2.275871e-04    4.156115e-05    2.261483e-04    1.438838e-06 
N-13               2.336373e-19    1.000000e-99    2.305781e-19    3.059179e-21 
N-14               7.190748e-03    1.058808e-03    7.145155e-03    4.559311e-05 
C-14               7.997827e-08    1.000000e-99    7.911572e-08    8.625460e-10 
N-15               4.391239e-06    4.170720e-06    4.363660e-06    2.757834e-08 
O-16               3.376792e-02    9.624352e-03    3.353280e-02    2.351159e-04 
O-17               6.475609e-05    3.813070e-06    6.434635e-05    4.097433e-07 
O-18               3.464101e-05    2.171062e-05    3.442319e-05    2.178240e-07 
F-17               4.345168e-25    1.000000e-99    4.287625e-25    5.754293e-27 
F-18               3.532856e-26    1.000000e-99    3.486459e-26    4.639713e-28 
F-19               5.149846e-06    5.610951e-07    5.105547e-06    4.429927e-08 
Ne-20              4.298646e-03    1.817733e-03    4.271180e-03    2.746517e-05 
Ne-21              1.316610e-05    4.575277e-06    1.307747e-05    8.863020e-08 
Ne-22              2.946192e-03    1.470235e-04    2.921050e-03    2.514244e-05 
Na-22              1.235489e-15    1.000000e-99    1.221721e-15    1.376743e-17 
Na-23              1.550210e-04    3.999546e-05    1.539791e-04    1.041926e-06 
Mg-23              2.343756e-99    1.000000e-99    2.328839e-99   1.491665e-101 
Mg-24              1.393987e-03    5.862424e-04    1.385058e-03    8.929269e-06 
Mg-25              3.193463e-04    7.733092e-05    3.169869e-04    2.359425e-06 
Mg-26              5.041768e-04    8.848024e-05    5.002396e-04    3.937209e-06 
Al-26              1.929427e-07    1.000000e-99    1.912446e-07    1.698121e-09 
Al-27              1.570577e-04    6.481069e-05    1.560453e-04    1.012357e-06 
Si-27              2.343756e-99    1.000000e-99    2.328839e-99   1.491665e-101 
Si-28              1.744932e-03    7.452665e-04    1.733830e-03    1.110290e-05 
Si-29              9.379842e-05    3.919403e-05    9.319761e-05    6.008091e-07 
Si-30              6.960707e-05    2.672780e-05    6.914990e-05    4.571618e-07 
P-31               1.789438e-05    7.106317e-06    1.777765e-05    1.167350e-07 
S-31               2.343756e-99    1.000000e-99    2.328839e-99   1.491665e-101 
Be-8               2.343756e-99    1.000000e-99    2.328839e-99   1.491665e-101 
O-14               2.343756e-99    1.000000e-99    2.328839e-99   1.491665e-101 
O-15               6.483352e-24    1.000000e-99    6.402726e-24    8.062572e-26 
Na-21              8.067567e-32    1.000000e-99    7.960005e-32    1.075618e-33 
Al-25              2.343756e-99    1.000000e-99    2.328839e-99   1.491665e-101 
P-29               2.343756e-99    1.000000e-99    2.328839e-99   1.491665e-101 
P-30               2.343756e-99    1.000000e-99    2.328839e-99   1.491665e-101 
Pb-206             1.026647e-08    2.797732e-09    1.019412e-08    7.234276e-11 
Pb-207             1.011370e-08    3.089652e-09    1.004381e-08    6.989542e-11 
Bi-211             2.343756e-99    1.000000e-99    2.328839e-99   1.491665e-101 
Po-210             2.343756e-99    1.000000e-99    2.328839e-99   1.491665e-101 
F-20               2.343756e-99    1.000000e-99    2.328839e-99   1.491665e-101 
Ne-19              2.343756e-99    1.000000e-99    2.328839e-99   1.491665e-101 
Na-24              2.343758e-99    1.000000e-99    2.328841e-99   1.491668e-101 
Mg-27              2.343756e-99    1.000000e-99    2.328839e-99   1.491665e-101 
Mg-28              2.343756e-99    1.000000e-99    2.328839e-99   1.491665e-101 
Al-28              2.343756e-99    1.000000e-99    2.328839e-99   1.491665e-101 
Al-29              2.343756e-99    1.000000e-99    2.328839e-99   1.491665e-101 
Si-31              2.343756e-99    1.000000e-99    2.328839e-99   1.491665e-101 
Si-32              1.137451e-10    1.000000e-99    1.127392e-10    1.005880e-12 
P-32               2.582568e-14    1.000000e-99    2.559730e-14    2.283839e-16 
P-33               2.343756e-99    1.000000e-99    2.328839e-99   1.491665e-101 
P-34               2.343756e-99    1.000000e-99    2.328839e-99   1.491665e-101 
P-35               2.343756e-99    1.000000e-99    2.328839e-99   1.491665e-101 
S-32               9.336250e-04    4.010872e-04    9.276954e-04    5.929532e-06 
S-33               8.053400e-06    3.264811e-06    8.001470e-06    5.193010e-08 
S-34               4.604983e-05    1.890425e-05    4.575334e-05    2.964817e-07 
S-35               2.343756e-99    1.000000e-99    2.328839e-99   1.491665e-101 
S-36               4.021887e-07    8.072988e-08    3.992139e-07    2.974777e-09 
S-37               2.343756e-99    1.000000e-99    2.328839e-99   1.491665e-101 
S-38               2.343756e-99    1.000000e-99    2.328839e-99   1.491665e-101 
Cl-34              2.343756e-99    1.000000e-99    2.328839e-99   1.491665e-101 
Cl-35              1.576784e-05    6.821093e-06    1.566789e-05    9.995497e-08 
Cl-36              3.105994e-08    1.000000e-99    3.080953e-08    2.504094e-10 
Cl-37              6.564960e-06    2.305792e-06    6.521101e-06    4.385977e-08 
Cl-38              2.343756e-99    1.000000e-99    2.328839e-99   1.491665e-101 
Cl-39              2.343756e-99    1.000000e-99    2.328839e-99   1.491665e-101 
Cl-40              2.343756e-99    1.000000e-99    2.328839e-99   1.491665e-101 
Ar-35              2.343756e-99    1.000000e-99    2.328839e-99   1.491665e-101 
Ar-36              1.894860e-04    8.202156e-05    1.882852e-04    1.200853e-06 
Ar-37              5.843147e-10    1.000000e-99    5.788092e-10    5.505494e-12 
Ar-38              3.804895e-05    1.574147e-05    3.780461e-05    2.443390e-07 
Ar-39              7.384030e-08    1.000000e-99    7.322603e-08    6.142771e-10 
Ar-40              1.330085e-07    2.650196e-08    1.319990e-07    1.009464e-09 
Ar-41              2.343756e-99    1.000000e-99    2.328839e-99   1.491665e-101 
Ar-42              4.271437e-14    1.000000e-99    4.231602e-14    3.983508e-16 
Ar-43              2.343756e-99    1.000000e-99    2.328839e-99   1.491665e-101 
Ar-44              2.343756e-99    1.000000e-99    2.328839e-99   1.491665e-101 
K-38               2.343756e-99    1.000000e-99    2.328839e-99   1.491665e-101 
K-39               9.221397e-06    3.899726e-06    9.162523e-06    5.887457e-08 
K-40               5.354553e-08    5.005111e-10    5.310834e-08    4.371870e-10 
K-41               7.559392e-07    2.958666e-07    7.510156e-07    4.923610e-09 
K-42               1.868930e-18    1.000000e-99    1.851500e-18    1.742949e-20 
K-43               2.343756e-99    1.000000e-99    2.328839e-99   1.491665e-101 
K-44               2.343756e-99    1.000000e-99    2.328839e-99   1.491665e-101 
K-45               2.343756e-99    1.000000e-99    2.328839e-99   1.491665e-101 
K-46               2.343756e-99    1.000000e-99    2.328839e-99   1.491665e-101 
Ca-39              2.343756e-99    1.000000e-99    2.328839e-99   1.491665e-101 
Ca-40              1.675366e-04    7.225208e-05    1.664737e-04    1.062861e-06 
Ca-41              6.106237e-08    1.000000e-99    6.056501e-08    4.973584e-10 
Ca-42              1.303276e-06    5.063333e-07    1.294770e-06    8.506309e-09 
Ca-43              2.823967e-07    1.081646e-07    2.805450e-07    1.851765e-09 
Ca-44              4.044996e-06    1.710212e-06    4.019164e-06    2.583283e-08 
Ca-45              2.344075e-99    1.000000e-99    2.329154e-99   1.492091e-101 
Ca-46              1.442323e-08    3.428473e-09    1.431489e-08    1.083439e-10 
Ca-47              2.343756e-99    1.000000e-99    2.328839e-99   1.491665e-101 
Ca-48              3.911753e-07    1.672498e-07    3.886873e-07    2.488088e-09 
Ca-49              2.343756e-99    1.000000e-99    2.328839e-99   1.491665e-101 
Sc-43              2.343756e-99    1.000000e-99    2.328839e-99   1.491665e-101 
Sc-44              2.343756e-99    1.000000e-99    2.328839e-99   1.491665e-101 
Sc-45              1.510648e-07    5.413715e-08    1.500551e-07    1.009604e-09 
Sc-46              2.411793e-99    1.000000e-99    2.395969e-99   1.582382e-101 
Sc-47              2.343756e-99    1.000000e-99    2.328839e-99   1.491665e-101 
Sc-48              2.343756e-99    1.000000e-99    2.328839e-99   1.491665e-101 
Sc-49              2.343756e-99    1.000000e-99    2.328839e-99   1.491665e-101 
Sc-50              2.343756e-99    1.000000e-99    2.328839e-99   1.491665e-101 
Ti-44              1.111567e-22    1.000000e-99    1.102657e-22    8.910376e-25 
Ti-45              2.343756e-99    1.000000e-99    2.328839e-99   1.491665e-101 
Ti-46              7.690024e-07    3.231782e-07    7.640841e-07    4.918288e-09 
Ti-47              6.906752e-07    2.976998e-07    6.862894e-07    4.385829e-09 
Ti-48              6.905744e-06    3.013765e-06    6.862064e-06    4.367926e-08 
Ti-49              6.207069e-07    2.257335e-07    6.166010e-07    4.105879e-09 
Ti-50              6.654528e-07    2.208013e-07    6.609368e-07    4.515997e-09 
Ti-51              2.343756e-99    1.000000e-99    2.328839e-99   1.491665e-101 
Ti-52              2.343756e-99    1.000000e-99    2.328839e-99   1.491665e-101 
V-47               2.343756e-99    1.000000e-99    2.328839e-99   1.491665e-101 
V-48               2.343756e-99    1.000000e-99    2.328839e-99   1.491665e-101 
V-49               7.205144e-18    1.000000e-99    7.142341e-18    6.280311e-20 
V-50               2.310226e-09    1.015480e-09    2.295645e-09    1.458094e-11 
V-51               9.626455e-07    4.137779e-07    9.565304e-07    6.115100e-09 
V-52               2.343756e-99    1.000000e-99    2.328839e-99   1.491665e-101 
V-53               2.343756e-99    1.000000e-99    2.328839e-99   1.491665e-101 
Cr-48              2.343756e-99    1.000000e-99    2.328839e-99   1.491665e-101 
Cr-49              2.343756e-99    1.000000e-99    2.328839e-99   1.491665e-101 
Cr-50              1.880152e-06    8.265377e-07    1.868286e-06    1.186617e-08 
Cr-51              2.251498e-11    1.000000e-99    2.229123e-11    2.237468e-13 
Cr-52              3.842377e-05    1.657585e-05    3.818003e-05    2.437347e-07 
Cr-53              4.453989e-06    1.915622e-06    4.425713e-06    2.827581e-08 
Cr-54              1.531226e-06    4.857946e-07    1.520772e-06    1.045386e-08 
Cr-55              2.343756e-99    1.000000e-99    2.328839e-99   1.491665e-101 
Cr-56              2.343756e-99    1.000000e-99    2.328839e-99   1.491665e-101 
Mn-51              2.343756e-99    1.000000e-99    2.328839e-99   1.491665e-101 
Mn-52              2.343756e-99    1.000000e-99    2.328839e-99   1.491665e-101 
Mn-53              1.187113e-17    1.000000e-99    1.176974e-17    1.013929e-19 
Mn-54              5.323490e-18    1.000000e-99    5.278521e-18    4.496877e-20 
Mn-55              2.549040e-05    1.098109e-05    2.532873e-05    1.616698e-07 
Mn-56              2.343756e-99    1.000000e-99    2.328839e-99   1.491665e-101 
Mn-57              2.343756e-99    1.000000e-99    2.328839e-99   1.491665e-101 
Fe-52              2.343756e-99    1.000000e-99    2.328839e-99   1.491665e-101 
Fe-53              2.343756e-99    1.000000e-99    2.328839e-99   1.491665e-101 
Fe-54              1.853007e-04    8.118227e-05    1.841301e-04    1.170582e-06 
Fe-55              5.497016e-07    1.000000e-99    5.452415e-07    4.460120e-09 
Fe-56              3.054326e-03    1.321588e-03    3.034968e-03    1.935766e-05 
Fe-57              8.330036e-05    3.106624e-05    8.275329e-05    5.470723e-07 
Fe-58              3.090913e-05    4.206879e-06    3.067559e-05    2.335482e-07 
Fe-59              3.251709e-85    1.000000e-99    3.208352e-85    4.335671e-87 
Fe-60              7.166539e-07    1.000000e-99    7.102243e-07    6.429577e-09 
Fe-61              2.343756e-99    1.000000e-99    2.328839e-99   1.491665e-101 
Co-55              2.343756e-99    1.000000e-99    2.328839e-99   1.491665e-101 
Co-56              2.343756e-99    1.000000e-99    2.328839e-99   1.491665e-101 
Co-57              4.468697e-17    1.000000e-99    4.430641e-17    3.805638e-19 
Co-58              1.248121e-40    1.000000e-99    1.231509e-40    1.661195e-42 
Co-59              1.441207e-05    3.991489e-06    1.431095e-05    1.011223e-07 
Co-60              1.202110e-13    1.000000e-99    1.189401e-13    1.270855e-15 
Co-61              2.343756e-99    1.000000e-99    2.328839e-99   1.491665e-101 
Co-62              2.343756e-99    1.000000e-99    2.328839e-99   1.491665e-101 
Co-63              2.343756e-99    1.000000e-99    2.328839e-99   1.491665e-101 
Ni-56              2.343756e-99    1.000000e-99    2.328839e-99   1.491665e-101 
Ni-57              2.343756e-99    1.000000e-99    2.328839e-99   1.491665e-101 
Ni-58              1.303795e-04    5.710980e-05    1.295559e-04    8.236828e-07 
Ni-59              3.783223e-07    1.000000e-99    3.752423e-07    3.079952e-09 
Ni-60              5.633151e-05    2.275717e-05    5.596732e-05    3.641905e-07 
Ni-61              4.231174e-06    1.005726e-06    4.200627e-06    3.054723e-08 
Ni-62              1.158118e-05    3.259262e-06    1.149907e-05    8.210671e-08 
Ni-63              3.221133e-07    1.000000e-99    3.193316e-07    2.781697e-09 
Ni-64              4.555103e-06    8.568133e-07    4.519449e-06    3.565315e-08 
Ni-65              2.343756e-99    1.000000e-99    2.328839e-99   1.491665e-101 
Ni-66              2.343756e-99    1.000000e-99    2.328839e-99   1.491665e-101 
Ni-67              2.343756e-99    1.000000e-99    2.328839e-99   1.491665e-101 
Ni-68              2.343756e-99    1.000000e-99    2.328839e-99   1.491665e-101 
Cu-60              2.343756e-99    1.000000e-99    2.328839e-99   1.491665e-101 
Cu-61              2.343756e-99    1.000000e-99    2.328839e-99   1.491665e-101 
Cu-62              2.343756e-99    1.000000e-99    2.328839e-99   1.491665e-101 
Cu-63              2.615697e-06    6.600340e-07    2.596695e-06    1.900171e-08 
Cu-64              2.344085e-99    1.000000e-99    2.329164e-99   1.492104e-101 
Cu-65              1.498719e-06    3.034684e-07    1.487126e-06    1.159273e-08 
Cu-66              2.343756e-99    1.000000e-99    2.328839e-99   1.491665e-101 
Cu-67              2.343756e-99    1.000000e-99    2.328839e-99   1.491665e-101 
Cu-68              2.343756e-99    1.000000e-99    2.328839e-99   1.491665e-101 
Cu-69              2.343756e-99    1.000000e-99    2.328839e-99   1.491665e-101 
Cu-70              2.343756e-99    1.000000e-99    2.328839e-99   1.491665e-101 
Cu-71              2.343756e-99    1.000000e-99    2.328839e-99   1.491665e-101 
Zn-62              2.343756e-99    1.000000e-99    2.328839e-99   1.491665e-101 
Zn-63              2.343756e-99    1.000000e-99    2.328839e-99   1.491665e-101 
Zn-64              2.867929e-06    1.130751e-06    2.849168e-06    1.876104e-08 
Zn-65              4.280978e-09    1.000000e-99    4.242375e-09    3.860266e-11 
Zn-66              2.195810e-06    6.690076e-07    2.180150e-06    1.566089e-08 
Zn-67              3.699897e-07    9.980253e-08    3.672648e-07    2.724903e-09 
Zn-68              1.723753e-06    4.632262e-07    1.710899e-06    1.285385e-08 
Zn-69              2.343756e-99    1.000000e-99    2.328839e-99   1.491665e-101 
Zn-70              3.705282e-08    1.576786e-08    3.681534e-08    2.374782e-10 
Zn-71              2.343756e-99    1.000000e-99    2.328839e-99   1.491665e-101 
Zn-72              2.343756e-99    1.000000e-99    2.328839e-99   1.491665e-101 
Zn-73              2.343756e-99    1.000000e-99    2.328839e-99   1.491665e-101 
Zn-74              2.343756e-99    1.000000e-99    2.328839e-99   1.491665e-101 
Ga-65              2.343756e-99    1.000000e-99    2.328839e-99   1.491665e-101 
Ga-66              2.343756e-99    1.000000e-99    2.328839e-99   1.491665e-101 
Ga-67              2.343756e-99    1.000000e-99    2.328839e-99   1.491665e-101 
Ga-68              2.343756e-99    1.000000e-99    2.328839e-99   1.491665e-101 
Ga-69              1.935841e-07    4.550546e-08    1.920924e-07    1.491709e-09 
Ga-70              2.343756e-99    1.000000e-99    2.328839e-99   1.491665e-101 
Ga-71              1.270815e-07    3.107622e-08    1.261070e-07    9.744965e-10 
Ga-72              2.343756e-99    1.000000e-99    2.328839e-99   1.491665e-101 
Ga-73              2.343756e-99    1.000000e-99    2.328839e-99   1.491665e-101 
Ga-74              2.343756e-99    1.000000e-99    2.328839e-99   1.491665e-101 
Ga-75              2.343756e-99    1.000000e-99    2.328839e-99   1.491665e-101 
Ge-66              2.343756e-99    1.000000e-99    2.328839e-99   1.491665e-101 
Ge-67              2.343756e-99    1.000000e-99    2.328839e-99   1.491665e-101 
Ge-68              2.343756e-99    1.000000e-99    2.328839e-99   1.491665e-101 
Ge-69              2.343756e-99    1.000000e-99    2.328839e-99   1.491665e-101 
Ge-70              2.432039e-07    5.157185e-08    2.412857e-07    1.918189e-09 
Ge-71              1.869944e-98    1.000000e-99    1.846645e-98   2.329955e-100 
Ge-72              2.768445e-07    6.910333e-08    2.747301e-07    2.114466e-09 
Ge-73              7.914412e-08    1.954584e-08    7.853797e-08    6.061523e-10 
Ge-74              3.892135e-07    9.228454e-08    3.861956e-07    3.017948e-09 
Ge-75              2.343756e-99    1.000000e-99    2.328839e-99   1.491665e-101 
Ge-76              4.589937e-08    1.962921e-08    4.560571e-08    2.936592e-10 
Ge-77              2.343756e-99    1.000000e-99    2.328839e-99   1.491665e-101 
Ge-78              2.343756e-99    1.000000e-99    2.328839e-99   1.491665e-101 
As-69              2.343756e-99    1.000000e-99    2.328839e-99   1.491665e-101 
As-70              2.343756e-99    1.000000e-99    2.328839e-99   1.491665e-101 
As-71              2.343756e-99    1.000000e-99    2.328839e-99   1.491665e-101 
As-72              2.343756e-99    1.000000e-99    2.328839e-99   1.491665e-101 
As-73              2.343756e-99    1.000000e-99    2.328839e-99   1.491665e-101 
As-74              1.280326e-23    1.000000e-99    1.266925e-23    1.340073e-25 
As-75              5.036041e-08    1.430027e-08    4.998656e-08    3.738487e-10 
As-76              2.343756e-99    1.000000e-99    2.328839e-99   1.491665e-101 
As-77              2.343756e-99    1.000000e-99    2.328839e-99   1.491665e-101 
As-78              2.343756e-99    1.000000e-99    2.328839e-99   1.491665e-101 
As-79              2.343756e-99    1.000000e-99    2.328839e-99   1.491665e-101 
As-80              2.343756e-99    1.000000e-99    2.328839e-99   1.491665e-101 
As-81              2.343756e-99    1.000000e-99    2.328839e-99   1.491665e-101 
Se-72              2.343756e-99    1.000000e-99    2.328839e-99   1.491665e-101 
Se-73              2.343756e-99    1.000000e-99    2.328839e-99   1.491665e-101 
Se-74              2.710945e-09    1.197888e-09    2.693865e-09    1.707988e-11 
Se-75              2.343756e-99    1.000000e-99    2.328839e-99   1.491665e-101 
Se-76              6.788991e-08    1.296136e-08    6.734065e-08    5.492579e-10 
Se-77              3.913550e-08    1.070490e-08    3.884191e-08    2.935961e-10 
Se-78              1.643971e-07    3.376317e-08    1.630871e-07    1.310001e-09 
Se-79              1.535688e-08    1.000000e-99    1.521335e-08    1.435320e-10 
Se-80              2.453789e-07    7.226298e-08    2.435863e-07    1.792545e-09 
Se-81              2.343756e-99    1.000000e-99    2.328839e-99   1.491665e-101 
Se-82              3.021578e-08    1.303649e-08    3.002393e-08    1.918570e-10 
Se-83              2.343756e-99    1.000000e-99    2.328839e-99   1.491665e-101 
Se-84              2.343756e-99    1.000000e-99    2.328839e-99   1.491665e-101 
Br-74              2.343756e-99    1.000000e-99    2.328839e-99   1.491665e-101 
Br-75              2.343756e-99    1.000000e-99    2.328839e-99   1.491665e-101 
Br-76              2.343756e-99    1.000000e-99    2.328839e-99   1.491665e-101 
Br-77              2.343756e-99    1.000000e-99    2.328839e-99   1.491665e-101 
Br-78              2.343756e-99    1.000000e-99    2.328839e-99   1.491665e-101 
Br-79              3.413563e-08    1.389306e-08    3.391252e-08    2.231121e-10 
Br-80              2.343756e-99    1.000000e-99    2.328839e-99   1.491665e-101 
Br-81              4.546824e-08    1.385920e-08    4.513920e-08    3.290375e-10 
Br-82              2.343756e-99    1.000000e-99    2.328839e-99   1.491665e-101 
Br-83              2.343756e-99    1.000000e-99    2.328839e-99   1.491665e-101 
Br-84              2.343756e-99    1.000000e-99    2.328839e-99   1.491665e-101 
Br-85              2.343756e-99    1.000000e-99    2.328839e-99   1.491665e-101 
Br-86              2.343756e-99    1.000000e-99    2.328839e-99   1.491665e-101 
Br-87              2.343756e-99    1.000000e-99    2.328839e-99   1.491665e-101 
Kr-76              2.343756e-99    1.000000e-99    2.328839e-99   1.491665e-101 
Kr-77              2.343756e-99    1.000000e-99    2.328839e-99   1.491665e-101 
Kr-78              8.825940e-10    3.900193e-10    8.770335e-10    5.560503e-12 
Kr-79              2.343756e-99    1.000000e-99    2.328839e-99   1.491665e-101 
Kr-80              7.641938e-09    2.574713e-09    7.586264e-09    5.567344e-11 
Kr-81              7.985867e-10    1.000000e-99    7.898684e-10    8.718237e-12 
Kr-82              6.864475e-08    1.319540e-08    6.809824e-08    5.465080e-10 
Kr-83              4.417375e-08    1.324168e-08    4.385505e-08    3.186919e-10 
Kr-84              2.437377e-07    6.601984e-08    2.419479e-07    1.789852e-09 
Kr-85              2.952481e-12    1.000000e-99    2.921802e-12    3.067890e-14 
Kr-86              9.084254e-08    2.044383e-08    9.014803e-08    6.945101e-10 
Kr-87              2.343756e-99    1.000000e-99    2.328839e-99   1.491665e-101 
Kr-88              2.343756e-99    1.000000e-99    2.328839e-99   1.491665e-101 
Kr-89              2.343756e-99    1.000000e-99    2.328839e-99   1.491665e-101 
Kr-90              2.343756e-99    1.000000e-99    2.328839e-99   1.491665e-101 
Rb-79              2.343756e-99    1.000000e-99    2.328839e-99   1.491665e-101 
Rb-80              2.343756e-99    1.000000e-99    2.328839e-99   1.491665e-101 
Rb-81              2.343756e-99    1.000000e-99    2.328839e-99   1.491665e-101 
Rb-82              2.343756e-99    1.000000e-99    2.328839e-99   1.491665e-101 
Rb-83              2.343756e-99    1.000000e-99    2.328839e-99   1.491665e-101 
Rb-84              4.140183e-26    1.000000e-99    4.096079e-26    4.410387e-28 
Rb-85              5.506201e-08    1.282422e-08    5.464582e-08    4.161957e-10 
Rb-86              2.390953e-99    1.000000e-99    2.375407e-99   1.554595e-101 
Rb-87              3.429411e-08    5.062758e-09    3.401265e-08    2.814559e-10 
Rb-88              2.343756e-99    1.000000e-99    2.328839e-99   1.491665e-101 
Rb-89              2.343756e-99    1.000000e-99    2.328839e-99   1.491665e-101 
Rb-90              2.343756e-99    1.000000e-99    2.328839e-99   1.491665e-101 
Rb-91              2.343756e-99    1.000000e-99    2.328839e-99   1.491665e-101 
Sr-80              2.343756e-99    1.000000e-99    2.328839e-99   1.491665e-101 
Sr-81              2.343756e-99    1.000000e-99    2.328839e-99   1.491665e-101 
Sr-82              2.343756e-99    1.000000e-99    2.328839e-99   1.491665e-101 
Sr-83              2.343756e-99    1.000000e-99    2.328839e-99   1.491665e-101 
Sr-84              7.303912e-10    3.227999e-10    7.257901e-10    4.601099e-12 
Sr-85              2.343756e-99    1.000000e-99    2.328839e-99   1.491665e-101 
Sr-86              3.937063e-08    5.844553e-09    3.905470e-08    3.159294e-10 
Sr-87              2.663958e-08    4.443118e-09    2.643297e-08    2.066155e-10 
Sr-88              4.032197e-07    5.010796e-08    4.001218e-07    3.097905e-09 
Sr-89              2.343756e-99    1.000000e-99    2.328839e-99   1.491665e-101 
Sr-90              3.875785e-11    1.000000e-99    3.841623e-11    3.416227e-13 
Sr-91              2.343756e-99    1.000000e-99    2.328839e-99   1.491665e-101 
Sr-92              2.343756e-99    1.000000e-99    2.328839e-99   1.491665e-101 
Sr-93              2.343756e-99    1.000000e-99    2.328839e-99   1.491665e-101 
Sr-94              2.343756e-99    1.000000e-99    2.328839e-99   1.491665e-101 
Y-85               2.343756e-99    1.000000e-99    2.328839e-99   1.491665e-101 
Y-86               2.343756e-99    1.000000e-99    2.328839e-99   1.491665e-101 
Y-87               2.343756e-99    1.000000e-99    2.328839e-99   1.491665e-101 
Y-88               2.343756e-99    1.000000e-99    2.328839e-99   1.491665e-101 
Y-89               1.108273e-07    1.229343e-08    1.099767e-07    8.505235e-10 
Y-90               9.859922e-15    1.000000e-99    9.773014e-15    8.690814e-17 
Y-91               2.343756e-99    1.000000e-99    2.328839e-99   1.491665e-101 
Y-92               2.343756e-99    1.000000e-99    2.328839e-99   1.491665e-101 
Y-93               2.343756e-99    1.000000e-99    2.328839e-99   1.491665e-101 
Y-94               2.343756e-99    1.000000e-99    2.328839e-99   1.491665e-101 
Y-95               2.343756e-99    1.000000e-99    2.328839e-99   1.491665e-101 
Y-96               2.343756e-99    1.000000e-99    2.328839e-99   1.491665e-101 
Zr-86              2.343756e-99    1.000000e-99    2.328839e-99   1.491665e-101 
Zr-87              2.343756e-99    1.000000e-99    2.328839e-99   1.491665e-101 
Zr-88              2.343756e-99    1.000000e-99    2.328839e-99   1.491665e-101 
Zr-89              2.343756e-99    1.000000e-99    2.328839e-99   1.491665e-101 
Zr-90              1.114934e-07    1.534361e-08    1.106570e-07    8.363875e-10 
Zr-91              3.068253e-08    3.384023e-09    3.044950e-08    2.330380e-10 
Zr-92              4.872122e-08    5.226772e-09    4.834996e-08    3.712587e-10 
Zr-93              1.342943e-08    1.000000e-99    1.332128e-08    1.081495e-10 
Zr-94              5.596979e-08    5.413280e-09    5.554088e-08    4.289080e-10 
Zr-95              2.343756e-99    1.000000e-99    2.328839e-99   1.491665e-101 
Zr-96              6.884470e-09    8.903423e-10    6.830168e-09    5.430185e-11 
Zr-97              2.343756e-99    1.000000e-99    2.328839e-99   1.491665e-101 
Zr-98              2.343756e-99    1.000000e-99    2.328839e-99   1.491665e-101 
Nb-89              2.343756e-99    1.000000e-99    2.328839e-99   1.491665e-101 
Nb-90              2.343756e-99    1.000000e-99    2.328839e-99   1.491665e-101 
Nb-91              2.122611e-26    1.000000e-99    2.104109e-26    1.850191e-28 
Nb-92              2.343756e-99    1.000000e-99    2.328839e-99   1.491665e-101 
Nb-93              4.309417e-09    1.900054e-09    4.282240e-09    2.717673e-11 
Nb-94              1.122800e-13    1.000000e-99    1.110779e-13    1.202135e-15 
Nb-95              2.343756e-99    1.000000e-99    2.328839e-99   1.491665e-101 
Nb-96              2.343756e-99    1.000000e-99    2.328839e-99   1.491665e-101 
Nb-97              2.343756e-99    1.000000e-99    2.328839e-99   1.491665e-101 
Nb-98              2.343756e-99    1.000000e-99    2.328839e-99   1.491665e-101 
Nb-99              2.343756e-99    1.000000e-99    2.328839e-99   1.491665e-101 
Mo-90              2.343756e-99    1.000000e-99    2.328839e-99   1.491665e-101 
Mo-91              2.343756e-99    1.000000e-99    2.328839e-99   1.491665e-101 
Mo-92              2.299039e-09    1.012496e-09    2.284537e-09    1.450251e-11 
Mo-93              2.398133e-12    1.000000e-99    2.377342e-12    2.079138e-14 
Mo-94              1.536975e-09    6.447522e-10    1.527157e-09    9.817925e-12 
Mo-95              9.223852e-09    1.121895e-09    9.154062e-09    6.979019e-11 
Mo-96              1.362434e-08    1.187505e-09    1.351965e-08    1.046845e-10 
Mo-97              5.099309e-09    6.875272e-10    5.060955e-09    3.835380e-11 
Mo-98              1.557708e-08    1.754359e-09    1.545886e-08    1.182119e-10 
Mo-99              2.343756e-99    1.000000e-99    2.328839e-99   1.491665e-101 
Mo-100             2.586411e-09    7.146065e-10    2.568378e-09    1.803365e-11 
Mo-101             2.343756e-99    1.000000e-99    2.328839e-99   1.491665e-101 
Mo-102             2.343756e-99    1.000000e-99    2.328839e-99   1.491665e-101 
Tc-93              2.343756e-99    1.000000e-99    2.328839e-99   1.491665e-101 
Tc-94              2.343756e-99    1.000000e-99    2.328839e-99   1.491665e-101 
Tc-95              2.343756e-99    1.000000e-99    2.328839e-99   1.491665e-101 
Tc-96              2.343756e-99    1.000000e-99    2.328839e-99   1.491665e-101 
Tc-97              1.032552e-13    1.000000e-99    1.021282e-13    1.126937e-15 
Tc-98              3.774354e-14    1.000000e-99    3.730550e-14    4.380419e-16 
Tc-99              1.534932e-09    1.000000e-99    1.522587e-09    1.234444e-11 
Tc-100             2.343756e-99    1.000000e-99    2.328839e-99   1.491665e-101 
Tc-101             2.343756e-99    1.000000e-99    2.328839e-99   1.491665e-101 
Tc-102             2.343756e-99    1.000000e-99    2.328839e-99   1.491665e-101 
Tc-103             2.343756e-99    1.000000e-99    2.328839e-99   1.491665e-101 
Tc-104             2.343756e-99    1.000000e-99    2.328839e-99   1.491665e-101 
Tc-105             2.343756e-99    1.000000e-99    2.328839e-99   1.491665e-101 
Ru-94              2.343756e-99    1.000000e-99    2.328839e-99   1.491665e-101 
Ru-95              2.343756e-99    1.000000e-99    2.328839e-99   1.491665e-101 
Ru-96              6.622825e-10    2.925638e-10    6.581092e-10    4.173281e-12 
Ru-97              2.343756e-99    1.000000e-99    2.328839e-99   1.491665e-101 
Ru-98              2.287380e-10    1.007098e-10    2.272944e-10    1.443543e-12 
Ru-99              1.623015e-09    6.945400e-10    1.612703e-09    1.031253e-11 
Ru-100             6.894533e-09    6.927902e-10    6.842024e-09    5.250866e-11 
Ru-101             3.379441e-09    9.475089e-10    3.356042e-09    2.339815e-11 
Ru-102             1.174697e-08    1.769736e-09    1.165982e-08    8.715104e-11 
Ru-103             2.343756e-99    1.000000e-99    2.328839e-99   1.491665e-101 
Ru-104             3.122007e-09    1.064926e-09    3.101086e-09    2.092090e-11 
Ru-105             2.343756e-99    1.000000e-99    2.328839e-99   1.491665e-101 
Ru-106             9.174212e-40    1.000000e-99    9.052107e-40    1.221048e-41 
Rh-98              2.343756e-99    1.000000e-99    2.328839e-99   1.491665e-101 
Rh-99              2.343756e-99    1.000000e-99    2.328839e-99   1.491665e-101 
Rh-100             2.343756e-99    1.000000e-99    2.328839e-99   1.491665e-101 
Rh-101             2.343756e-99    1.000000e-99    2.328839e-99   1.491665e-101 
Rh-102             2.343756e-99    1.000000e-99    2.328839e-99   1.491665e-101 
Rh-103             3.773895e-09    1.054679e-09    3.747751e-09    2.614402e-11 
Rh-104             2.343756e-99    1.000000e-99    2.328839e-99   1.491665e-101 
Rh-105             2.343756e-99    1.000000e-99    2.328839e-99   1.491665e-101 
Rh-106             2.343756e-99    1.000000e-99    2.328839e-99   1.491665e-101 
Rh-107             2.343756e-99    1.000000e-99    2.328839e-99   1.491665e-101 
Rh-108             2.343756e-99    1.000000e-99    2.328839e-99   1.491665e-101 
Pd-99              2.343756e-99    1.000000e-99    2.328839e-99   1.491665e-101 
Pd-100             2.343756e-99    1.000000e-99    2.328839e-99   1.491665e-101 
Pd-101             2.343756e-99    1.000000e-99    2.328839e-99   1.491665e-101 
Pd-102             9.596284e-11    4.241146e-11    9.535832e-11    6.045152e-13 
Pd-103             2.343756e-99    1.000000e-99    2.328839e-99   1.491665e-101 
Pd-104             4.981352e-09    4.722820e-10    4.943346e-09    3.800606e-11 
Pd-105             3.252853e-09    9.557865e-10    3.230508e-09    2.234433e-11 
Pd-106             7.563976e-09    1.180942e-09    7.508003e-09    5.597281e-11 
Pd-107             9.560511e-10    1.000000e-99    9.484003e-10    7.650714e-12 
Pd-108             8.720925e-09    1.164921e-09    8.655691e-09    6.523413e-11 
Pd-109             2.343756e-99    1.000000e-99    2.328839e-99   1.491665e-101 
Pd-110             2.039417e-09    5.255369e-10    2.025075e-09    1.434137e-11 
Pd-111             2.343756e-99    1.000000e-99    2.328839e-99   1.491665e-101 
Pd-112             2.343756e-99    1.000000e-99    2.328839e-99   1.491665e-101 
Ag-101             2.343756e-99    1.000000e-99    2.328839e-99   1.491665e-101 
Ag-102             2.343756e-99    1.000000e-99    2.328839e-99   1.491665e-101 
Ag-103             2.343756e-99    1.000000e-99    2.328839e-99   1.491665e-101 
Ag-104             2.343756e-99    1.000000e-99    2.328839e-99   1.491665e-101 
Ag-105             2.343756e-99    1.000000e-99    2.328839e-99   1.491665e-101 
Ag-106             2.343756e-99    1.000000e-99    2.328839e-99   1.491665e-101 
Ag-107             1.773927e-09    7.840161e-10    1.762753e-09    1.117371e-11 
Ag-108             2.343756e-99    1.000000e-99    2.328839e-99   1.491665e-101 
Ag-109             3.441541e-09    7.419986e-10    3.416889e-09    2.465264e-11 
Ag-110             2.343756e-99    1.000000e-99    2.328839e-99   1.491665e-101 
Ag-111             2.343756e-99    1.000000e-99    2.328839e-99   1.491665e-101 
Ag-112             2.343756e-99    1.000000e-99    2.328839e-99   1.491665e-101 
Ag-113             2.343756e-99    1.000000e-99    2.328839e-99   1.491665e-101 
Cd-102             2.343756e-99    1.000000e-99    2.328839e-99   1.491665e-101 
Cd-103             2.343756e-99    1.000000e-99    2.328839e-99   1.491665e-101 
Cd-104             2.343756e-99    1.000000e-99    2.328839e-99   1.491665e-101 
Cd-105             2.343756e-99    1.000000e-99    2.328839e-99   1.491665e-101 
Cd-106             1.436033e-10    6.345981e-11    1.426986e-10    9.046978e-13 
Cd-107             2.343756e-99    1.000000e-99    2.328839e-99   1.491665e-101 
Cd-108             1.077226e-10    4.603590e-11    1.070335e-10    6.890373e-13 
Cd-109             9.971859e-31    1.000000e-99    9.842895e-31    1.289642e-32 
Cd-110             6.276941e-09    6.580184e-10    6.229413e-09    4.752811e-11 
Cd-111             3.275126e-09    6.804807e-10    3.251587e-09    2.353935e-11 
Cd-112             9.584054e-09    1.294369e-09    9.512583e-09    7.147165e-11 
Cd-113             3.434424e-09    6.613518e-10    3.409560e-09    2.486415e-11 
Cd-114             1.329206e-08    1.568640e-09    1.319224e-08    9.981854e-11 
Cd-115             2.343756e-99    1.000000e-99    2.328839e-99   1.491665e-101 
Cd-116             2.773176e-09    4.161239e-10    2.752449e-09    2.072747e-11 
Cd-117             2.343756e-99    1.000000e-99    2.328839e-99   1.491665e-101 
Cd-118             2.343756e-99    1.000000e-99    2.328839e-99   1.491665e-101 
In-106             2.343756e-99    1.000000e-99    2.328839e-99   1.491665e-101 
In-107             2.343756e-99    1.000000e-99    2.328839e-99   1.491665e-101 
In-108             2.343756e-99    1.000000e-99    2.328839e-99   1.491665e-101 
In-109             2.343756e-99    1.000000e-99    2.328839e-99   1.491665e-101 
In-110             2.343756e-99    1.000000e-99    2.328839e-99   1.491665e-101 
In-111             2.343756e-99    1.000000e-99    2.328839e-99   1.491665e-101 
In-112             2.343756e-99    1.000000e-99    2.328839e-99   1.491665e-101 
In-113             5.897581e-11    2.603851e-11    5.860406e-11    3.717560e-13 
In-114             2.343756e-99    1.000000e-99    2.328839e-99   1.491665e-101 
In-115             3.310718e-09    5.914896e-10    3.286588e-09    2.413018e-11 
In-116             2.343756e-99    1.000000e-99    2.328839e-99   1.491665e-101 
In-117             2.343756e-99    1.000000e-99    2.328839e-99   1.491665e-101 
In-118             2.343756e-99    1.000000e-99    2.328839e-99   1.491665e-101 
In-119             2.343756e-99    1.000000e-99    2.328839e-99   1.491665e-101 
Sn-108             2.343756e-99    1.000000e-99    2.328839e-99   1.491665e-101 
Sn-109             2.343756e-99    1.000000e-99    2.328839e-99   1.491665e-101 
Sn-110             2.343756e-99    1.000000e-99    2.328839e-99   1.491665e-101 
Sn-111             2.343756e-99    1.000000e-99    2.328839e-99   1.491665e-101 
Sn-112             2.764004e-10    1.221013e-10    2.746587e-10    1.741680e-12 
Sn-113             2.343756e-99    1.000000e-99    2.328839e-99   1.491665e-101 
Sn-114             1.919539e-10    8.434768e-11    1.907417e-10    1.212196e-12 
Sn-115             9.961915e-11    4.377039e-11    9.899019e-11    6.289681e-13 
Sn-116             1.608900e-08    1.893153e-09    1.596852e-08    1.204784e-10 
Sn-117             6.313668e-09    1.008332e-09    6.267282e-09    4.638576e-11 
Sn-118             2.661947e-08    3.209171e-09    2.642035e-08    1.991195e-10 
Sn-119             8.402436e-09    1.147018e-09    8.340048e-09    6.238745e-11 
Sn-120             3.917515e-08    4.391253e-09    3.888067e-08    2.944799e-10 
Sn-121             2.343756e-99    1.000000e-99    2.328839e-99   1.491665e-101 
Sn-122             5.511379e-09    6.340593e-10    5.468705e-09    4.267404e-11 
Sn-123             2.343756e-99    1.000000e-99    2.328839e-99   1.491665e-101 
Sn-124             1.902044e-09    8.059500e-10    1.889871e-09    1.217294e-11 
Sn-125             2.343756e-99    1.000000e-99    2.328839e-99   1.491665e-101 
Sn-126             9.553158e-14    1.000000e-99    9.462955e-14    9.020298e-16 
Sn-127             2.343756e-99    1.000000e-99    2.328839e-99   1.491665e-101 
Sn-128             2.343756e-99    1.000000e-99    2.328839e-99   1.491665e-101 
Sn-129             2.343756e-99    1.000000e-99    2.328839e-99   1.491665e-101 
Sn-130             2.343756e-99    1.000000e-99    2.328839e-99   1.491665e-101 
Sb-112             2.343756e-99    1.000000e-99    2.328839e-99   1.491665e-101 
Sb-113             2.343756e-99    1.000000e-99    2.328839e-99   1.491665e-101 
Sb-114             2.343756e-99    1.000000e-99    2.328839e-99   1.491665e-101 
Sb-115             2.343756e-99    1.000000e-99    2.328839e-99   1.491665e-101 
Sb-116             2.343756e-99    1.000000e-99    2.328839e-99   1.491665e-101 
Sb-117             2.343756e-99    1.000000e-99    2.328839e-99   1.491665e-101 
Sb-118             2.343756e-99    1.000000e-99    2.328839e-99   1.491665e-101 
Sb-119             2.343756e-99    1.000000e-99    2.328839e-99   1.491665e-101 
Sb-120             2.343756e-99    1.000000e-99    2.328839e-99   1.491665e-101 
Sb-121             3.783329e-09    6.317758e-10    3.755627e-09    2.770180e-11 
Sb-122             2.343756e-99    1.000000e-99    2.328839e-99   1.491665e-101 
Sb-123             1.717228e-09    4.802859e-10    1.705241e-09    1.198657e-11 
Sb-124             2.343756e-99    1.000000e-99    2.328839e-99   1.491665e-101 
Sb-125             1.908930e-22    1.000000e-99    1.887398e-22    2.153171e-24 
Sb-126             3.522841e-20    1.000000e-99    3.489777e-20    3.306446e-22 
Sb-127             2.343756e-99    1.000000e-99    2.328839e-99   1.491665e-101 
Sb-128             2.343756e-99    1.000000e-99    2.328839e-99   1.491665e-101 
Sb-129             2.343756e-99    1.000000e-99    2.328839e-99   1.491665e-101 
Sb-130             2.343756e-99    1.000000e-99    2.328839e-99   1.491665e-101 
Sb-131             2.343756e-99    1.000000e-99    2.328839e-99   1.491665e-101 
Sb-132             2.343756e-99    1.000000e-99    2.328839e-99   1.491665e-101 
Sb-133             2.343756e-99    1.000000e-99    2.328839e-99   1.491665e-101 
Te-114             2.343756e-99    1.000000e-99    2.328839e-99   1.491665e-101 
Te-115             2.343756e-99    1.000000e-99    2.328839e-99   1.491665e-101 
Te-116             2.343756e-99    1.000000e-99    2.328839e-99   1.491665e-101 
Te-117             2.343756e-99    1.000000e-99    2.328839e-99   1.491665e-101 
Te-118             2.343756e-99    1.000000e-99    2.328839e-99   1.491665e-101 
Te-119             2.343756e-99    1.000000e-99    2.328839e-99   1.491665e-101 
Te-120             3.683959e-11    1.628304e-11    3.660754e-11    2.320500e-13 
Te-121             2.343756e-99    1.000000e-99    2.328839e-99   1.491665e-101 
Te-122             4.458992e-09    4.488662e-10    4.425282e-09    3.370993e-11 
Te-123             1.522268e-09    1.578606e-10    1.510774e-09    1.149329e-11 
Te-124             8.814452e-09    8.440945e-10    8.747320e-09    6.713187e-11 
Te-125             5.116672e-09    1.261335e-09    5.080632e-09    3.604007e-11 
Te-126             2.033517e-08    3.375270e-09    2.018614e-08    1.490350e-10 
Te-127             2.343756e-99    1.000000e-99    2.328839e-99   1.491665e-101 
Te-128             1.466826e-08    5.732895e-09    1.457269e-08    9.557319e-11 
Te-129             2.343756e-99    1.000000e-99    2.328839e-99   1.491665e-101 
Te-130             1.430287e-08    6.210550e-09    1.421229e-08    9.057902e-11 
Te-131             2.343756e-99    1.000000e-99    2.328839e-99   1.491665e-101 
Te-132             2.343756e-99    1.000000e-99    2.328839e-99   1.491665e-101 
Te-133             2.343756e-99    1.000000e-99    2.328839e-99   1.491665e-101 
Te-134             2.343756e-99    1.000000e-99    2.328839e-99   1.491665e-101 
I-117              2.343756e-99    1.000000e-99    2.328839e-99   1.491665e-101 
I-118              2.343756e-99    1.000000e-99    2.328839e-99   1.491665e-101 
I-119              2.343756e-99    1.000000e-99    2.328839e-99   1.491665e-101 
I-120              2.343756e-99    1.000000e-99    2.328839e-99   1.491665e-101 
I-121              2.343756e-99    1.000000e-99    2.328839e-99   1.491665e-101 
I-122              2.343756e-99    1.000000e-99    2.328839e-99   1.491665e-101 
I-123              2.343756e-99    1.000000e-99    2.328839e-99   1.491665e-101 
I-124              2.343756e-99    1.000000e-99    2.328839e-99   1.491665e-101 
I-125              2.343756e-99    1.000000e-99    2.328839e-99   1.491665e-101 
I-126              2.343756e-99    1.000000e-99    2.328839e-99   1.491665e-101 
I-127              4.981138e-09    1.459105e-09    4.946991e-09    3.414680e-11 
I-128              2.343756e-99    1.000000e-99    2.328839e-99   1.491665e-101 
I-129              4.408230e-11    1.000000e-99    4.371203e-11    3.702731e-13 
I-130              2.343756e-99    1.000000e-99    2.328839e-99   1.491665e-101 
I-131              2.343756e-99    1.000000e-99    2.328839e-99   1.491665e-101 
I-132              2.343756e-99    1.000000e-99    2.328839e-99   1.491665e-101 
I-133              2.343756e-99    1.000000e-99    2.328839e-99   1.491665e-101 
I-134              2.343756e-99    1.000000e-99    2.328839e-99   1.491665e-101 
I-135              2.343756e-99    1.000000e-99    2.328839e-99   1.491665e-101 
Xe-118             2.343756e-99    1.000000e-99    2.328839e-99   1.491665e-101 
Xe-119             2.343756e-99    1.000000e-99    2.328839e-99   1.491665e-101 
Xe-120             2.343756e-99    1.000000e-99    2.328839e-99   1.491665e-101 
Xe-121             2.343756e-99    1.000000e-99    2.328839e-99   1.491665e-101 
Xe-122             2.343756e-99    1.000000e-99    2.328839e-99   1.491665e-101 
Xe-123             2.343756e-99    1.000000e-99    2.328839e-99   1.491665e-101 
Xe-124             4.998743e-11    2.209501e-11    4.967258e-11    3.148568e-13 
Xe-125             2.343756e-99    1.000000e-99    2.328839e-99   1.491665e-101 
Xe-126             4.411500e-11    1.949268e-11    4.383705e-11    2.779522e-13 
Xe-127             2.343756e-99    1.000000e-99    2.328839e-99   1.491665e-101 
Xe-128             4.765285e-09    3.942736e-10    4.728920e-09    3.636414e-11 
Xe-129             1.272292e-08    4.892977e-09    1.264005e-08    8.286810e-11 
Xe-130             9.973955e-09    7.865029e-10    9.897578e-09    7.637732e-11 
Xe-131             1.208920e-08    3.944670e-09    1.200786e-08    8.134685e-11 
Xe-132             2.716488e-08    4.806204e-09    2.696763e-08    1.972464e-10 
Xe-133             2.343756e-99    1.000000e-99    2.328839e-99   1.491665e-101 
Xe-134             6.815931e-09    1.787989e-09    6.767535e-09    4.839586e-11 
Xe-135             2.343756e-99    1.000000e-99    2.328839e-99   1.491665e-101 
Xe-136             3.487589e-09    1.478416e-09    3.465314e-09    2.227477e-11 
Xe-137             2.343756e-99    1.000000e-99    2.328839e-99   1.491665e-101 
Xe-138             2.343756e-99    1.000000e-99    2.328839e-99   1.491665e-101 
Cs-123             2.343756e-99    1.000000e-99    2.328839e-99   1.491665e-101 
Cs-124             2.343756e-99    1.000000e-99    2.328839e-99   1.491665e-101 
Cs-125             2.343756e-99    1.000000e-99    2.328839e-99   1.491665e-101 
Cs-126             2.343756e-99    1.000000e-99    2.328839e-99   1.491665e-101 
Cs-127             2.343756e-99    1.000000e-99    2.328839e-99   1.491665e-101 
Cs-128             2.343756e-99    1.000000e-99    2.328839e-99   1.491665e-101 
Cs-129             2.343756e-99    1.000000e-99    2.328839e-99   1.491665e-101 
Cs-130             2.343756e-99    1.000000e-99    2.328839e-99   1.491665e-101 
Cs-131             2.343756e-99    1.000000e-99    2.328839e-99   1.491665e-101 
Cs-132             2.343756e-99    1.000000e-99    2.328839e-99   1.491665e-101 
Cs-133             5.564794e-09    1.426049e-09    5.525979e-09    3.881525e-11 
Cs-134             3.067967e-24    1.000000e-99    3.032109e-24    3.585882e-26 
Cs-135             1.997062e-09    1.000000e-99    1.981141e-09    1.592149e-11 
Cs-136             2.343756e-99    1.000000e-99    2.328839e-99   1.491665e-101 
Cs-137             3.518782e-11    1.000000e-99    3.488846e-11    2.993574e-13 
Cs-138             2.343756e-99    1.000000e-99    2.328839e-99   1.491665e-101 
Cs-139             2.343756e-99    1.000000e-99    2.328839e-99   1.491665e-101 
Ba-124             2.343756e-99    1.000000e-99    2.328839e-99   1.491665e-101 
Ba-125             2.343756e-99    1.000000e-99    2.328839e-99   1.491665e-101 
Ba-126             2.343756e-99    1.000000e-99    2.328839e-99   1.491665e-101 
Ba-127             2.343756e-99    1.000000e-99    2.328839e-99   1.491665e-101 
Ba-128             2.343756e-99    1.000000e-99    2.328839e-99   1.491665e-101 
Ba-129             2.343756e-99    1.000000e-99    2.328839e-99   1.491665e-101 
Ba-130             4.104622e-11    1.814312e-11    4.078768e-11    2.585349e-13 
Ba-131             2.343756e-99    1.000000e-99    2.328839e-99   1.491665e-101 
Ba-132             3.987521e-11    1.762128e-11    3.962399e-11    2.512182e-13 
Ba-133             2.400766e-21    1.000000e-99    2.374277e-21    2.648904e-23 
Ba-134             5.834475e-09    4.272326e-10    5.789948e-09    4.452727e-11 
Ba-135             4.234156e-09    1.173907e-09    4.204953e-09    2.920291e-11 
Ba-136             1.820656e-08    1.408826e-09    1.806825e-08    1.383096e-10 
Ba-137             1.805889e-08    2.029834e-09    1.792332e-08    1.355731e-10 
Ba-138             1.333575e-07    1.305194e-08    1.323467e-07    1.010841e-09 
Ba-139             2.343756e-99    1.000000e-99    2.328839e-99   1.491665e-101 
Ba-140             2.343756e-99    1.000000e-99    2.328839e-99   1.491665e-101 
Ba-141             2.343756e-99    1.000000e-99    2.328839e-99   1.491665e-101 
Ba-142             2.343756e-99    1.000000e-99    2.328839e-99   1.491665e-101 
La-127             2.343756e-99    1.000000e-99    2.328839e-99   1.491665e-101 
La-128             2.343756e-99    1.000000e-99    2.328839e-99   1.491665e-101 
La-129             2.343756e-99    1.000000e-99    2.328839e-99   1.491665e-101 
La-130             2.343756e-99    1.000000e-99    2.328839e-99   1.491665e-101 
La-131             2.343756e-99    1.000000e-99    2.328839e-99   1.491665e-101 
La-132             2.343756e-99    1.000000e-99    2.328839e-99   1.491665e-101 
La-133             2.343756e-99    1.000000e-99    2.328839e-99   1.491665e-101 
La-134             2.343756e-99    1.000000e-99    2.328839e-99   1.491665e-101 
La-135             2.343756e-99    1.000000e-99    2.328839e-99   1.491665e-101 
La-136             2.343756e-99    1.000000e-99    2.328839e-99   1.491665e-101 
La-137             3.815620e-17    1.000000e-99    3.762505e-17    5.311514e-19 
La-138             3.611227e-12    1.604073e-12    3.588474e-12    2.275284e-14 
La-139             1.508220e-08    1.790218e-09    1.496883e-08    1.133686e-10 
La-140             2.343756e-99    1.000000e-99    2.328839e-99   1.491665e-101 
La-141             2.343756e-99    1.000000e-99    2.328839e-99   1.491665e-101 
La-142             2.343756e-99    1.000000e-99    2.328839e-99   1.491665e-101 
La-143             2.343756e-99    1.000000e-99    2.328839e-99   1.491665e-101 
Ce-130             2.343756e-99    1.000000e-99    2.328839e-99   1.491665e-101 
Ce-131             2.343756e-99    1.000000e-99    2.328839e-99   1.491665e-101 
Ce-132             2.343756e-99    1.000000e-99    2.328839e-99   1.491665e-101 
Ce-133             2.343756e-99    1.000000e-99    2.328839e-99   1.491665e-101 
Ce-134             2.343756e-99    1.000000e-99    2.328839e-99   1.491665e-101 
Ce-135             2.343756e-99    1.000000e-99    2.328839e-99   1.491665e-101 
Ce-136             1.896724e-11    8.381751e-12    1.884774e-11    1.194930e-13 
Ce-137             2.343756e-99    1.000000e-99    2.328839e-99   1.491665e-101 
Ce-138             2.600196e-11    1.147719e-11    2.583807e-11    1.638884e-13 
Ce-139             2.343756e-99    1.000000e-99    2.328839e-99   1.491665e-101 
Ce-140             3.085759e-08    4.103022e-09    3.062755e-08    2.300385e-10 
Ce-141             2.343756e-99    1.000000e-99    2.328839e-99   1.491665e-101 
Ce-142             2.193843e-09    5.229277e-10    2.177973e-09    1.586936e-11 
Ce-143             2.343756e-99    1.000000e-99    2.328839e-99   1.491665e-101 
Ce-144             2.481405e-84    1.000000e-99    2.448379e-84    3.302578e-86 
Ce-145             2.343756e-99    1.000000e-99    2.328839e-99   1.491665e-101 
Ce-146             2.343756e-99    1.000000e-99    2.328839e-99   1.491665e-101 
Pr-133             2.343756e-99    1.000000e-99    2.328839e-99   1.491665e-101 
Pr-134             2.343756e-99    1.000000e-99    2.328839e-99   1.491665e-101 
Pr-135             2.343756e-99    1.000000e-99    2.328839e-99   1.491665e-101 
Pr-136             2.343756e-99    1.000000e-99    2.328839e-99   1.491665e-101 
Pr-137             2.343756e-99    1.000000e-99    2.328839e-99   1.491665e-101 
Pr-138             2.343756e-99    1.000000e-99    2.328839e-99   1.491665e-101 
Pr-139             2.343756e-99    1.000000e-99    2.328839e-99   1.491665e-101 
Pr-140             2.343756e-99    1.000000e-99    2.328839e-99   1.491665e-101 
Pr-141             3.865945e-09    6.910381e-10    3.837785e-09    2.815971e-11 
Pr-142             2.343756e-99    1.000000e-99    2.328839e-99   1.491665e-101 
Pr-143             2.343756e-99    1.000000e-99    2.328839e-99   1.491665e-101 
Pr-144             2.343756e-99    1.000000e-99    2.328839e-99   1.491665e-101 
Pr-145             2.343756e-99    1.000000e-99    2.328839e-99   1.491665e-101 
Pr-146             2.343756e-99    1.000000e-99    2.328839e-99   1.491665e-101 
Pr-147             2.343756e-99    1.000000e-99    2.328839e-99   1.491665e-101 
Pr-148             2.343756e-99    1.000000e-99    2.328839e-99   1.491665e-101 
Pr-149             2.343756e-99    1.000000e-99    2.328839e-99   1.491665e-101 
Nd-134             2.343756e-99    1.000000e-99    2.328839e-99   1.491665e-101 
Nd-135             2.343756e-99    1.000000e-99    2.328839e-99   1.491665e-101 
Nd-136             2.343756e-99    1.000000e-99    2.328839e-99   1.491665e-101 
Nd-137             2.343756e-99    1.000000e-99    2.328839e-99   1.491665e-101 
Nd-138             2.343756e-99    1.000000e-99    2.328839e-99   1.491665e-101 
Nd-139             2.343756e-99    1.000000e-99    2.328839e-99   1.491665e-101 
Nd-140             2.343756e-99    1.000000e-99    2.328839e-99   1.491665e-101 
Nd-141             2.343756e-99    1.000000e-99    2.328839e-99   1.491665e-101 
Nd-142             6.792143e-09    9.919756e-10    6.741923e-09    5.021965e-11 
Nd-143             1.826746e-09    4.483556e-10    1.813865e-09    1.288166e-11 
Nd-144             4.525183e-09    8.826112e-10    4.492343e-09    3.283921e-11 
Nd-145             1.170298e-09    3.095487e-10    1.162120e-09    8.178339e-12 
Nd-146             3.581184e-09    6.447718e-10    3.554908e-09    2.627635e-11 
Nd-147             2.343756e-99    1.000000e-99    2.328839e-99   1.491665e-101 
Nd-148             8.638501e-10    2.185025e-10    8.577504e-10    6.099677e-12 
Nd-149             2.343756e-99    1.000000e-99    2.328839e-99   1.491665e-101 
Nd-150             4.969468e-10    2.168256e-10    4.938028e-10    3.144015e-12 
Nd-151             2.343756e-99    1.000000e-99    2.328839e-99   1.491665e-101 
Nd-152             2.343756e-99    1.000000e-99    2.328839e-99   1.491665e-101 
Pm-137             2.343756e-99    1.000000e-99    2.328839e-99   1.491665e-101 
Pm-138             2.343756e-99    1.000000e-99    2.328839e-99   1.491665e-101 
Pm-139             2.343756e-99    1.000000e-99    2.328839e-99   1.491665e-101 
Pm-140             2.343756e-99    1.000000e-99    2.328839e-99   1.491665e-101 
Pm-141             2.343756e-99    1.000000e-99    2.328839e-99   1.491665e-101 
Pm-142             2.343756e-99    1.000000e-99    2.328839e-99   1.491665e-101 
Pm-143             2.343756e-99    1.000000e-99    2.328839e-99   1.491665e-101 
Pm-144             2.343756e-99    1.000000e-99    2.328839e-99   1.491665e-101 
Pm-145             5.494176e-17    1.000000e-99    5.424510e-17    6.966595e-19 
Pm-146             2.818974e-26    1.000000e-99    2.792056e-26    2.691808e-28 
Pm-147             3.838934e-22    1.000000e-99    3.794008e-22    4.492684e-24 
Pm-148             2.343756e-99    1.000000e-99    2.328839e-99   1.491665e-101 
Pm-149             2.343756e-99    1.000000e-99    2.328839e-99   1.491665e-101 
Pm-150             2.343756e-99    1.000000e-99    2.328839e-99   1.491665e-101 
Pm-151             2.343756e-99    1.000000e-99    2.328839e-99   1.491665e-101 
Pm-152             2.343756e-99    1.000000e-99    2.328839e-99   1.491665e-101 
Pm-153             2.343756e-99    1.000000e-99    2.328839e-99   1.491665e-101 
Pm-154             2.343756e-99    1.000000e-99    2.328839e-99   1.491665e-101 
Sm-140             2.343756e-99    1.000000e-99    2.328839e-99   1.491665e-101 
Sm-141             2.343756e-99    1.000000e-99    2.328839e-99   1.491665e-101 
Sm-142             2.343756e-99    1.000000e-99    2.328839e-99   1.491665e-101 
Sm-143             2.343756e-99    1.000000e-99    2.328839e-99   1.491665e-101 
Sm-144             8.356571e-11    3.683532e-11    8.303871e-11    5.270059e-13 
Sm-145             4.427287e-93    1.000000e-99    4.368363e-93    5.892404e-95 
Sm-146             8.489483e-14    1.000000e-99    8.415364e-14    7.411914e-16 
Sm-147             6.632451e-10    1.834427e-10    6.586285e-10    4.616520e-12 
Sm-148             7.260243e-10    1.384631e-10    7.207257e-10    5.298580e-12 
Sm-149             4.808558e-10    1.713731e-10    4.776610e-10    3.194804e-12 
Sm-150             6.142298e-10    9.213125e-11    6.096369e-10    4.592987e-12 
Sm-151             8.121778e-12    1.000000e-99    8.052625e-12    6.915275e-14 
Sm-152             1.119856e-09    3.383156e-10    1.112170e-09    7.685979e-12 
Sm-153             2.343756e-99    1.000000e-99    2.328839e-99   1.491665e-101 
Sm-154             8.104091e-10    2.916240e-10    8.050297e-10    5.379361e-12 
Sm-155             2.343756e-99    1.000000e-99    2.328839e-99   1.491665e-101 
Sm-156             2.343756e-99    1.000000e-99    2.328839e-99   1.491665e-101 
Sm-157             2.343756e-99    1.000000e-99    2.328839e-99   1.491665e-101 
Sm-158             2.343756e-99    1.000000e-99    2.328839e-99   1.491665e-101 
Eu-143             2.343756e-99    1.000000e-99    2.328839e-99   1.491665e-101 
Eu-144             2.343756e-99    1.000000e-99    2.328839e-99   1.491665e-101 
Eu-145             2.343756e-99    1.000000e-99    2.328839e-99   1.491665e-101 
Eu-146             2.343756e-99    1.000000e-99    2.328839e-99   1.491665e-101 
Eu-147             2.343756e-99    1.000000e-99    2.328839e-99   1.491665e-101 
Eu-148             2.343756e-99    1.000000e-99    2.328839e-99   1.491665e-101 
Eu-149             2.343756e-99    1.000000e-99    2.328839e-99   1.491665e-101 
Eu-150             2.343756e-99    1.000000e-99    2.328839e-99   1.491665e-101 
Eu-151             5.122810e-10    2.036004e-10    5.089651e-10    3.315940e-12 
Eu-152             3.375147e-18    1.000000e-99    3.342555e-18    3.259148e-20 
Eu-153             5.787291e-10    2.251965e-10    5.749602e-10    3.768977e-12 
Eu-154             4.777257e-17    1.000000e-99    4.729321e-17    4.793574e-19 
Eu-155             1.111870e-18    1.000000e-99    1.100231e-18    1.163946e-20 
Eu-156             2.343756e-99    1.000000e-99    2.328839e-99   1.491665e-101 
Eu-157             2.343756e-99    1.000000e-99    2.328839e-99   1.491665e-101 
Eu-158             2.343756e-99    1.000000e-99    2.328839e-99   1.491665e-101 
Eu-159             2.343756e-99    1.000000e-99    2.328839e-99   1.491665e-101 
Gd-144             2.343756e-99    1.000000e-99    2.328839e-99   1.491665e-101 
Gd-145             2.343756e-99    1.000000e-99    2.328839e-99   1.491665e-101 
Gd-146             2.343756e-99    1.000000e-99    2.328839e-99   1.491665e-101 
Gd-147             2.343756e-99    1.000000e-99    2.328839e-99   1.491665e-101 
Gd-148             2.343756e-99    1.000000e-99    2.328839e-99   1.491665e-101 
Gd-149             2.343756e-99    1.000000e-99    2.328839e-99   1.491665e-101 
Gd-150             2.343756e-99    1.000000e-99    2.328839e-99   1.491665e-101 
Gd-151             2.343756e-99    1.000000e-99    2.328839e-99   1.491665e-101 
Gd-152             1.358304e-11    2.947193e-12    1.348575e-11    9.729092e-14 
Gd-153             2.343756e-99    1.000000e-99    2.328839e-99   1.491665e-101 
Gd-154             2.107469e-10    3.209515e-11    2.091799e-10    1.567020e-12 
Gd-155             5.819966e-10    2.192151e-10    5.781769e-10    3.819735e-12 
Gd-156             9.860812e-10    3.051047e-10    9.793488e-10    6.732407e-12 
Gd-157             6.675665e-10    2.348264e-10    6.631213e-10    4.445218e-12 
Gd-158             1.364944e-09    3.749720e-10    1.355418e-09    9.526564e-12 
Gd-159             2.343756e-99    1.000000e-99    2.328839e-99   1.491665e-101 
Gd-160             8.640872e-10    3.342894e-10    8.584386e-10    5.648578e-12 
Gd-161             2.343756e-99    1.000000e-99    2.328839e-99   1.491665e-101 
Gd-162             2.343756e-99    1.000000e-99    2.328839e-99   1.491665e-101 
Tb-147             2.343756e-99    1.000000e-99    2.328839e-99   1.491665e-101 
Tb-148             2.343756e-99    1.000000e-99    2.328839e-99   1.491665e-101 
Tb-149             2.343756e-99    1.000000e-99    2.328839e-99   1.491665e-101 
Tb-150             2.343756e-99    1.000000e-99    2.328839e-99   1.491665e-101 
Tb-151             2.343756e-99    1.000000e-99    2.328839e-99   1.491665e-101 
Tb-152             2.343756e-99    1.000000e-99    2.328839e-99   1.491665e-101 
Tb-153             2.343756e-99    1.000000e-99    2.328839e-99   1.491665e-101 
Tb-154             2.343756e-99    1.000000e-99    2.328839e-99   1.491665e-101 
Tb-155             2.343756e-99    1.000000e-99    2.328839e-99   1.491665e-101 
Tb-156             2.343756e-99    1.000000e-99    2.328839e-99   1.491665e-101 
Tb-157             8.077155e-14    1.000000e-99    8.011323e-14    6.583211e-16 
Tb-158             1.853004e-14    1.000000e-99    1.838034e-14    1.497036e-16 
Tb-159             7.400655e-10    2.764904e-10    7.351962e-10    4.869353e-12 
Tb-160             2.343756e-99    1.000000e-99    2.328839e-99   1.491665e-101 
Tb-161             2.343756e-99    1.000000e-99    2.328839e-99   1.491665e-101 
Tb-162             2.343756e-99    1.000000e-99    2.328839e-99   1.491665e-101 
Tb-163             2.343756e-99    1.000000e-99    2.328839e-99   1.491665e-101 
Tb-164             2.343756e-99    1.000000e-99    2.328839e-99   1.491665e-101 
Tb-165             2.343756e-99    1.000000e-99    2.328839e-99   1.491665e-101 
Dy-148             2.343756e-99    1.000000e-99    2.328839e-99   1.491665e-101 
Dy-149             2.343756e-99    1.000000e-99    2.328839e-99   1.491665e-101 
Dy-150             2.343756e-99    1.000000e-99    2.328839e-99   1.491665e-101 
Dy-151             2.343756e-99    1.000000e-99    2.328839e-99   1.491665e-101 
Dy-152             2.343756e-99    1.000000e-99    2.328839e-99   1.491665e-101 
Dy-153             2.343756e-99    1.000000e-99    2.328839e-99   1.491665e-101 
Dy-154             2.343756e-99    1.000000e-99    2.328839e-99   1.491665e-101 
Dy-155             2.343756e-99    1.000000e-99    2.328839e-99   1.491665e-101 
Dy-156             2.270636e-12    1.003681e-12    2.256334e-12    1.430148e-14 
Dy-157             2.343756e-99    1.000000e-99    2.328839e-99   1.491665e-101 
Dy-158             3.959929e-12    1.742654e-12    3.934959e-12    2.496999e-14 
Dy-159             2.343756e-99    1.000000e-99    2.328839e-99   1.491665e-101 
Dy-160             2.649520e-10    4.301488e-11    2.629832e-10    1.968827e-12 
Dy-161             8.864438e-10    3.497843e-10    8.806869e-10    5.756895e-12 
Dy-162             1.450089e-09    4.747974e-10    1.440265e-09    9.824341e-12 
Dy-163             1.133173e-09    4.663048e-10    1.125898e-09    7.274659e-12 
Dy-164             1.750466e-09    5.311557e-10    1.738410e-09    1.205590e-11 
Dy-165             2.343756e-99    1.000000e-99    2.328839e-99   1.491665e-101 
Dy-166             2.343756e-99    1.000000e-99    2.328839e-99   1.491665e-101 
Dy-167             2.343756e-99    1.000000e-99    2.328839e-99   1.491665e-101 
Dy-168             2.343756e-99    1.000000e-99    2.328839e-99   1.491665e-101 
Ho-153             2.343756e-99    1.000000e-99    2.328839e-99   1.491665e-101 
Ho-154             2.343756e-99    1.000000e-99    2.328839e-99   1.491665e-101 
Ho-155             2.343756e-99    1.000000e-99    2.328839e-99   1.491665e-101 
Ho-156             2.343756e-99    1.000000e-99    2.328839e-99   1.491665e-101 
Ho-157             2.343756e-99    1.000000e-99    2.328839e-99   1.491665e-101 
Ho-158             2.343756e-99    1.000000e-99    2.328839e-99   1.491665e-101 
Ho-159             2.343756e-99    1.000000e-99    2.328839e-99   1.491665e-101 
Ho-160             2.343756e-99    1.000000e-99    2.328839e-99   1.491665e-101 
Ho-161             2.343756e-99    1.000000e-99    2.328839e-99   1.491665e-101 
Ho-162             2.343756e-99    1.000000e-99    2.328839e-99   1.491665e-101 
Ho-163             4.035940e-11    1.000000e-99    4.002206e-11    3.373354e-13 
Ho-164             2.343756e-99    1.000000e-99    2.328839e-99   1.491665e-101 
Ho-165             1.112662e-09    4.243917e-10    1.105373e-09    7.288817e-12 
Ho-166             2.343756e-99    1.000000e-99    2.328839e-99   1.491665e-101 
Ho-167             2.343756e-99    1.000000e-99    2.328839e-99   1.491665e-101 
Ho-168             2.343756e-99    1.000000e-99    2.328839e-99   1.491665e-101 
Ho-169             2.343756e-99    1.000000e-99    2.328839e-99   1.491665e-101 
Er-154             2.343756e-99    1.000000e-99    2.328839e-99   1.491665e-101 
Er-155             2.343756e-99    1.000000e-99    2.328839e-99   1.491665e-101 
Er-156             2.343756e-99    1.000000e-99    2.328839e-99   1.491665e-101 
Er-157             2.343756e-99    1.000000e-99    2.328839e-99   1.491665e-101 
Er-158             2.343756e-99    1.000000e-99    2.328839e-99   1.491665e-101 
Er-159             2.343756e-99    1.000000e-99    2.328839e-99   1.491665e-101 
Er-160             2.343756e-99    1.000000e-99    2.328839e-99   1.491665e-101 
Er-161             2.343756e-99    1.000000e-99    2.328839e-99   1.491665e-101 
Er-162             3.639740e-12    1.608861e-12    3.616815e-12    2.292471e-14 
Er-163             2.343756e-99    1.000000e-99    2.328839e-99   1.491665e-101 
Er-164             1.172449e-10    1.912858e-11    1.163728e-10    8.720173e-13 
Er-165             2.343756e-99    1.000000e-99    2.328839e-99   1.491665e-101 
Er-166             1.150902e-09    4.044450e-10    1.143228e-09    7.674323e-12 
Er-167             7.392896e-10    2.775897e-10    7.344278e-10    4.861797e-12 
Er-168             1.189089e-09    3.262608e-10    1.180756e-09    8.332822e-12 
Er-169             2.343756e-99    1.000000e-99    2.328839e-99   1.491665e-101 
Er-170             6.603010e-10    1.839889e-10    6.556981e-10    4.602919e-12 
Er-171             2.343756e-99    1.000000e-99    2.328839e-99   1.491665e-101 
Er-172             2.343756e-99    1.000000e-99    2.328839e-99   1.491665e-101 
Er-173             2.343756e-99    1.000000e-99    2.328839e-99   1.491665e-101 
Er-174             2.343756e-99    1.000000e-99    2.328839e-99   1.491665e-101 
Er-175             2.343756e-99    1.000000e-99    2.328839e-99   1.491665e-101 
Tm-159             2.343756e-99    1.000000e-99    2.328839e-99   1.491665e-101 
Tm-160             2.343756e-99    1.000000e-99    2.328839e-99   1.491665e-101 
Tm-161             2.343756e-99    1.000000e-99    2.328839e-99   1.491665e-101 
Tm-162             2.343756e-99    1.000000e-99    2.328839e-99   1.491665e-101 
Tm-163             2.343756e-99    1.000000e-99    2.328839e-99   1.491665e-101 
Tm-164             2.343756e-99    1.000000e-99    2.328839e-99   1.491665e-101 
Tm-165             2.343756e-99    1.000000e-99    2.328839e-99   1.491665e-101 
Tm-166             2.343756e-99    1.000000e-99    2.328839e-99   1.491665e-101 
Tm-167             2.343756e-99    1.000000e-99    2.328839e-99   1.491665e-101 
Tm-168             2.343756e-99    1.000000e-99    2.328839e-99   1.491665e-101 
Tm-169             5.137746e-10    1.854256e-10    5.103602e-10    3.414401e-12 
Tm-170             2.343756e-99    1.000000e-99    2.328839e-99   1.491665e-101 
Tm-171             2.419780e-26    1.000000e-99    2.390952e-26    2.882871e-28 
Tm-172             2.343756e-99    1.000000e-99    2.328839e-99   1.491665e-101 
Tm-173             2.343756e-99    1.000000e-99    2.328839e-99   1.491665e-101 
Tm-174             2.343756e-99    1.000000e-99    2.328839e-99   1.491665e-101 
Tm-175             2.343756e-99    1.000000e-99    2.328839e-99   1.491665e-101 
Tm-176             2.343756e-99    1.000000e-99    2.328839e-99   1.491665e-101 
Yb-160             2.343756e-99    1.000000e-99    2.328839e-99   1.491665e-101 
Yb-161             2.343756e-99    1.000000e-99    2.328839e-99   1.491665e-101 
Yb-162             2.343756e-99    1.000000e-99    2.328839e-99   1.491665e-101 
Yb-163             2.343756e-99    1.000000e-99    2.328839e-99   1.491665e-101 
Yb-164             2.343756e-99    1.000000e-99    2.328839e-99   1.491665e-101 
Yb-165             2.343756e-99    1.000000e-99    2.328839e-99   1.491665e-101 
Yb-166             2.343756e-99    1.000000e-99    2.328839e-99   1.491665e-101 
Yb-167             2.343756e-99    1.000000e-99    2.328839e-99   1.491665e-101 
Yb-168             3.581693e-12    1.583199e-12    3.559134e-12    2.255918e-14 
Yb-169             2.343756e-99    1.000000e-99    2.328839e-99   1.491665e-101 
Yb-170             2.092392e-10    3.746325e-11    2.076915e-10    1.547737e-12 
Yb-171             5.994783e-10    1.770138e-10    5.953324e-10    4.145912e-12 
Yb-172             1.065535e-09    2.721856e-10    1.058011e-09    7.524316e-12 
Yb-173             6.781782e-10    2.022849e-10    6.735052e-10    4.672916e-12 
Yb-174             1.879129e-09    4.014845e-10    1.865527e-09    1.360198e-11 
Yb-175             2.343756e-99    1.000000e-99    2.328839e-99   1.491665e-101 
Yb-176             7.370446e-10    1.627969e-10    7.317180e-10    5.326576e-12 
Yb-177             2.343756e-99    1.000000e-99    2.328839e-99   1.491665e-101 
Yb-178             2.343756e-99    1.000000e-99    2.328839e-99   1.491665e-101 
Yb-179             2.343756e-99    1.000000e-99    2.328839e-99   1.491665e-101 
Yb-180             2.343756e-99    1.000000e-99    2.328839e-99   1.491665e-101 
Lu-165             2.343756e-99    1.000000e-99    2.328839e-99   1.491665e-101 
Lu-166             2.343756e-99    1.000000e-99    2.328839e-99   1.491665e-101 
Lu-167             2.343756e-99    1.000000e-99    2.328839e-99   1.491665e-101 
Lu-168             2.343756e-99    1.000000e-99    2.328839e-99   1.491665e-101 
Lu-169             2.343756e-99    1.000000e-99    2.328839e-99   1.491665e-101 
Lu-170             2.343756e-99    1.000000e-99    2.328839e-99   1.491665e-101 
Lu-171             2.343756e-99    1.000000e-99    2.328839e-99   1.491665e-101 
Lu-172             2.343756e-99    1.000000e-99    2.328839e-99   1.491665e-101 
Lu-173             2.343756e-99    1.000000e-99    2.328839e-99   1.491665e-101 
Lu-174             2.343756e-99    1.000000e-99    2.328839e-99   1.491665e-101 
Lu-175             5.507049e-10    1.827895e-10    5.469854e-10    3.719494e-12 
Lu-176             7.511828e-11    4.876274e-12    7.452888e-11    5.894052e-13 
Lu-177             2.343756e-99    1.000000e-99    2.328839e-99   1.491665e-101 
Lu-178             2.343756e-99    1.000000e-99    2.328839e-99   1.491665e-101 
Lu-179             2.343756e-99    1.000000e-99    2.328839e-99   1.491665e-101 
Lu-180             2.343756e-99    1.000000e-99    2.328839e-99   1.491665e-101 
Lu-181             2.343756e-99    1.000000e-99    2.328839e-99   1.491665e-101 
Lu-182             2.343756e-99    1.000000e-99    2.328839e-99   1.491665e-101 
Hf-166             2.343756e-99    1.000000e-99    2.328839e-99   1.491665e-101 
Hf-167             2.343756e-99    1.000000e-99    2.328839e-99   1.491665e-101 
Hf-168             2.343756e-99    1.000000e-99    2.328839e-99   1.491665e-101 
Hf-169             2.343756e-99    1.000000e-99    2.328839e-99   1.491665e-101 
Hf-170             2.343756e-99    1.000000e-99    2.328839e-99   1.491665e-101 
Hf-171             2.343756e-99    1.000000e-99    2.328839e-99   1.491665e-101 
Hf-172             2.343756e-99    1.000000e-99    2.328839e-99   1.491665e-101 
Hf-173             2.343756e-99    1.000000e-99    2.328839e-99   1.491665e-101 
Hf-174             2.785494e-12    1.231253e-12    2.767949e-12    1.754446e-14 
Hf-175             2.343756e-99    1.000000e-99    2.328839e-99   1.491665e-101 
Hf-176             1.296841e-10    4.036188e-11    1.287975e-10    8.865415e-13 
Hf-177             4.477618e-10    1.437825e-10    4.447178e-10    3.043960e-12 
Hf-178             9.946048e-10    2.121343e-10    9.874135e-10    7.191369e-12 
Hf-179             4.202526e-10    1.065106e-10    4.172837e-10    2.968856e-12 
Hf-180             1.568888e-09    2.758446e-10    1.557305e-09    1.158323e-11 
Hf-181             2.343756e-99    1.000000e-99    2.328839e-99   1.491665e-101 
Hf-182             5.691454e-11    1.000000e-99    5.645058e-11    4.639607e-13 
Hf-183             2.343756e-99    1.000000e-99    2.328839e-99   1.491665e-101 
Hf-184             2.343756e-99    1.000000e-99    2.328839e-99   1.491665e-101 
Hf-185             2.343756e-99    1.000000e-99    2.328839e-99   1.491665e-101 
Ta-169             2.343756e-99    1.000000e-99    2.328839e-99   1.491665e-101 
Ta-170             2.343756e-99    1.000000e-99    2.328839e-99   1.491665e-101 
Ta-171             2.343756e-99    1.000000e-99    2.328839e-99   1.491665e-101 
Ta-172             2.343756e-99    1.000000e-99    2.328839e-99   1.491665e-101 
Ta-173             2.343756e-99    1.000000e-99    2.328839e-99   1.491665e-101 
Ta-174             2.343756e-99    1.000000e-99    2.328839e-99   1.491665e-101 
Ta-175             2.343756e-99    1.000000e-99    2.328839e-99   1.491665e-101 
Ta-176             2.343756e-99    1.000000e-99    2.328839e-99   1.491665e-101 
Ta-177             2.343756e-99    1.000000e-99    2.328839e-99   1.491665e-101 
Ta-178             2.343756e-99    1.000000e-99    2.328839e-99   1.491665e-101 
Ta-179             4.323634e-27    1.000000e-99    4.269319e-27    5.431461e-29 
Ta-180             5.527576e-14    2.429185e-14    5.492707e-14    3.486858e-16 
Ta-181             6.470139e-10    1.985674e-10    6.425796e-10    4.434321e-12 
Ta-182             2.205000e-18    1.000000e-99    2.187002e-18    1.799843e-20 
Ta-183             2.343756e-99    1.000000e-99    2.328839e-99   1.491665e-101 
Ta-184             2.343756e-99    1.000000e-99    2.328839e-99   1.491665e-101 
Ta-185             2.343756e-99    1.000000e-99    2.328839e-99   1.491665e-101 
Ta-186             2.343756e-99    1.000000e-99    2.328839e-99   1.491665e-101 
W-172              2.343756e-99    1.000000e-99    2.328839e-99   1.491665e-101 
W-173              2.343756e-99    1.000000e-99    2.328839e-99   1.491665e-101 
W-174              2.343756e-99    1.000000e-99    2.328839e-99   1.491665e-101 
W-175              2.343756e-99    1.000000e-99    2.328839e-99   1.491665e-101 
W-176              2.343756e-99    1.000000e-99    2.328839e-99   1.491665e-101 
W-177              2.343756e-99    1.000000e-99    2.328839e-99   1.491665e-101 
W-178              2.343756e-99    1.000000e-99    2.328839e-99   1.491665e-101 
W-179              2.343756e-99    1.000000e-99    2.328839e-99   1.491665e-101 
W-180              1.962007e-12    8.394836e-13    1.949547e-12    1.245962e-14 
W-181              2.343756e-99    1.000000e-99    2.328839e-99   1.491665e-101 
W-182              7.685599e-10    1.877481e-10    7.631001e-10    5.459809e-12 
W-183              4.756025e-10    1.019725e-10    4.721619e-10    3.440558e-12 
W-184              1.116757e-09    2.194930e-10    1.108615e-09    8.141826e-12 
W-185              2.343756e-99    1.000000e-99    2.328839e-99   1.491665e-101 
W-186              7.596514e-10    2.058307e-10    7.543477e-10    5.303749e-12 
W-187              2.343756e-99    1.000000e-99    2.328839e-99   1.491665e-101 
W-188              2.343756e-99    1.000000e-99    2.328839e-99   1.491665e-101 
W-189              2.343756e-99    1.000000e-99    2.328839e-99   1.491665e-101 
W-190              2.343756e-99    1.000000e-99    2.328839e-99   1.491665e-101 
Re-175             2.343756e-99    1.000000e-99    2.328839e-99   1.491665e-101 
Re-176             2.343756e-99    1.000000e-99    2.328839e-99   1.491665e-101 
Re-177             2.343756e-99    1.000000e-99    2.328839e-99   1.491665e-101 
Re-178             2.343756e-99    1.000000e-99    2.328839e-99   1.491665e-101 
Re-179             2.343756e-99    1.000000e-99    2.328839e-99   1.491665e-101 
Re-180             2.343756e-99    1.000000e-99    2.328839e-99   1.491665e-101 
Re-181             2.343756e-99    1.000000e-99    2.328839e-99   1.491665e-101 
Re-182             2.343756e-99    1.000000e-99    2.328839e-99   1.491665e-101 
Re-183             2.343756e-99    1.000000e-99    2.328839e-99   1.491665e-101 
Re-184             2.343756e-99    1.000000e-99    2.328839e-99   1.491665e-101 
Re-185             3.782254e-10    1.047859e-10    3.755886e-10    2.636846e-12 
Re-186             2.343756e-99    1.000000e-99    2.328839e-99   1.491665e-101 
Re-187             4.767645e-10    1.773016e-10    4.736245e-10    3.140016e-12 
Re-188             2.343756e-99    1.000000e-99    2.328839e-99   1.491665e-101 
Re-189             2.343756e-99    1.000000e-99    2.328839e-99   1.491665e-101 
Re-190             2.343756e-99    1.000000e-99    2.328839e-99   1.491665e-101 
Re-191             2.343756e-99    1.000000e-99    2.328839e-99   1.491665e-101 
Os-179             2.343756e-99    1.000000e-99    2.328839e-99   1.491665e-101 
Os-180             2.343756e-99    1.000000e-99    2.328839e-99   1.491665e-101 
Os-181             2.343756e-99    1.000000e-99    2.328839e-99   1.491665e-101 
Os-182             2.343756e-99    1.000000e-99    2.328839e-99   1.491665e-101 
Os-183             2.343756e-99    1.000000e-99    2.328839e-99   1.491665e-101 
Os-184             1.608184e-12    7.108303e-13    1.598054e-12    1.012959e-14 
Os-185             2.343756e-99    1.000000e-99    2.328839e-99   1.491665e-101 
Os-186             3.367706e-10    5.778212e-11    3.342906e-10    2.480028e-12 
Os-187             1.931288e-10    5.998274e-11    1.918155e-10    1.313225e-12 
Os-188             1.580132e-09    4.873616e-10    1.569332e-09    1.080036e-11 
Os-189             1.453871e-09    5.973629e-10    1.444530e-09    9.340608e-12 
Os-190             2.716656e-09    9.765959e-10    2.698620e-09    1.803574e-11 
Os-191             2.343756e-99    1.000000e-99    2.328839e-99   1.491665e-101 
Os-192             3.760660e-09    1.532704e-09    3.736427e-09    2.423281e-11 
Os-193             2.343756e-99    1.000000e-99    2.328839e-99   1.491665e-101 
Os-194             5.230284e-17    1.000000e-99    5.178835e-17    5.144931e-19 
Os-195             2.343756e-99    1.000000e-99    2.328839e-99   1.491665e-101 
Os-196             2.343756e-99    1.000000e-99    2.328839e-99   1.491665e-101 
Ir-181             2.343756e-99    1.000000e-99    2.328839e-99   1.491665e-101 
Ir-182             2.343756e-99    1.000000e-99    2.328839e-99   1.491665e-101 
Ir-183             2.343756e-99    1.000000e-99    2.328839e-99   1.491665e-101 
Ir-184             2.343756e-99    1.000000e-99    2.328839e-99   1.491665e-101 
Ir-185             2.343756e-99    1.000000e-99    2.328839e-99   1.491665e-101 
Ir-186             2.343756e-99    1.000000e-99    2.328839e-99   1.491665e-101 
Ir-187             2.343756e-99    1.000000e-99    2.328839e-99   1.491665e-101 
Ir-188             2.343756e-99    1.000000e-99    2.328839e-99   1.491665e-101 
Ir-189             2.343756e-99    1.000000e-99    2.328839e-99   1.491665e-101 
Ir-190             2.343756e-99    1.000000e-99    2.328839e-99   1.491665e-101 
Ir-191             3.161530e-09    1.357372e-09    3.141452e-09    2.007888e-11 
Ir-192             2.343756e-99    1.000000e-99    2.328839e-99   1.491665e-101 
Ir-193             5.351433e-09    2.308350e-09    5.317490e-09    3.394340e-11 
Ir-194             1.902400e-20    1.000000e-99    1.883682e-20    1.871797e-22 
Ir-195             2.343756e-99    1.000000e-99    2.328839e-99   1.491665e-101 
Ir-196             2.343756e-99    1.000000e-99    2.328839e-99   1.491665e-101 
Ir-197             2.343756e-99    1.000000e-99    2.328839e-99   1.491665e-101 
Pt-184             2.343756e-99    1.000000e-99    2.328839e-99   1.491665e-101 
Pt-185             2.343756e-99    1.000000e-99    2.328839e-99   1.491665e-101 
Pt-186             2.343756e-99    1.000000e-99    2.328839e-99   1.491665e-101 
Pt-187             2.343756e-99    1.000000e-99    2.328839e-99   1.491665e-101 
Pt-188             2.343756e-99    1.000000e-99    2.328839e-99   1.491665e-101 
Pt-189             2.343756e-99    1.000000e-99    2.328839e-99   1.491665e-101 
Pt-190             2.281612e-12    1.008463e-12    2.267241e-12    1.437180e-14 
Pt-191             2.343756e-99    1.000000e-99    2.328839e-99   1.491665e-101 
Pt-192             2.438800e-10    5.850019e-11    2.421419e-10    1.738066e-12 
Pt-193             2.018157e-12    1.000000e-99    2.000469e-12    1.768792e-14 
Pt-194             6.053177e-09    2.489798e-09    6.014253e-09    3.892467e-11 
Pt-195             5.977325e-09    2.568263e-09    5.939356e-09    3.796936e-11 
Pt-196             5.096502e-09    1.926003e-09    5.062962e-09    3.353918e-11 
Pt-197             2.343756e-99    1.000000e-99    2.328839e-99   1.491665e-101 
Pt-198             1.325019e-09    5.521699e-10    1.316515e-09    8.503583e-12 
Pt-199             2.343756e-99    1.000000e-99    2.328839e-99   1.491665e-101 
Pt-200             2.343756e-99    1.000000e-99    2.328839e-99   1.491665e-101 
Pt-201             2.343756e-99    1.000000e-99    2.328839e-99   1.491665e-101 
Pt-202             2.343756e-99    1.000000e-99    2.328839e-99   1.491665e-101 
Au-185             2.343756e-99    1.000000e-99    2.328839e-99   1.491665e-101 
Au-186             2.343756e-99    1.000000e-99    2.328839e-99   1.491665e-101 
Au-187             2.343756e-99    1.000000e-99    2.328839e-99   1.491665e-101 
Au-188             2.343756e-99    1.000000e-99    2.328839e-99   1.491665e-101 
Au-189             2.343756e-99    1.000000e-99    2.328839e-99   1.491665e-101 
Au-190             2.343756e-99    1.000000e-99    2.328839e-99   1.491665e-101 
Au-191             2.343756e-99    1.000000e-99    2.328839e-99   1.491665e-101 
Au-192             2.343756e-99    1.000000e-99    2.328839e-99   1.491665e-101 
Au-193             2.343756e-99    1.000000e-99    2.328839e-99   1.491665e-101 
Au-194             2.343756e-99    1.000000e-99    2.328839e-99   1.491665e-101 
Au-195             2.343756e-99    1.000000e-99    2.328839e-99   1.491665e-101 
Au-196             2.343756e-99    1.000000e-99    2.328839e-99   1.491665e-101 
Au-197             2.677560e-09    1.083301e-09    2.660254e-09    1.730566e-11 
Au-198             2.343756e-99    1.000000e-99    2.328839e-99   1.491665e-101 
Au-199             2.343756e-99    1.000000e-99    2.328839e-99   1.491665e-101 
Au-200             2.343756e-99    1.000000e-99    2.328839e-99   1.491665e-101 
Au-201             2.343756e-99    1.000000e-99    2.328839e-99   1.491665e-101 
Au-202             2.343756e-99    1.000000e-99    2.328839e-99   1.491665e-101 
Au-203             2.343756e-99    1.000000e-99    2.328839e-99   1.491665e-101 
Hg-189             2.343756e-99    1.000000e-99    2.328839e-99   1.491665e-101 
Hg-190             2.343756e-99    1.000000e-99    2.328839e-99   1.491665e-101 
Hg-191             2.343756e-99    1.000000e-99    2.328839e-99   1.491665e-101 
Hg-192             2.343756e-99    1.000000e-99    2.328839e-99   1.491665e-101 
Hg-193             2.343756e-99    1.000000e-99    2.328839e-99   1.491665e-101 
Hg-194             2.343756e-99    1.000000e-99    2.328839e-99   1.491665e-101 
Hg-195             2.343756e-99    1.000000e-99    2.328839e-99   1.491665e-101 
Hg-196             6.812612e-12    3.009384e-12    6.769683e-12    4.292884e-14 
Hg-197             2.343756e-99    1.000000e-99    2.328839e-99   1.491665e-101 
Hg-198             1.108235e-09    1.974950e-10    1.100027e-09    8.208027e-12 
Hg-199             1.083332e-09    3.359915e-10    1.075909e-09    7.423012e-12 
Hg-200             2.096324e-09    4.622210e-10    2.081207e-09    1.511736e-11 
Hg-201             1.057313e-09    2.651107e-10    1.049823e-09    7.490233e-12 
Hg-202             3.006967e-09    6.036257e-10    2.984977e-09    2.199001e-11 
Hg-203             2.343756e-99    1.000000e-99    2.328839e-99   1.491665e-101 
Hg-204             3.756641e-10    1.401373e-10    3.731706e-10    2.493580e-12 
Hg-205             2.343756e-99    1.000000e-99    2.328839e-99   1.491665e-101 
Hg-206             2.343756e-99    1.000000e-99    2.328839e-99   1.491665e-101 
Hg-207             2.343756e-99    1.000000e-99    2.328839e-99   1.491665e-101 
Hg-208             2.343756e-99    1.000000e-99    2.328839e-99   1.491665e-101 
Tl-192             2.343756e-99    1.000000e-99    2.328839e-99   1.491665e-101 
Tl-193             2.343756e-99    1.000000e-99    2.328839e-99   1.491665e-101 
Tl-194             2.343756e-99    1.000000e-99    2.328839e-99   1.491665e-101 
Tl-195             2.343756e-99    1.000000e-99    2.328839e-99   1.491665e-101 
Tl-196             2.343756e-99    1.000000e-99    2.328839e-99   1.491665e-101 
Tl-197             2.343756e-99    1.000000e-99    2.328839e-99   1.491665e-101 
Tl-198             2.343756e-99    1.000000e-99    2.328839e-99   1.491665e-101 
Tl-199             2.343756e-99    1.000000e-99    2.328839e-99   1.491665e-101 
Tl-200             2.343756e-99    1.000000e-99    2.328839e-99   1.491665e-101 
Tl-201             2.343756e-99    1.000000e-99    2.328839e-99   1.491665e-101 
Tl-202             2.343756e-99    1.000000e-99    2.328839e-99   1.491665e-101 
Tl-203             1.469296e-09    3.220729e-10    1.458654e-09    1.064210e-11 
Tl-204             1.681469e-19    1.000000e-99    1.663005e-19    1.846426e-21 
Tl-205             2.772052e-09    7.763865e-10    2.752607e-09    1.944474e-11 
Tl-206             2.343756e-99    1.000000e-99    2.328839e-99   1.491665e-101 
Tl-207             2.343756e-99    1.000000e-99    2.328839e-99   1.491665e-101 
Tl-208             2.343756e-99    1.000000e-99    2.328839e-99   1.491665e-101 
Tl-209             2.343756e-99    1.000000e-99    2.328839e-99   1.491665e-101 
Tl-210             2.343756e-99    1.000000e-99    2.328839e-99   1.491665e-101 
Pb-193             2.343756e-99    1.000000e-99    2.328839e-99   1.491665e-101 
Pb-194             2.343756e-99    1.000000e-99    2.328839e-99   1.491665e-101 
Pb-195             2.343756e-99    1.000000e-99    2.328839e-99   1.491665e-101 
Pb-196             2.343756e-99    1.000000e-99    2.328839e-99   1.491665e-101 
Pb-197             2.343756e-99    1.000000e-99    2.328839e-99   1.491665e-101 
Pb-198             2.343756e-99    1.000000e-99    2.328839e-99   1.491665e-101 
Pb-199             2.343756e-99    1.000000e-99    2.328839e-99   1.491665e-101 
Pb-200             2.343756e-99    1.000000e-99    2.328839e-99   1.491665e-101 
Pb-201             2.343756e-99    1.000000e-99    2.328839e-99   1.491665e-101 
Pb-202             2.343756e-99    1.000000e-99    2.328839e-99   1.491665e-101 
Pb-203             2.343756e-99    1.000000e-99    2.328839e-99   1.491665e-101 
Pb-204             1.543528e-09    2.931006e-10    1.532157e-09    1.137186e-11 
Pb-205             1.499904e-11    1.000000e-99    1.487202e-11    1.270184e-13 
Pb-208             2.467102e-08    8.849766e-09    2.450641e-08    1.646082e-10 
Pb-209             2.343756e-99    1.000000e-99    2.328839e-99   1.491665e-101 
Pb-210             4.496963e-18    1.000000e-99    4.456254e-18    4.070830e-20 
Pb-211             2.343756e-99    1.000000e-99    2.328839e-99   1.491665e-101 
Bi-202             2.343756e-99    1.000000e-99    2.328839e-99   1.491665e-101 
Bi-203             2.343756e-99    1.000000e-99    2.328839e-99   1.491665e-101 
Bi-204             2.343756e-99    1.000000e-99    2.328839e-99   1.491665e-101 
Bi-205             2.343756e-99    1.000000e-99    2.328839e-99   1.491665e-101 
Bi-206             2.343756e-99    1.000000e-99    2.328839e-99   1.491665e-101 
Bi-207             2.343756e-99    1.000000e-99    2.328839e-99   1.491665e-101 
Bi-208             2.343756e-99    1.000000e-99    2.328839e-99   1.491665e-101 
Bi-209             2.107862e-09    8.718247e-10    2.094297e-09    1.356523e-11 
Bi-210             1.387238e-11    1.000000e-99    1.375517e-11    1.172099e-13 
Al-26m1            5.649279e-32    1.000000e-99    5.573954e-32    7.532437e-34 
Kr-85m1            2.343756e-99    1.000000e-99    2.328839e-99   1.491665e-101 
Cd-115m1           2.343756e-99    1.000000e-99    2.328839e-99   1.491665e-101 
Lu-176m1           2.343756e-99    1.000000e-99    2.328839e-99   1.491665e-101 
Ta-180m1           2.343756e-99    1.000000e-99    2.328839e-99   1.491665e-101 
