# Battino yields
# Model: M7.000Z0.0010
# Mini: 7.00
# Z: 1.00e-03
# Mfinal: 1.2586355988158062
# Mfinal (MESA): 4.953337625269326
# Created by Daniel Boyea on 2024-12-06
isotope         wind_yield      initial_abundance wind_yield_mesaevo wind_yield_postmesa 
Neutron-1          5.240839e-99    1.000000e-99    1.546137e-99    3.694702e-99 
H-1                3.546156e+00    7.493283e-01    1.273046e+00    2.273110e+00 
H-2                1.258632e-08    1.453725e-05    1.258632e-08    1.227961e-17 
He-3               3.894053e-05    4.143560e-05    2.782019e-05    1.112034e-05 
He-4               2.181327e+00    2.496157e-01    7.689676e-01    1.412359e+00 
Be-7               1.001583e-14    1.000000e-99    3.985238e-15    6.030590e-15 
B-8                5.240839e-99    1.000000e-99    1.546137e-99    3.694702e-99 
Li-7               9.106602e-07    7.773632e-10    4.042187e-07    5.064414e-07 
C-11               5.741364e-99    1.000000e-99    2.046662e-99    3.694702e-99 
B-11               1.641143e-10    2.858459e-11    5.850286e-11    1.056115e-10 
C-12               9.832005e-04    1.250306e-04    4.895350e-04    4.936655e-04 
C-13               2.956200e-04    4.159852e-07    9.154656e-05    2.040734e-04 
N-13               5.240839e-99    1.000000e-99    1.546137e-99    3.694702e-99 
N-14               7.922186e-03    1.059760e-05    2.305315e-03    5.616872e-03 
C-14               6.001644e-10    1.000000e-99    1.326886e-10    4.674758e-10 
N-15               8.365261e-06    4.174470e-08    2.072716e-06    6.292545e-06 
O-16               3.684517e-03    7.409037e-04    1.423070e-03    2.261448e-03 
O-17               6.609122e-05    3.816498e-08    2.049604e-05    4.559518e-05 
O-18               3.891454e-06    2.173014e-07    1.837276e-06    2.054178e-06 
F-17               5.240839e-99    1.000000e-99    1.546137e-99    3.694702e-99 
F-18               5.240839e-99    1.000000e-99    1.546137e-99    3.694702e-99 
F-19               1.686857e-08    5.615996e-09    7.926209e-09    8.942359e-09 
Ne-20              3.699723e-04    5.753344e-05    1.224784e-04    2.474939e-04 
Ne-21              9.536731e-08    4.579390e-08    7.248560e-08    2.288171e-08 
Ne-22              5.094022e-05    1.471557e-06    1.779747e-05    3.314275e-05 
Na-22              4.198984e-11    1.000000e-99    2.100897e-11    2.098087e-11 
Na-23              5.888355e-06    4.003142e-07    3.459036e-06    2.429319e-06 
Mg-23              3.152861e-65    1.000000e-99    9.021203e-67    3.062649e-65 
Mg-24              4.028724e-05    1.511707e-05    1.305409e-05    2.723314e-05 
Mg-25              1.209118e-04    7.740045e-07    2.578756e-05    9.512422e-05 
Mg-26              1.086752e-05    8.855979e-07    3.010704e-06    7.856818e-06 
Al-26              1.664245e-06    1.000000e-99    3.145321e-07    1.349713e-06 
Al-27              5.911000e-06    6.486896e-07    1.830050e-06    4.080949e-06 
Si-27              5.240839e-99    1.000000e-99    1.546137e-99    3.694702e-99 
Si-28              8.869855e-05    1.512523e-05    3.126158e-05    5.743697e-05 
Si-29              2.276327e-06    3.922927e-07    8.068927e-07    1.469434e-06 
Si-30              1.568070e-06    2.675184e-07    5.558682e-07    1.012202e-06 
P-31               4.214081e-07    7.112706e-08    1.496093e-07    2.717988e-07 
S-31               5.993602e-60    1.000000e-99    1.714935e-61    5.822109e-60 
Li-6               2.232367e-10    3.888222e-11    7.957858e-11    1.436581e-10 
Be-8               5.240839e-99    1.000000e-99    1.546137e-99    3.694702e-99 
O-14               7.293906e-10    1.000000e-99    1.380904e-10    5.913002e-10 
O-15               5.240839e-99    1.000000e-99    1.546137e-99    3.694702e-99 
Na-21              5.240839e-99    1.000000e-99    1.546137e-99    3.694702e-99 
Al-25              5.240839e-99    1.000000e-99    1.546137e-99    3.694702e-99 
P-29               9.982521e-16    1.000000e-99    1.814960e-16    8.167560e-16 
P-30               7.980250e-14    1.000000e-99    1.519868e-14    6.460382e-14 
Pb-206             1.638300e-10    2.800248e-11    5.799086e-11    1.058392e-10 
Pb-207             1.806283e-10    3.092430e-11    6.396099e-11    1.166673e-10 
Bi-211             6.654129e-34    1.000000e-99    1.606235e-34    5.047894e-34 
Po-210             1.324079e-14    1.000000e-99    2.778351e-15    1.046244e-14 
F-20               1.598957e-25    1.000000e-99    3.566006e-26    1.242357e-25 
Ne-19              4.104709e-14    1.000000e-99    7.999327e-15    3.304776e-14 
Na-24              7.386250e-17    1.000000e-99    3.945697e-18    6.991680e-17 
Mg-27              2.410230e-21    1.000000e-99    4.240212e-22    1.986209e-21 
Mg-28              1.913036e-19    1.000000e-99    1.388879e-20    1.774148e-19 
Al-28              3.329395e-20    1.000000e-99    6.489613e-21    2.680434e-20 
Al-29              5.306621e-29    1.000000e-99    3.502082e-30    4.956413e-29 
Si-31              9.292356e-18    1.000000e-99    7.700912e-19    8.522264e-18 
Si-32              6.425041e-11    1.000000e-99    1.382159e-11    5.042882e-11 
P-32               1.898525e-14    1.000000e-99    3.382705e-15    1.560255e-14 
P-33               2.082963e-13    1.000000e-99    4.248022e-14    1.658161e-13 
P-34               3.524620e-27    1.000000e-99    4.592626e-28    3.065357e-27 
P-35               5.762980e-54    1.000000e-99    4.254226e-55    5.337558e-54 
S-32               6.272608e-05    1.093022e-05    2.236124e-05    4.036483e-05 
S-33               1.949764e-07    3.267747e-08    6.934150e-08    1.256349e-07 
S-34               1.087521e-06    1.892124e-07    3.876569e-07    6.998646e-07 
S-35               4.568154e-20    1.000000e-99    4.567669e-20    4.844975e-24 
S-36               5.111698e-09    8.080247e-10    1.789876e-09    3.321822e-09 
S-37               1.523128e-24    1.000000e-99    3.201885e-25    1.202939e-24 
S-38               1.032926e-25    1.000000e-99    7.620158e-27    9.567239e-26 
Cl-34              1.955935e-17    1.000000e-99    3.826892e-18    1.573246e-17 
Cl-35              3.922421e-07    6.827226e-08    1.396618e-07    2.525804e-07 
Cl-36              6.689873e-10    1.000000e-99    2.289363e-10    4.400510e-10 
Cl-37              1.500668e-07    2.307865e-08    5.318881e-08    9.687798e-08 
Cl-38              1.058280e-20    1.000000e-99    1.686975e-21    8.895824e-21 
Cl-39              4.939027e-24    1.000000e-99    3.643898e-25    4.574637e-24 
Cl-40              5.576309e-47    1.000000e-99    4.116423e-48    5.164666e-47 
Ar-35              3.062362e-82    1.000000e-99    8.762263e-84    2.974740e-82 
Ar-36              9.384851e-06    1.638017e-06    3.346016e-06    6.038834e-06 
Ar-37              4.655372e-10    1.000000e-99    8.564944e-11    3.798878e-10 
Ar-38              9.070263e-07    1.575563e-07    3.232269e-07    5.837994e-07 
Ar-39              2.234886e-10    1.000000e-99    6.100649e-11    1.624821e-10 
Ar-40              1.961530e-09    2.652579e-10    6.790562e-10    1.282473e-09 
Ar-41              5.050475e-21    1.000000e-99    4.021512e-22    4.648324e-21 
Ar-42              2.020266e-13    1.000000e-99    4.358887e-14    1.584377e-13 
Ar-43              4.658463e-27    1.000000e-99    1.002000e-27    3.656463e-27 
Ar-44              1.215744e-37    1.000000e-99    2.427336e-38    9.730099e-38 
K-38               5.713840e-16    1.000000e-99    1.074970e-16    4.638870e-16 
K-39               2.245542e-07    3.903232e-08    8.003810e-08    1.445161e-07 
K-40               4.158445e-10    5.009611e-12    1.424003e-10    2.734442e-10 
K-41               1.740097e-08    2.961327e-09    6.194948e-09    1.120602e-08 
K-42               1.495420e-17    1.000000e-99    2.296389e-18    1.265781e-17 
K-43               8.623375e-20    1.000000e-99    1.123064e-20    7.500311e-20 
K-44               2.195471e-29    1.000000e-99    1.663731e-30    2.029098e-29 
K-45               2.050682e-33    1.000000e-99    1.513811e-34    1.899301e-33 
K-46               2.109163e-84    1.000000e-99    1.556983e-85    1.953465e-84 
Ca-39              1.028573e-59    1.000000e-99    3.132975e-61    9.972435e-60 
Ca-40              6.913359e-06    1.205704e-06    2.464676e-06    4.448682e-06 
Ca-41              4.684411e-09    1.000000e-99    1.611790e-09    3.072622e-09 
Ca-42              2.955335e-08    5.067885e-09    1.051987e-08    1.903348e-08 
Ca-43              6.257652e-09    1.082618e-09    2.227560e-09    4.030092e-09 
Ca-44              9.845090e-08    1.711749e-08    3.508799e-08    6.336291e-08 
Ca-45              2.138417e-12    1.000000e-99    3.926349e-13    1.745782e-12 
Ca-46              2.282143e-10    3.431555e-11    7.676295e-11    1.514514e-10 
Ca-47              5.263829e-18    1.000000e-99    2.550505e-19    5.008779e-18 
Ca-48              9.610533e-09    1.674002e-09    3.425737e-09    6.184795e-09 
Ca-49              3.722612e-23    1.000000e-99    7.737044e-24    2.948907e-23 
Sc-43              1.080227e-16    1.000000e-99    2.094379e-17    8.707888e-17 
Sc-44              1.834054e-17    1.000000e-99    3.559866e-18    1.478067e-17 
Sc-45              3.203249e-09    5.418583e-10    1.138140e-09    2.065109e-09 
Sc-46              7.716673e-14    1.000000e-99    1.105281e-14    6.611392e-14 
Sc-47              4.202976e-17    1.000000e-99    3.124855e-18    3.890491e-17 
Sc-48              7.343813e-20    1.000000e-99    3.235652e-21    7.020248e-20 
Sc-49              3.694909e-18    1.000000e-99    7.185053e-19    2.976404e-18 
Sc-50              3.325700e-30    1.000000e-99    5.922195e-31    2.733481e-30 
Ti-44              1.705343e-20    1.000000e-99    2.731043e-21    1.432239e-20 
Ti-45              5.274848e-24    1.000000e-99    9.647557e-25    4.310092e-24 
Ti-46              1.862029e-08    3.234687e-09    6.637211e-09    1.198308e-08 
Ti-47              1.695762e-08    2.979675e-09    6.046385e-09    1.091124e-08 
Ti-48              3.075270e-07    5.376501e-08    1.096499e-07    1.978771e-07 
Ti-49              1.422391e-08    2.259364e-09    5.050407e-09    9.173507e-09 
Ti-50              1.301887e-08    2.209998e-09    4.627879e-09    8.390987e-09 
Ti-51              5.489458e-23    1.000000e-99    1.137915e-23    4.351544e-23 
Ti-52              2.120111e-36    1.000000e-99    5.888576e-37    1.531254e-36 
V-47               2.277600e-19    1.000000e-99    4.399667e-20    1.837633e-19 
V-48               1.637219e-16    1.000000e-99    3.110900e-17    1.326129e-16 
V-49               9.120619e-15    1.000000e-99    1.767033e-15    7.353586e-15 
V-50               5.763525e-11    1.016393e-11    2.055604e-11    3.707921e-11 
V-51               2.403291e-08    4.141499e-09    8.564387e-09    1.546852e-08 
V-52               4.019546e-21    1.000000e-99    8.351077e-22    3.184438e-21 
V-53               2.461329e-32    1.000000e-99    7.880595e-33    1.673270e-32 
Cr-48              4.923447e-25    1.000000e-99    8.727018e-26    4.050745e-25 
Cr-49              1.688797e-25    1.000000e-99    3.105011e-26    1.378296e-25 
Cr-50              4.689864e-08    8.272808e-09    1.672703e-08    3.017161e-08 
Cr-51              4.869620e-13    1.000000e-99    4.700117e-14    4.399608e-13 
Cr-52              9.517932e-07    1.659075e-07    3.393176e-07    6.124756e-07 
Cr-53              1.087672e-07    1.917344e-08    3.878810e-08    6.997910e-08 
Cr-54              3.015377e-08    4.862314e-09    1.070997e-08    1.944380e-08 
Cr-55              4.293385e-22    1.000000e-99    9.002453e-23    3.393140e-22 
Cr-56              3.328380e-31    1.000000e-99    2.648493e-32    3.063530e-31 
Mn-51              2.130723e-20    1.000000e-99    4.093853e-21    1.721337e-20 
Mn-52              2.092234e-22    1.000000e-99    3.079453e-23    1.784288e-22 
Mn-53              9.034665e-16    1.000000e-99    1.713385e-16    7.321280e-16 
Mn-54              1.161101e-16    1.000000e-99    2.090046e-17    9.520960e-17 
Mn-55              6.542014e-07    1.099097e-07    2.329642e-07    4.212372e-07 
Mn-56              7.002946e-18    1.000000e-99    7.871303e-19    6.215816e-18 
Mn-57              7.411084e-29    1.000000e-99    1.745761e-29    5.665323e-29 
Fe-52              1.878373e-29    1.000000e-99    3.329741e-30    1.545398e-29 
Fe-53              5.741364e-99    1.000000e-99    2.046662e-99    3.694702e-99 
Fe-54              4.628537e-06    8.125526e-07    1.650560e-06    2.977977e-06 
Fe-55              1.625798e-10    1.000000e-99    3.595796e-11    1.266218e-10 
Fe-56              7.585584e-05    1.322776e-05    2.704362e-05    4.881222e-05 
Fe-57              1.834935e-06    3.109417e-07    6.531486e-07    1.181787e-06 
Fe-58              2.693999e-07    4.210661e-08    9.503662e-08    1.743633e-07 
Fe-59              5.149087e-12    1.000000e-99    5.914281e-13    4.557659e-12 
Fe-60              1.755027e-09    1.000000e-99    3.437780e-10    1.411249e-09 
Fe-61              2.821288e-23    1.000000e-99    5.459469e-24    2.275342e-23 
Co-55              2.140433e-18    1.000000e-99    4.078316e-19    1.732602e-18 
Co-56              4.917570e-21    1.000000e-99    7.828709e-22    4.134699e-21 
Co-57              2.703151e-15    1.000000e-99    5.158233e-16    2.187327e-15 
Co-58              8.313853e-17    1.000000e-99    1.560624e-17    6.753230e-17 
Co-59              2.320883e-07    3.995077e-08    8.249486e-08    1.495934e-07 
Co-60              2.970368e-11    1.000000e-99    4.770445e-12    2.493323e-11 
Co-61              3.178651e-19    1.000000e-99    2.135625e-20    2.965089e-19 
Co-62              2.265719e-31    1.000000e-99    6.892634e-32    1.576456e-31 
Co-63              3.921852e-63    1.000000e-99    1.122150e-64    3.809637e-63 
Ni-56              9.492425e-27    1.000000e-99    1.598623e-27    7.893803e-27 
Ni-57              5.383810e-33    1.000000e-99    1.719056e-33    3.664754e-33 
Ni-58              3.268731e-06    5.716115e-07    1.165508e-06    2.103223e-06 
Ni-59              9.264915e-09    1.000000e-99    3.184368e-09    6.080548e-09 
Ni-60              1.307182e-06    2.277763e-07    4.659585e-07    8.412234e-07 
Ni-61              6.402632e-08    1.006630e-08    2.269690e-08    4.132942e-08 
Ni-62              1.904533e-07    3.262192e-08    6.773791e-08    1.227154e-07 
Ni-63              6.251693e-10    1.000000e-99    1.472622e-10    4.779071e-10 
Ni-64              5.488528e-08    8.575837e-09    1.935648e-08    3.552881e-08 
Ni-65              2.996364e-19    1.000000e-99    2.591458e-20    2.737219e-19 
Ni-66              3.223249e-20    1.000000e-99    1.695432e-21    3.053705e-20 
Ni-67              5.159018e-40    1.000000e-99    1.557447e-40    3.601571e-40 
Ni-68              1.831910e-88    1.000000e-99    1.352315e-89    1.696678e-88 
Cu-60              2.941938e-24    1.000000e-99    5.599990e-25    2.381939e-24 
Cu-61              6.351428e-21    1.000000e-99    1.206274e-21    5.145154e-21 
Cu-62              1.580745e-23    1.000000e-99    3.001207e-24    1.280624e-23 
Cu-63              4.122172e-08    6.606275e-09    1.465260e-08    2.656912e-08 
Cu-64              5.080064e-17    1.000000e-99    3.356279e-18    4.744437e-17 
Cu-65              2.027134e-08    3.037412e-09    7.158503e-09    1.311284e-08 
Cu-66              1.808982e-21    1.000000e-99    3.691017e-22    1.439881e-21 
Cu-67              5.252505e-20    1.000000e-99    3.711454e-21    4.881360e-20 
Cu-68              3.313782e-35    1.000000e-99    2.466317e-36    3.067150e-35 
Cu-69              2.374040e-48    1.000000e-99    1.752514e-49    2.198788e-48 
Cu-70              3.808087e-86    1.000000e-99    2.811128e-87    3.526975e-86 
Cu-71              5.765591e-99    1.000000e-99    2.048451e-99    3.717140e-99 
Zn-62              5.741364e-99    1.000000e-99    2.046662e-99    3.694702e-99 
Zn-63              5.741364e-99    1.000000e-99    2.046662e-99    3.694702e-99 
Zn-64              6.552574e-08    1.131768e-08    2.335239e-08    4.217335e-08 
Zn-65              1.126865e-11    1.000000e-99    3.346233e-12    7.922414e-12 
Zn-66              4.017707e-08    6.696091e-09    1.427510e-08    2.590197e-08 
Zn-67              6.178009e-09    9.989226e-10    2.190939e-09    3.987070e-09 
Zn-68              2.909904e-08    4.636426e-09    1.030439e-08    1.879466e-08 
Zn-69              3.284774e-20    1.000000e-99    5.555456e-21    2.729229e-20 
Zn-70              9.076311e-10    1.578203e-10    3.228661e-10    5.847650e-10 
Zn-71              2.431935e-23    1.000000e-99    5.052386e-24    1.926697e-23 
Zn-72              6.962645e-23    1.000000e-99    5.066499e-24    6.455995e-23 
Zn-73              1.531347e-48    1.000000e-99    1.130438e-49    1.418303e-48 
Zn-74              1.011722e-80    1.000000e-99    7.468527e-82    9.370370e-81 
Ga-65              1.491482e-24    1.000000e-99    2.824315e-25    1.209050e-24 
Ga-66              2.817026e-26    1.000000e-99    3.274746e-27    2.489551e-26 
Ga-67              3.507523e-22    1.000000e-99    6.598414e-23    2.847682e-22 
Ga-68              8.608092e-25    1.000000e-99    1.627546e-25    6.980546e-25 
Ga-69              3.026919e-09    4.554638e-10    1.068806e-09    1.958112e-09 
Ga-70              4.685797e-21    1.000000e-99    9.683033e-22    3.717494e-21 
Ga-71              2.097827e-09    3.110416e-10    7.418279e-10    1.355999e-09 
Ga-72              1.072628e-18    1.000000e-99    9.296794e-20    9.796598e-19 
Ga-73              1.139057e-21    1.000000e-99    8.170419e-23    1.057352e-21 
Ga-74              6.225570e-32    1.000000e-99    4.597305e-33    5.765840e-32 
Ga-75              2.474604e-54    1.000000e-99    1.826751e-55    2.291929e-54 
Ge-66              5.741364e-99    1.000000e-99    2.046662e-99    3.694702e-99 
Ge-67              5.741364e-99    1.000000e-99    2.046662e-99    3.694702e-99 
Ge-68              5.741364e-99    1.000000e-99    2.046662e-99    3.694702e-99 
Ge-69              5.741364e-99    1.000000e-99    2.046662e-99    3.694702e-99 
Ge-70              3.496480e-09    5.161822e-10    1.232100e-09    2.264380e-09 
Ge-71              4.542304e-12    1.000000e-99    1.011473e-12    3.530830e-12 
Ge-72              4.508951e-09    6.916546e-10    1.591955e-09    2.916996e-09 
Ge-73              1.279750e-09    1.956341e-10    4.515877e-10    8.281618e-10 
Ge-74              6.194255e-09    9.236751e-10    2.181914e-09    4.012341e-09 
Ge-75              2.609193e-20    1.000000e-99    3.479930e-21    2.261200e-20 
Ge-76              1.131240e-09    1.964686e-10    4.021933e-10    7.290467e-10 
Ge-77              6.207814e-20    1.000000e-99    5.724015e-21    5.635412e-20 
Ge-78              6.475326e-25    1.000000e-99    4.732797e-26    6.002046e-25 
As-69              5.741364e-99    1.000000e-99    2.046662e-99    3.694702e-99 
As-70              5.741364e-99    1.000000e-99    2.046662e-99    3.694702e-99 
As-71              2.063356e-24    1.000000e-99    3.894957e-25    1.673860e-24 
As-72              1.993228e-26    1.000000e-99    4.335106e-27    1.559717e-26 
As-73              5.111698e-23    1.000000e-99    9.431898e-24    4.168508e-23 
As-74              3.310752e-23    1.000000e-99    6.183635e-24    2.692389e-23 
As-75              8.988173e-10    1.431312e-10    3.178315e-10    5.809858e-10 
As-76              1.503287e-18    1.000000e-99    1.261995e-19    1.377088e-18 
As-77              6.124669e-19    1.000000e-99    4.208666e-20    5.703802e-19 
As-78              3.307816e-24    1.000000e-99    2.353023e-25    3.072514e-24 
As-79              5.046520e-33    1.000000e-99    3.727577e-34    4.673762e-33 
As-80              1.507779e-85    1.000000e-99    1.113042e-86    1.396475e-85 
As-81              2.899166e-88    1.000000e-99    2.140163e-89    2.685150e-88 
Se-72              5.741364e-99    1.000000e-99    2.046662e-99    3.694702e-99 
Se-73              5.741364e-99    1.000000e-99    2.046662e-99    3.694702e-99 
Se-74              6.656572e-11    1.198965e-11    2.375750e-11    4.280823e-11 
Se-75              1.425905e-16    1.000000e-99    2.636610e-17    1.162244e-16 
Se-76              9.653424e-10    1.297302e-10    3.380145e-10    6.273279e-10 
Se-77              6.828980e-10    1.071453e-10    2.411738e-10    4.417243e-10 
Se-78              2.417288e-09    3.379353e-10    8.467209e-10    1.570567e-09 
Se-79              1.448403e-11    1.000000e-99    3.143189e-12    1.134084e-11 
Se-80              4.291720e-09    7.232795e-10    1.516561e-09    2.775159e-09 
Se-81              1.898933e-21    1.000000e-99    3.944791e-22    1.504454e-21 
Se-82              7.515923e-10    1.304821e-10    2.673842e-10    4.842081e-10 
Se-83              8.942388e-23    1.000000e-99    1.854332e-23    7.088056e-23 
Se-84              2.010544e-34    1.000000e-99    6.068985e-35    1.403645e-34 
Br-74              5.741364e-99    1.000000e-99    2.046662e-99    3.694702e-99 
Br-75              6.986561e-29    1.000000e-99    1.301882e-29    5.684679e-29 
Br-76              2.445881e-34    1.000000e-99    8.128253e-35    1.633056e-34 
Br-77              5.621493e-26    1.000000e-99    1.075550e-26    4.545942e-26 
Br-78              2.494544e-25    1.000000e-99    4.621894e-26    2.032355e-25 
Br-79              8.080074e-10    1.390555e-10    2.876624e-10    5.203450e-10 
Br-80              5.220461e-21    1.000000e-99    1.077979e-21    4.142482e-21 
Br-81              8.273567e-10    1.387166e-10    2.924543e-10    5.349023e-10 
Br-82              4.191416e-18    1.000000e-99    3.500962e-19    3.841319e-18 
Br-83              1.792725e-21    1.000000e-99    2.107496e-22    1.581976e-21 
Br-84              5.695334e-27    1.000000e-99    4.201197e-28    5.275214e-27 
Br-85              4.091016e-41    1.000000e-99    1.245811e-41    2.845205e-41 
Br-86              2.026487e-79    1.000000e-99    1.495951e-80    1.876891e-79 
Br-87              5.785703e-99    1.000000e-99    2.049935e-99    3.735767e-99 
Kr-76              5.741364e-99    1.000000e-99    2.046662e-99    3.694702e-99 
Kr-77              5.741364e-99    1.000000e-99    2.046662e-99    3.694702e-99 
Kr-78              2.190835e-11    3.903699e-12    7.816510e-12    1.409184e-11 
Kr-79              3.075866e-20    1.000000e-99    6.334705e-21    2.442395e-20 
Kr-80              2.476958e-10    2.577028e-11    8.707726e-11    1.606186e-10 
Kr-81              4.448944e-11    1.000000e-99    1.531630e-11    2.917315e-11 
Kr-82              1.044825e-09    1.320727e-10    3.642875e-10    6.805371e-10 
Kr-83              8.398120e-10    1.325358e-10    2.965666e-10    5.432454e-10 
Kr-84              4.333201e-09    6.607919e-10    1.525628e-09    2.807573e-09 
Kr-85              2.990945e-11    1.000000e-99    6.600075e-12    2.330937e-11 
Kr-86              1.474245e-09    2.046221e-10    4.940215e-10    9.802237e-10 
Kr-87              6.829783e-22    1.000000e-99    8.831779e-23    5.946605e-22 
Kr-88              1.625305e-24    1.000000e-99    1.194954e-25    1.505809e-24 
Kr-89              1.373629e-42    1.000000e-99    4.183017e-43    9.553276e-43 
Kr-90              1.406750e-88    1.000000e-99    1.038462e-89    1.302903e-88 
Rb-79              5.741364e-99    1.000000e-99    2.046662e-99    3.694702e-99 
Rb-80              5.741364e-99    1.000000e-99    2.046662e-99    3.694702e-99 
Rb-81              3.675274e-29    1.000000e-99    6.792022e-30    2.996072e-29 
Rb-82              9.313047e-30    1.000000e-99    1.671440e-30    7.641607e-30 
Rb-83              5.174329e-26    1.000000e-99    9.441944e-27    4.230135e-26 
Rb-84              9.408636e-26    1.000000e-99    1.736607e-26    7.672029e-26 
Rb-85              8.281459e-10    1.283575e-10    2.929471e-10    5.351988e-10 
Rb-86              2.338868e-16    1.000000e-99    2.197107e-17    2.119158e-16 
Rb-87              4.141245e-10    5.067309e-11    1.320437e-10    2.820808e-10 
Rb-88              7.420044e-23    1.000000e-99    1.551534e-23    5.868509e-23 
Rb-89              6.457316e-28    1.000000e-99    4.769418e-29    5.980374e-28 
Rb-90              9.771857e-40    1.000000e-99    9.264099e-41    8.845448e-40 
Rb-91              7.555227e-74    1.000000e-99    5.577264e-75    6.997501e-74 
Sr-80              5.741364e-99    1.000000e-99    2.046662e-99    3.694702e-99 
Sr-81              5.741364e-99    1.000000e-99    2.046662e-99    3.694702e-99 
Sr-82              5.741364e-99    1.000000e-99    2.046662e-99    3.694702e-99 
Sr-83              5.741364e-99    1.000000e-99    2.046662e-99    3.694702e-99 
Sr-84              1.780388e-11    3.230901e-12    6.355764e-12    1.144812e-11 
Sr-85              2.333323e-17    1.000000e-99    4.370984e-18    1.896225e-17 
Sr-86              5.266176e-10    5.849808e-11    1.840657e-10    3.425519e-10 
Sr-87              3.507710e-10    4.447112e-11    1.235018e-10    2.272692e-10 
Sr-88              3.419026e-09    5.015302e-10    1.187400e-09    2.231626e-09 
Sr-89              1.094632e-13    1.000000e-99    2.289526e-14    8.656789e-14 
Sr-90              2.851988e-11    1.000000e-99    6.214187e-12    2.230569e-11 
Sr-91              1.123083e-20    1.000000e-99    2.110998e-21    9.119835e-21 
Sr-92              2.517331e-25    1.000000e-99    1.739146e-26    2.343416e-25 
Sr-93              1.087142e-38    1.000000e-99    3.226127e-39    7.645294e-39 
Sr-94              3.483400e-83    1.000000e-99    2.571443e-84    3.226255e-83 
Y-85               5.741364e-99    1.000000e-99    2.046662e-99    3.694702e-99 
Y-86               5.741364e-99    1.000000e-99    2.046662e-99    3.694702e-99 
Y-87               1.568946e-28    1.000000e-99    3.005513e-29    1.268394e-28 
Y-88               1.080604e-27    1.000000e-99    2.087429e-28    8.718612e-28 
Y-89               8.151170e-10    1.230448e-10    2.822385e-10    5.328785e-10 
Y-90               7.257914e-15    1.000000e-99    1.581078e-15    5.676837e-15 
Y-91               5.082717e-14    1.000000e-99    1.087406e-14    3.995312e-14 
Y-92               2.492714e-22    1.000000e-99    2.192292e-23    2.273485e-22 
Y-93               1.327759e-23    1.000000e-99    7.982856e-25    1.247930e-23 
Y-94               3.161334e-31    1.000000e-99    2.333612e-32    2.927972e-31 
Y-95               1.159620e-39    1.000000e-99    8.560304e-41    1.074017e-39 
Y-96               7.229592e-99    1.000000e-99    2.156523e-99    5.073069e-99 
Zr-86              5.741364e-99    1.000000e-99    2.046662e-99    3.694702e-99 
Zr-87              5.741364e-99    1.000000e-99    2.046662e-99    3.694702e-99 
Zr-88              5.741364e-99    1.000000e-99    2.046662e-99    3.694702e-99 
Zr-89              4.984835e-32    1.000000e-99    2.200335e-33    4.764801e-32 
Zr-90              9.178587e-10    1.535741e-10    3.254222e-10    5.924365e-10 
Zr-91              2.118450e-10    3.387065e-11    7.377361e-11    1.380714e-10 
Zr-92              3.319069e-10    5.231471e-11    1.148985e-10    2.170084e-10 
Zr-93              1.074799e-11    1.000000e-99    2.730226e-12    8.017768e-12 
Zr-94              3.324721e-10    5.418147e-11    1.157106e-10    2.167615e-10 
Zr-95              6.940461e-14    1.000000e-99    1.467177e-14    5.473284e-14 
Zr-96              1.104398e-10    8.911428e-12    3.104812e-11    7.939167e-11 
Zr-97              4.387489e-20    1.000000e-99    6.756803e-21    3.711808e-20 
Zr-98              1.002741e-32    1.000000e-99    2.712344e-33    7.315063e-33 
Nb-89              5.741364e-99    1.000000e-99    2.046662e-99    3.694702e-99 
Nb-90              5.741364e-99    1.000000e-99    2.046662e-99    3.694702e-99 
Nb-91              2.768202e-28    1.000000e-99    5.525011e-29    2.215701e-28 
Nb-92              5.741984e-31    1.000000e-99    1.346914e-31    4.395069e-31 
Nb-93              1.059162e-10    1.901762e-11    3.779805e-11    6.811814e-11 
Nb-94              7.224151e-18    1.000000e-99    1.018770e-18    6.205381e-18 
Nb-95              7.763590e-14    1.000000e-99    1.644959e-14    6.118631e-14 
Nb-96              7.428943e-20    1.000000e-99    4.262915e-21    7.002652e-20 
Nb-97              3.350998e-21    1.000000e-99    5.154555e-22    2.835543e-21 
Nb-98              7.524311e-27    1.000000e-99    5.485902e-28    6.975721e-27 
Nb-99              2.527559e-38    1.000000e-99    7.488862e-39    1.778673e-38 
Mo-90              5.741364e-99    1.000000e-99    2.046662e-99    3.694702e-99 
Mo-91              5.741364e-99    1.000000e-99    2.046662e-99    3.694702e-99 
Mo-92              5.730947e-11    1.013407e-11    2.044191e-11    3.686756e-11 
Mo-93              4.938696e-15    1.000000e-99    1.636747e-15    3.301950e-15 
Mo-94              4.039331e-11    6.453319e-12    1.436440e-11    2.602892e-11 
Mo-95              7.134320e-11    1.122904e-11    2.450513e-11    4.683808e-11 
Mo-96              7.218154e-11    1.188573e-11    2.544464e-11    4.673690e-11 
Mo-97              4.181914e-11    6.881453e-12    1.458701e-11    2.723213e-11 
Mo-98              1.081069e-10    1.755936e-11    3.766623e-11    7.044062e-11 
Mo-99              1.408196e-18    1.000000e-99    1.089627e-19    1.299233e-18 
Mo-100             4.186890e-11    7.152491e-12    1.473240e-11    2.713650e-11 
Mo-101             3.501157e-23    1.000000e-99    7.280127e-24    2.773144e-23 
Mo-102             5.730395e-30    1.000000e-99    4.254455e-31    5.304950e-30 
Tc-93              5.741364e-99    1.000000e-99    2.046662e-99    3.694702e-99 
Tc-94              5.741364e-99    1.000000e-99    2.046662e-99    3.694702e-99 
Tc-95              5.741364e-99    1.000000e-99    2.046662e-99    3.694702e-99 
Tc-96              1.489166e-67    1.000000e-99    3.493184e-68    1.139847e-67 
Tc-97              2.088951e-13    1.000000e-99    7.220544e-14    1.366896e-13 
Tc-98              1.039994e-17    1.000000e-99    2.042203e-18    8.357733e-18 
Tc-99              1.176059e-12    1.000000e-99    2.780551e-13    8.980041e-13 
Tc-100             2.835106e-25    1.000000e-99    6.228831e-26    2.212223e-25 
Tc-101             3.438101e-23    1.000000e-99    7.146483e-24    2.723453e-23 
Tc-102             3.692688e-30    1.000000e-99    2.754848e-31    3.417203e-30 
Tc-103             1.070152e-53    1.000000e-99    8.584951e-55    9.843024e-54 
Tc-104             4.426043e-34    1.000000e-99    3.267299e-35    4.099313e-34 
Tc-105             6.074610e-45    1.000000e-99    4.484271e-46    5.626183e-45 
Ru-94              5.741364e-99    1.000000e-99    2.046662e-99    3.694702e-99 
Ru-95              5.741364e-99    1.000000e-99    2.046662e-99    3.694702e-99 
Ru-96              1.640909e-11    2.928269e-12    5.854742e-12    1.055434e-11 
Ru-97              1.550575e-19    1.000000e-99    1.421865e-20    1.408388e-19 
Ru-98              5.789587e-12    1.008004e-12    2.064129e-12    3.725458e-12 
Ru-99              3.896123e-11    6.951645e-12    1.389742e-11    2.506381e-11 
Ru-100             4.375563e-11    6.934131e-12    1.525196e-11    2.850368e-11 
Ru-101             5.245295e-11    9.483608e-12    1.863872e-11    3.381423e-11 
Ru-102             1.077552e-10    1.771328e-11    3.784217e-11    6.991301e-11 
Ru-103             1.658037e-18    1.000000e-99    1.402094e-19    1.517827e-18 
Ru-104             6.089140e-11    1.065883e-11    2.156653e-11    3.932487e-11 
Ru-105             3.824449e-21    1.000000e-99    4.301481e-22    3.394301e-21 
Ru-106             4.879583e-16    1.000000e-99    9.724538e-17    3.907130e-16 
Rh-98              5.741364e-99    1.000000e-99    2.046662e-99    3.694702e-99 
Rh-99              5.741364e-99    1.000000e-99    2.046662e-99    3.694702e-99 
Rh-100             5.741364e-99    1.000000e-99    2.046662e-99    3.694702e-99 
Rh-101             5.741364e-99    1.000000e-99    2.046662e-99    3.694702e-99 
Rh-102             5.741364e-99    1.000000e-99    2.046662e-99    3.694702e-99 
Rh-103             5.937806e-11    1.055627e-11    2.107983e-11    3.829824e-11 
Rh-104             1.828059e-23    1.000000e-99    3.784712e-24    1.449588e-23 
Rh-105             1.200997e-19    1.000000e-99    1.283996e-20    1.072598e-19 
Rh-106             4.605478e-22    1.000000e-99    9.083078e-23    3.697170e-22 
Rh-107             5.160844e-28    1.000000e-99    7.014482e-29    4.459395e-28 
Rh-108             3.012406e-38    1.000000e-99    2.223770e-39    2.790029e-38 
Pd-99              5.741364e-99    1.000000e-99    2.046662e-99    3.694702e-99 
Pd-100             5.741364e-99    1.000000e-99    2.046662e-99    3.694702e-99 
Pd-101             5.741364e-99    1.000000e-99    2.046662e-99    3.694702e-99 
Pd-102             2.338609e-12    4.244959e-13    8.348606e-13    1.503748e-12 
Pd-103             1.758463e-19    1.000000e-99    2.989544e-20    1.459509e-19 
Pd-104             3.205139e-11    4.727067e-12    1.116882e-11    2.088257e-11 
Pd-105             5.330662e-11    9.566459e-12    1.894841e-11    3.435820e-11 
Pd-106             7.291782e-11    1.182003e-11    2.560414e-11    4.731368e-11 
Pd-107             2.227505e-12    1.000000e-99    7.089638e-13    1.518541e-12 
Pd-108             7.018117e-11    1.165968e-11    2.460541e-11    4.557576e-11 
Pd-109             1.235686e-19    1.000000e-99    1.096387e-20    1.126048e-19 
Pd-110             3.063452e-11    5.260094e-12    1.077117e-11    1.986335e-11 
Pd-111             5.985862e-23    1.000000e-99    1.239121e-23    4.746742e-23 
Pd-112             2.713070e-22    1.000000e-99    1.991667e-23    2.513904e-22 
Ag-101             5.741364e-99    1.000000e-99    2.046662e-99    3.694702e-99 
Ag-102             5.741364e-99    1.000000e-99    2.046662e-99    3.694702e-99 
Ag-103             5.741364e-99    1.000000e-99    2.046662e-99    3.694702e-99 
Ag-104             5.741364e-99    1.000000e-99    2.046662e-99    3.694702e-99 
Ag-105             5.741364e-99    1.000000e-99    2.046662e-99    3.694702e-99 
Ag-106             5.741364e-99    1.000000e-99    2.046662e-99    3.694702e-99 
Ag-107             4.228556e-11    7.847210e-12    1.510624e-11    2.717932e-11 
Ag-108             3.618828e-23    1.000000e-99    7.473085e-24    2.871519e-23 
Ag-109             4.265260e-11    7.426657e-12    1.508892e-11    2.756368e-11 
Ag-110             1.637080e-23    1.000000e-99    3.398551e-24    1.297225e-23 
Ag-111             4.921826e-19    1.000000e-99    5.032929e-20    4.418533e-19 
Ag-112             6.987816e-23    1.000000e-99    5.126116e-24    6.475204e-23 
Ag-113             9.283389e-26    1.000000e-99    6.850233e-27    8.598366e-26 
Cd-102             5.741364e-99    1.000000e-99    2.046662e-99    3.694702e-99 
Cd-103             5.741364e-99    1.000000e-99    2.046662e-99    3.694702e-99 
Cd-104             5.741364e-99    1.000000e-99    2.046662e-99    3.694702e-99 
Cd-105             5.741364e-99    1.000000e-99    2.046662e-99    3.694702e-99 
Cd-106             3.521495e-12    6.351687e-13    1.256887e-12    2.264608e-12 
Cd-107             9.268313e-22    1.000000e-99    1.886809e-22    7.381505e-22 
Cd-108             4.640187e-12    4.607729e-13    1.632650e-12    3.007536e-12 
Cd-109             8.316187e-17    1.000000e-99    1.722836e-17    6.593351e-17 
Cd-110             4.162857e-11    6.586100e-12    1.456121e-11    2.706736e-11 
Cd-111             3.926458e-11    6.810926e-12    1.389327e-11    2.537131e-11 
Cd-112             7.844846e-11    1.295533e-11    2.752999e-11    5.091847e-11 
Cd-113             3.834773e-11    6.619464e-12    1.355740e-11    2.479034e-11 
Cd-114             9.561285e-11    1.570051e-11    3.348684e-11    6.212601e-11 
Cd-115             9.052986e-18    1.000000e-99    8.030652e-19    8.249921e-18 
Cd-116             2.641758e-11    4.164981e-12    9.030586e-12    1.738699e-11 
Cd-117             1.404673e-21    1.000000e-99    1.470223e-22    1.257650e-21 
Cd-118             2.156747e-25    1.000000e-99    1.591309e-26    1.997616e-25 
In-106             5.741364e-99    1.000000e-99    2.046662e-99    3.694702e-99 
In-107             5.741364e-99    1.000000e-99    2.046662e-99    3.694702e-99 
In-108             5.741364e-99    1.000000e-99    2.046662e-99    3.694702e-99 
In-109             5.741364e-99    1.000000e-99    2.046662e-99    3.694702e-99 
In-110             5.741364e-99    1.000000e-99    2.046662e-99    3.694702e-99 
In-111             5.741364e-99    1.000000e-99    2.046662e-99    3.694702e-99 
In-112             5.741364e-99    1.000000e-99    2.046662e-99    3.694702e-99 
In-113             1.481538e-12    2.606192e-13    5.283680e-13    9.531697e-13 
In-114             7.905306e-25    1.000000e-99    1.639734e-25    6.265572e-25 
In-115             3.426168e-11    5.920214e-12    1.208398e-11    2.217769e-11 
In-116             2.892509e-24    1.000000e-99    6.012448e-25    2.291264e-24 
In-117             5.488493e-22    1.000000e-99    5.521895e-23    4.936303e-22 
In-118             2.093285e-26    1.000000e-99    1.544524e-27    1.938833e-26 
In-119             3.653870e-30    1.000000e-99    2.697282e-31    3.384141e-30 
Sn-108             5.741364e-99    1.000000e-99    2.046662e-99    3.694702e-99 
Sn-109             5.741364e-99    1.000000e-99    2.046662e-99    3.694702e-99 
Sn-110             5.741364e-99    1.000000e-99    2.046662e-99    3.694702e-99 
Sn-111             5.741364e-99    1.000000e-99    2.046662e-99    3.694702e-99 
Sn-112             6.832374e-12    1.222110e-12    2.437961e-12    4.394413e-12 
Sn-113             1.276599e-18    1.000000e-99    2.087171e-19    1.067882e-18 
Sn-114             4.913967e-12    8.442352e-13    1.751223e-12    3.162743e-12 
Sn-115             2.520363e-12    4.380975e-13    8.985153e-13    1.621848e-12 
Sn-116             1.134949e-10    1.894855e-11    3.996759e-11    7.352730e-11 
Sn-117             5.932151e-11    1.009239e-11    2.092151e-11    3.840000e-11 
Sn-118             1.926036e-10    3.212056e-11    6.759337e-11    1.250103e-10 
Sn-119             6.828425e-11    1.148049e-11    2.403273e-11    4.425152e-11 
Sn-120             2.639117e-10    4.395201e-11    9.255672e-11    1.713550e-10 
Sn-121             8.856888e-19    1.000000e-99    5.723909e-20    8.284497e-19 
Sn-122             4.548412e-11    6.346294e-12    1.492007e-11    3.056406e-11 
Sn-123             2.684347e-19    1.000000e-99    3.598939e-20    2.324453e-19 
Sn-124             4.894918e-11    8.066747e-12    1.705258e-11    3.189660e-11 
Sn-125             1.653727e-20    1.000000e-99    2.455343e-21    1.408193e-20 
Sn-126             1.461846e-13    1.000000e-99    3.152718e-14    1.146574e-13 
Sn-127             5.546453e-25    1.000000e-99    1.117302e-25    4.429150e-25 
Sn-128             1.205588e-29    1.000000e-99    8.899744e-31    1.116591e-29 
Sn-129             3.414944e-54    1.000000e-99    2.520908e-55    3.162853e-54 
Sn-130             5.741364e-99    1.000000e-99    2.046662e-99    3.694702e-99 
Sb-112             5.741364e-99    1.000000e-99    2.046662e-99    3.694702e-99 
Sb-113             5.741364e-99    1.000000e-99    2.046662e-99    3.694702e-99 
Sb-114             5.741364e-99    1.000000e-99    2.046662e-99    3.694702e-99 
Sb-115             5.741364e-99    1.000000e-99    2.046662e-99    3.694702e-99 
Sb-116             5.741364e-99    1.000000e-99    2.046662e-99    3.694702e-99 
Sb-117             5.741364e-99    1.000000e-99    2.046662e-99    3.694702e-99 
Sb-118             5.741364e-99    1.000000e-99    2.046662e-99    3.694702e-99 
Sb-119             5.741364e-99    1.000000e-99    2.046662e-99    3.694702e-99 
Sb-120             5.741364e-99    1.000000e-99    2.046662e-99    3.694702e-99 
Sb-121             3.691831e-11    6.323438e-12    1.300924e-11    2.390906e-11 
Sb-122             1.336899e-18    1.000000e-99    9.900425e-20    1.237895e-18 
Sb-123             2.764006e-11    4.807177e-12    9.730691e-12    1.790937e-11 
Sb-124             1.461247e-20    1.000000e-99    1.620336e-21    1.299214e-20 
Sb-125             1.094009e-13    1.000000e-99    2.367544e-14    8.572543e-14 
Sb-126             3.181855e-20    1.000000e-99    5.255671e-21    2.656288e-20 
Sb-127             9.833759e-22    1.000000e-99    1.473769e-22    8.359990e-22 
Sb-128             2.348440e-26    1.000000e-99    1.582609e-27    2.190179e-26 
Sb-129             4.324553e-29    1.000000e-99    3.058959e-30    4.018657e-29 
Sb-130             1.800223e-41    1.000000e-99    1.328923e-42    1.667331e-41 
Sb-131             5.741365e-99    1.000000e-99    2.046662e-99    3.694703e-99 
Sb-132             5.741364e-99    1.000000e-99    2.046662e-99    3.694702e-99 
Sb-133             5.741364e-99    1.000000e-99    2.046662e-99    3.694702e-99 
Te-114             5.741364e-99    1.000000e-99    2.046662e-99    3.694702e-99 
Te-115             5.741364e-99    1.000000e-99    2.046662e-99    3.694702e-99 
Te-116             5.741364e-99    1.000000e-99    2.046662e-99    3.694702e-99 
Te-117             5.741364e-99    1.000000e-99    2.046662e-99    3.694702e-99 
Te-118             5.741364e-99    1.000000e-99    2.046662e-99    3.694702e-99 
Te-119             5.741364e-99    1.000000e-99    2.046662e-99    3.694702e-99 
Te-120             8.892672e-13    1.629768e-13    3.175571e-13    5.717100e-13 
Te-121             2.324072e-20    1.000000e-99    4.255872e-21    1.898485e-20 
Te-122             2.768777e-11    4.492698e-12    9.722097e-12    1.796568e-11 
Te-123             9.671934e-12    1.580026e-12    3.402893e-12    6.269041e-12 
Te-124             5.243367e-11    8.448534e-12    1.826907e-11    3.416460e-11 
Te-125             7.114110e-11    1.262469e-11    2.525187e-11    4.588922e-11 
Te-126             2.002838e-10    3.378304e-11    7.067102e-11    1.296128e-10 
Te-127             4.970189e-20    1.000000e-99    4.794543e-21    4.490735e-20 
Te-128             3.299560e-10    5.738049e-11    1.173272e-10    2.126288e-10 
Te-129             5.744388e-22    1.000000e-99    1.067158e-22    4.677229e-22 
Te-130             3.565287e-10    6.216134e-11    1.270248e-10    2.295039e-10 
Te-131             6.780812e-23    1.000000e-99    1.402946e-23    5.377865e-23 
Te-132             3.761211e-23    1.000000e-99    2.574595e-24    3.503752e-23 
Te-133             5.165823e-30    1.000000e-99    3.812768e-31    4.784546e-30 
Te-134             1.642531e-38    1.000000e-99    1.212514e-39    1.521279e-38 
I-117              5.741364e-99    1.000000e-99    2.046662e-99    3.694702e-99 
I-118              5.741364e-99    1.000000e-99    2.046662e-99    3.694702e-99 
I-119              5.741364e-99    1.000000e-99    2.046662e-99    3.694702e-99 
I-120              5.741364e-99    1.000000e-99    2.046662e-99    3.694702e-99 
I-121              5.741364e-99    1.000000e-99    2.046662e-99    3.694702e-99 
I-122              5.741364e-99    1.000000e-99    2.046662e-99    3.694702e-99 
I-123              5.741364e-99    1.000000e-99    2.046662e-99    3.694702e-99 
I-124              5.741364e-99    1.000000e-99    2.046662e-99    3.694702e-99 
I-125              5.740861e-19    1.000000e-99    1.019788e-19    4.721072e-19 
I-126              5.698146e-23    1.000000e-99    9.697136e-24    4.728432e-23 
I-127              8.142242e-11    1.460417e-11    2.896049e-11    5.246192e-11 
I-128              7.973697e-22    1.000000e-99    1.646748e-22    6.326949e-22 
I-129              1.110927e-13    1.000000e-99    2.356834e-14    8.752433e-14 
I-130              1.340234e-20    1.000000e-99    9.569285e-22    1.244541e-20 
I-131              1.275709e-18    1.000000e-99    6.377250e-20    1.211937e-18 
I-132              2.627421e-24    1.000000e-99    1.493473e-25    2.478074e-24 
I-133              1.882087e-24    1.000000e-99    8.430268e-26    1.797785e-24 
I-134              1.331612e-31    1.000000e-99    8.051989e-33    1.251092e-31 
I-135              3.801788e-31    1.000000e-99    2.737763e-32    3.528012e-31 
Xe-118             5.741364e-99    1.000000e-99    2.046662e-99    3.694702e-99 
Xe-119             5.741364e-99    1.000000e-99    2.046662e-99    3.694702e-99 
Xe-120             5.741364e-99    1.000000e-99    2.046662e-99    3.694702e-99 
Xe-121             5.741364e-99    1.000000e-99    2.046662e-99    3.694702e-99 
Xe-122             5.741364e-99    1.000000e-99    2.046662e-99    3.694702e-99 
Xe-123             5.741364e-99    1.000000e-99    2.046662e-99    3.694702e-99 
Xe-124             1.195427e-12    2.211488e-13    4.270154e-13    7.684118e-13 
Xe-125             1.277993e-21    1.000000e-99    2.607100e-22    1.017283e-21 
Xe-126             1.075260e-12    1.951020e-13    3.838522e-13    6.914074e-13 
Xe-127             1.600378e-19    1.000000e-99    2.514302e-20    1.348948e-19 
Xe-128             2.795340e-11    3.946281e-12    9.736757e-12    1.821664e-11 
Xe-129             2.690283e-10    4.897376e-11    9.596096e-11    1.730673e-10 
Xe-130             6.208152e-11    7.872101e-12    2.157036e-11    4.051116e-11 
Xe-131             2.206325e-10    3.948217e-11    7.856938e-11    1.420632e-10 
Xe-132             2.889733e-10    4.810526e-11    1.021746e-10    1.867987e-10 
Xe-133             4.789481e-18    1.000000e-99    2.673976e-19    4.522083e-18 
Xe-134             1.087965e-10    1.789596e-11    3.787975e-11    7.091674e-11 
Xe-135             1.306980e-20    1.000000e-99    1.161695e-21    1.190810e-20 
Xe-136             9.068597e-11    1.479745e-11    3.150574e-11    5.918024e-11 
Xe-137             2.655902e-25    1.000000e-99    5.581531e-26    2.097749e-25 
Xe-138             6.463194e-33    1.000000e-99    4.774434e-34    5.985751e-33 
Cs-123             5.741364e-99    1.000000e-99    2.046662e-99    3.694702e-99 
Cs-124             5.741364e-99    1.000000e-99    2.046662e-99    3.694702e-99 
Cs-125             5.741364e-99    1.000000e-99    2.046662e-99    3.694702e-99 
Cs-126             5.741364e-99    1.000000e-99    2.046662e-99    3.694702e-99 
Cs-127             5.741364e-99    1.000000e-99    2.046662e-99    3.694702e-99 
Cs-128             5.741364e-99    1.000000e-99    2.046662e-99    3.694702e-99 
Cs-129             5.741364e-99    1.000000e-99    2.046662e-99    3.694702e-99 
Cs-130             5.741364e-99    1.000000e-99    2.046662e-99    3.694702e-99 
Cs-131             1.149066e-20    1.000000e-99    2.276690e-21    9.213974e-21 
Cs-132             2.108276e-23    1.000000e-99    1.401397e-24    1.968136e-23 
Cs-133             8.094347e-11    1.427331e-11    2.873196e-11    5.221151e-11 
Cs-134             1.288676e-16    1.000000e-99    1.479059e-17    1.140770e-16 
Cs-135             1.958214e-12    1.000000e-99    4.481522e-13    1.510061e-12 
Cs-136             2.166828e-17    1.000000e-99    1.141104e-18    2.052717e-17 
Cs-137             1.203432e-11    1.000000e-99    2.605534e-12    9.428783e-12 
Cs-138             8.900531e-24    1.000000e-99    1.915097e-24    6.985434e-24 
Cs-139             8.334119e-32    1.000000e-99    7.028328e-33    7.631286e-32 
Ba-124             5.741364e-99    1.000000e-99    2.046662e-99    3.694702e-99 
Ba-125             5.741364e-99    1.000000e-99    2.046662e-99    3.694702e-99 
Ba-126             5.741364e-99    1.000000e-99    2.046662e-99    3.694702e-99 
Ba-127             5.741364e-99    1.000000e-99    2.046662e-99    3.694702e-99 
Ba-128             5.741364e-99    1.000000e-99    2.046662e-99    3.694702e-99 
Ba-129             5.741364e-99    1.000000e-99    2.046662e-99    3.694702e-99 
Ba-130             9.805559e-13    1.815943e-13    3.502741e-13    6.302819e-13 
Ba-131             1.433896e-20    1.000000e-99    2.916887e-21    1.142208e-20 
Ba-132             9.709704e-13    1.763712e-13    3.466346e-13    6.243358e-13 
Ba-133             2.023955e-20    1.000000e-99    2.772334e-21    1.746722e-20 
Ba-134             2.997407e-11    4.276167e-12    1.048295e-11    1.949112e-11 
Ba-135             6.532957e-11    1.174963e-11    2.327648e-11    4.205309e-11 
Ba-136             8.703561e-11    1.410093e-11    3.055338e-11    5.648223e-11 
Ba-137             1.183134e-10    2.031659e-11    4.191606e-11    7.639730e-11 
Ba-138             7.770526e-10    1.306368e-10    2.733859e-10    5.036667e-10 
Ba-139             3.446911e-22    1.000000e-99    4.895843e-23    2.957327e-22 
Ba-140             2.165573e-21    1.000000e-99    2.349701e-22    1.930603e-21 
Ba-141             4.708325e-33    1.000000e-99    3.479487e-34    4.360376e-33 
Ba-142             4.241143e-47    1.000000e-99    3.130808e-48    3.928062e-47 
La-127             5.741364e-99    1.000000e-99    2.046662e-99    3.694702e-99 
La-128             5.741364e-99    1.000000e-99    2.046662e-99    3.694702e-99 
La-129             5.741364e-99    1.000000e-99    2.046662e-99    3.694702e-99 
La-130             5.741364e-99    1.000000e-99    2.046662e-99    3.694702e-99 
La-131             5.741364e-99    1.000000e-99    2.046662e-99    3.694702e-99 
La-132             5.741364e-99    1.000000e-99    2.046662e-99    3.694702e-99 
La-133             5.741364e-99    1.000000e-99    2.046662e-99    3.694702e-99 
La-134             5.741364e-99    1.000000e-99    2.046662e-99    3.694702e-99 
La-135             5.741364e-99    1.000000e-99    2.046662e-99    3.694702e-99 
La-136             5.741364e-99    1.000000e-99    2.046662e-99    3.694702e-99 
La-137             4.344285e-21    1.000000e-99    5.485796e-22    3.795705e-21 
La-138             8.041733e-14    1.605515e-14    2.879741e-14    5.161992e-14 
La-139             1.057453e-10    1.791828e-11    3.729099e-11    6.845430e-11 
La-140             1.684355e-19    1.000000e-99    1.149090e-20    1.569446e-19 
La-141             1.889791e-23    1.000000e-99    1.173938e-24    1.772397e-23 
La-142             4.321032e-27    1.000000e-99    3.121229e-28    4.008910e-27 
La-143             6.713465e-35    1.000000e-99    4.955872e-36    6.217878e-35 
Ce-130             5.741364e-99    1.000000e-99    2.046662e-99    3.694702e-99 
Ce-131             5.741364e-99    1.000000e-99    2.046662e-99    3.694702e-99 
Ce-132             5.741364e-99    1.000000e-99    2.046662e-99    3.694702e-99 
Ce-133             5.741364e-99    1.000000e-99    2.046662e-99    3.694702e-99 
Ce-134             5.741364e-99    1.000000e-99    2.046662e-99    3.694702e-99 
Ce-135             5.741364e-99    1.000000e-99    2.046662e-99    3.694702e-99 
Ce-136             4.621459e-13    8.389287e-14    1.649819e-13    2.971640e-13 
Ce-137             8.354388e-23    1.000000e-99    1.698205e-23    6.656183e-23 
Ce-138             6.495852e-13    1.148751e-13    2.317066e-13    4.178787e-13 
Ce-139             1.644317e-18    1.000000e-99    1.595769e-19    1.484740e-18 
Ce-140             2.395298e-10    4.106711e-11    8.491528e-11    1.546146e-10 
Ce-141             2.671212e-16    1.000000e-99    5.123134e-17    2.158899e-16 
Ce-142             3.166881e-11    5.233978e-12    1.103399e-11    2.063482e-11 
Ce-143             3.436414e-20    1.000000e-99    2.730860e-21    3.163328e-20 
Ce-144             1.557207e-13    1.000000e-99    3.338641e-14    1.223343e-13 
Ce-145             1.342415e-26    1.000000e-99    2.811173e-27    1.061298e-26 
Ce-146             2.513461e-31    1.000000e-99    1.855549e-32    2.327906e-31 
Pr-133             5.741364e-99    1.000000e-99    2.046662e-99    3.694702e-99 
Pr-134             5.741364e-99    1.000000e-99    2.046662e-99    3.694702e-99 
Pr-135             5.741364e-99    1.000000e-99    2.046662e-99    3.694702e-99 
Pr-136             5.741364e-99    1.000000e-99    2.046662e-99    3.694702e-99 
Pr-137             5.741364e-99    1.000000e-99    2.046662e-99    3.694702e-99 
Pr-138             5.741364e-99    1.000000e-99    2.046662e-99    3.694702e-99 
Pr-139             5.741364e-99    1.000000e-99    2.046662e-99    3.694702e-99 
Pr-140             5.741364e-99    1.000000e-99    2.046662e-99    3.694702e-99 
Pr-141             3.988346e-11    6.916594e-12    1.412831e-11    2.575516e-11 
Pr-142             1.034318e-19    1.000000e-99    7.841849e-21    9.558993e-20 
Pr-143             1.134579e-18    1.000000e-99    7.060064e-20    1.063979e-18 
Pr-144             6.576869e-18    1.000000e-99    1.409992e-18    5.166877e-18 
Pr-145             7.025163e-23    1.000000e-99    9.806012e-24    6.044562e-23 
Pr-146             4.070841e-29    1.000000e-99    3.006380e-30    3.770203e-29 
Pr-147             6.530399e-34    1.000000e-99    4.820732e-35    6.048325e-34 
Pr-148             5.313506e-65    1.000000e-99    3.922426e-66    4.921263e-65 
Pr-149             1.073989e-75    1.000000e-99    7.928180e-77    9.947073e-76 
Nd-134             5.741364e-99    1.000000e-99    2.046662e-99    3.694702e-99 
Nd-135             5.741364e-99    1.000000e-99    2.046662e-99    3.694702e-99 
Nd-136             5.741364e-99    1.000000e-99    2.046662e-99    3.694702e-99 
Nd-137             5.741364e-99    1.000000e-99    2.046662e-99    3.694702e-99 
Nd-138             5.741364e-99    1.000000e-99    2.046662e-99    3.694702e-99 
Nd-139             5.741364e-99    1.000000e-99    2.046662e-99    3.694702e-99 
Nd-140             5.741364e-99    1.000000e-99    2.046662e-99    3.694702e-99 
Nd-141             2.940375e-29    1.000000e-99    5.389645e-30    2.401410e-29 
Nd-142             5.785299e-11    9.928675e-12    2.057967e-11    3.727331e-11 
Nd-143             2.542023e-11    4.487588e-12    9.028107e-12    1.639212e-11 
Nd-144             5.220909e-11    8.834047e-12    1.844777e-11    3.376132e-11 
Nd-145             1.752210e-11    3.098270e-12    6.223637e-12    1.129846e-11 
Nd-146             3.858030e-11    6.453515e-12    1.362728e-11    2.495302e-11 
Nd-147             1.972022e-18    1.000000e-99    1.043643e-19    1.867658e-18 
Nd-148             1.260548e-11    2.186990e-12    4.450014e-12    8.155465e-12 
Nd-149             3.008824e-22    1.000000e-99    3.827672e-23    2.626057e-22 
Nd-150             1.213320e-11    2.170205e-12    4.325806e-12    7.807398e-12 
Nd-151             1.508480e-23    1.000000e-99    3.127553e-24    1.195724e-23 
Nd-152             6.346640e-31    1.000000e-99    4.740145e-32    5.872626e-31 
Pm-137             5.741364e-99    1.000000e-99    2.046662e-99    3.694702e-99 
Pm-138             5.741364e-99    1.000000e-99    2.046662e-99    3.694702e-99 
Pm-139             5.741364e-99    1.000000e-99    2.046662e-99    3.694702e-99 
Pm-140             5.741364e-99    1.000000e-99    2.046662e-99    3.694702e-99 
Pm-141             5.741364e-99    1.000000e-99    2.046662e-99    3.694702e-99 
Pm-142             5.741364e-99    1.000000e-99    2.046662e-99    3.694702e-99 
Pm-143             5.741364e-99    1.000000e-99    2.046662e-99    3.694702e-99 
Pm-144             5.741364e-99    1.000000e-99    2.046662e-99    3.694702e-99 
Pm-145             1.230391e-18    1.000000e-99    2.370420e-19    9.933494e-19 
Pm-146             2.885176e-21    1.000000e-99    4.869128e-22    2.398263e-21 
Pm-147             5.599703e-14    1.000000e-99    1.173690e-14    4.426013e-14 
Pm-148             4.222088e-19    1.000000e-99    2.349272e-20    3.987161e-19 
Pm-149             1.648208e-19    1.000000e-99    1.014414e-20    1.546767e-19 
Pm-150             1.557959e-23    1.000000e-99    7.799344e-25    1.479966e-23 
Pm-151             5.149340e-21    1.000000e-99    6.434499e-22    4.505891e-21 
Pm-152             3.441124e-29    1.000000e-99    3.932236e-30    3.047900e-29 
Pm-153             7.781238e-39    1.000000e-99    7.726613e-40    7.008577e-39 
Pm-154             6.267924e-55    1.000000e-99    4.626976e-56    5.805227e-55 
Sm-140             5.741364e-99    1.000000e-99    2.046662e-99    3.694702e-99 
Sm-141             5.741364e-99    1.000000e-99    2.046662e-99    3.694702e-99 
Sm-142             5.741364e-99    1.000000e-99    2.046662e-99    3.694702e-99 
Sm-143             5.741364e-99    1.000000e-99    2.046662e-99    3.694702e-99 
Sm-144             2.088811e-12    3.686844e-13    7.450249e-13    1.343786e-12 
Sm-145             2.643720e-18    1.000000e-99    2.847148e-19    2.359005e-18 
Sm-146             2.360875e-17    1.000000e-99    4.962071e-18    1.864668e-17 
Sm-147             1.004410e-11    1.836076e-12    3.577616e-12    6.466482e-12 
Sm-148             8.629966e-12    1.385876e-12    3.061708e-12    5.568258e-12 
Sm-149             9.215973e-12    1.715272e-12    3.286760e-12    5.929212e-12 
Sm-150             6.090603e-12    9.221409e-13    2.144132e-12    3.946471e-12 
Sm-151             2.768208e-14    1.000000e-99    5.851054e-15    2.183103e-14 
Sm-152             1.890281e-11    3.386198e-12    6.724235e-12    1.217858e-11 
Sm-153             1.658066e-19    1.000000e-99    1.199443e-20    1.538122e-19 
Sm-154             1.642885e-11    2.918862e-12    5.840638e-12    1.058821e-11 
Sm-155             4.205438e-23    1.000000e-99    8.690547e-24    3.336383e-23 
Sm-156             2.691633e-23    1.000000e-99    1.975885e-24    2.494045e-23 
Sm-157             3.089314e-35    1.000000e-99    2.280529e-36    2.861261e-35 
Sm-158             1.233346e-43    1.000000e-99    9.104550e-45    1.142301e-43 
Eu-143             5.741364e-99    1.000000e-99    2.046662e-99    3.694702e-99 
Eu-144             5.741364e-99    1.000000e-99    2.046662e-99    3.694702e-99 
Eu-145             5.741364e-99    1.000000e-99    2.046662e-99    3.694702e-99 
Eu-146             5.741364e-99    1.000000e-99    2.046662e-99    3.694702e-99 
Eu-147             5.741364e-99    1.000000e-99    2.046662e-99    3.694702e-99 
Eu-148             5.741364e-99    1.000000e-99    2.046662e-99    3.694702e-99 
Eu-149             5.741364e-99    1.000000e-99    2.046662e-99    3.694702e-99 
Eu-150             5.741364e-99    1.000000e-99    2.046662e-99    3.694702e-99 
Eu-151             1.076697e-11    2.037834e-12    3.848391e-12    6.918578e-12 
Eu-152             8.050991e-19    1.000000e-99    1.512905e-19    6.538086e-19 
Eu-153             1.225552e-11    2.253990e-12    4.372028e-12    7.883496e-12 
Eu-154             3.568311e-18    1.000000e-99    3.963841e-19    3.171927e-18 
Eu-155             1.773049e-14    1.000000e-99    3.743005e-15    1.398749e-14 
Eu-156             1.099468e-20    1.000000e-99    9.536499e-22    1.004103e-20 
Eu-157             1.300882e-22    1.000000e-99    8.786160e-24    1.213020e-22 
Eu-158             1.841631e-27    1.000000e-99    1.357114e-28    1.705919e-27 
Eu-159             7.176249e-31    1.000000e-99    5.297498e-32    6.646500e-31 
Gd-144             5.741364e-99    1.000000e-99    2.046662e-99    3.694702e-99 
Gd-145             5.741364e-99    1.000000e-99    2.046662e-99    3.694702e-99 
Gd-146             5.741364e-99    1.000000e-99    2.046662e-99    3.694702e-99 
Gd-147             5.741364e-99    1.000000e-99    2.046662e-99    3.694702e-99 
Gd-148             5.741364e-99    1.000000e-99    2.046662e-99    3.694702e-99 
Gd-149             5.741364e-99    1.000000e-99    2.046662e-99    3.694702e-99 
Gd-150             5.741364e-99    1.000000e-99    2.046662e-99    3.694702e-99 
Gd-151             5.741364e-99    1.000000e-99    2.046662e-99    3.694702e-99 
Gd-152             7.074346e-13    2.949842e-14    2.463022e-13    4.611324e-13 
Gd-153             5.360804e-17    1.000000e-99    1.067444e-17    4.293361e-17 
Gd-154             2.910853e-12    3.212400e-13    1.020683e-12    1.890171e-12 
Gd-155             1.203762e-11    2.194122e-12    4.292943e-12    7.744675e-12 
Gd-156             1.836335e-11    3.053791e-12    6.520794e-12    1.184256e-11 
Gd-157             1.323741e-11    2.350375e-12    4.713485e-12    8.523922e-12 
Gd-158             2.288675e-11    3.753092e-12    8.114269e-12    1.477248e-11 
Gd-159             5.201297e-20    1.000000e-99    4.125635e-21    4.788734e-20 
Gd-160             1.885126e-11    3.345899e-12    6.705355e-12    1.214590e-11 
Gd-161             6.119192e-24    1.000000e-99    1.268646e-24    4.850547e-24 
Gd-162             4.937242e-31    1.000000e-99    3.655760e-32    4.571666e-31 
Tb-147             5.741364e-99    1.000000e-99    2.046662e-99    3.694702e-99 
Tb-148             5.741364e-99    1.000000e-99    2.046662e-99    3.694702e-99 
Tb-149             5.741364e-99    1.000000e-99    2.046662e-99    3.694702e-99 
Tb-150             5.741364e-99    1.000000e-99    2.046662e-99    3.694702e-99 
Tb-151             5.741364e-99    1.000000e-99    2.046662e-99    3.694702e-99 
Tb-152             5.741364e-99    1.000000e-99    2.046662e-99    3.694702e-99 
Tb-153             5.741364e-99    1.000000e-99    2.046662e-99    3.694702e-99 
Tb-154             5.741364e-99    1.000000e-99    2.046662e-99    3.694702e-99 
Tb-155             5.741364e-99    1.000000e-99    2.046662e-99    3.694702e-99 
Tb-156             5.741364e-99    1.000000e-99    2.046662e-99    3.694702e-99 
Tb-157             3.777953e-15    1.000000e-99    1.291068e-15    2.486885e-15 
Tb-158             5.805797e-18    1.000000e-99    1.295586e-18    4.510210e-18 
Tb-159             1.517608e-11    2.767390e-12    5.409936e-12    9.766148e-12 
Tb-160             2.117755e-18    1.000000e-99    1.830044e-19    1.934751e-18 
Tb-161             6.855261e-19    1.000000e-99    3.563750e-20    6.498886e-19 
Tb-162             3.732030e-29    1.000000e-99    8.398822e-30    2.892148e-29 
Tb-163             1.964891e-29    1.000000e-99    1.450385e-30    1.819853e-29 
Tb-164             3.985382e-48    1.000000e-99    2.942005e-49    3.691181e-48 
Tb-165             2.915079e-61    1.000000e-99    2.151909e-62    2.699888e-61 
Dy-148             5.741364e-99    1.000000e-99    2.046662e-99    3.694702e-99 
Dy-149             5.741364e-99    1.000000e-99    2.046662e-99    3.694702e-99 
Dy-150             5.741364e-99    1.000000e-99    2.046662e-99    3.694702e-99 
Dy-151             5.741364e-99    1.000000e-99    2.046662e-99    3.694702e-99 
Dy-152             5.741364e-99    1.000000e-99    2.046662e-99    3.694702e-99 
Dy-153             5.741364e-99    1.000000e-99    2.046662e-99    3.694702e-99 
Dy-154             5.741364e-99    1.000000e-99    2.046662e-99    3.694702e-99 
Dy-155             5.741364e-99    1.000000e-99    2.046662e-99    3.694702e-99 
Dy-156             5.300233e-14    1.004583e-14    1.894782e-14    3.405451e-14 
Dy-157             3.736824e-23    1.000000e-99    7.629523e-24    2.973871e-23 
Dy-158             9.595332e-14    1.744221e-14    3.425472e-14    6.169861e-14 
Dy-159             1.572919e-19    1.000000e-99    2.917300e-20    1.281188e-19 
Dy-160             3.414945e-12    4.305356e-13    1.199242e-12    2.215703e-12 
Dy-161             1.895990e-11    3.500988e-12    6.763903e-12    1.219600e-11 
Dy-162             2.819054e-11    4.752243e-12    1.001642e-11    1.817412e-11 
Dy-163             2.524736e-11    4.667240e-12    9.021650e-12    1.622571e-11 
Dy-164             3.196403e-11    5.316332e-12    1.133778e-11    2.062625e-11 
Dy-165             1.394015e-21    1.000000e-99    1.815633e-22    1.212452e-21 
Dy-166             1.686872e-21    1.000000e-99    9.520979e-23    1.591663e-21 
Dy-167             4.464367e-36    1.000000e-99    3.637238e-37    4.100643e-36 
Dy-168             1.813615e-37    1.000000e-99    1.338809e-38    1.679734e-37 
Ho-153             5.741364e-99    1.000000e-99    2.046662e-99    3.694702e-99 
Ho-154             5.741364e-99    1.000000e-99    2.046662e-99    3.694702e-99 
Ho-155             5.741364e-99    1.000000e-99    2.046662e-99    3.694702e-99 
Ho-156             5.741364e-99    1.000000e-99    2.046662e-99    3.694702e-99 
Ho-157             5.741364e-99    1.000000e-99    2.046662e-99    3.694702e-99 
Ho-158             5.741364e-99    1.000000e-99    2.046662e-99    3.694702e-99 
Ho-159             5.741364e-99    1.000000e-99    2.046662e-99    3.694702e-99 
Ho-160             5.741364e-99    1.000000e-99    2.046662e-99    3.694702e-99 
Ho-161             5.741364e-99    1.000000e-99    2.046662e-99    3.694702e-99 
Ho-162             5.741364e-99    1.000000e-99    2.046662e-99    3.694702e-99 
Ho-163             1.194680e-13    1.000000e-99    2.796059e-14    9.150746e-14 
Ho-164             1.897117e-22    1.000000e-99    4.191382e-23    1.477979e-22 
Ho-165             2.353294e-11    4.247732e-12    8.389431e-12    1.514351e-11 
Ho-166             3.953498e-19    1.000000e-99    4.687809e-20    3.484717e-19 
Ho-167             2.285693e-22    1.000000e-99    1.452932e-23    2.140399e-22 
Ho-168             1.175753e-35    1.000000e-99    3.111370e-36    8.646165e-36 
Ho-169             1.089786e-38    1.000000e-99    8.044792e-40    1.009339e-38 
Er-154             5.741364e-99    1.000000e-99    2.046662e-99    3.694702e-99 
Er-155             5.741364e-99    1.000000e-99    2.046662e-99    3.694702e-99 
Er-156             5.741364e-99    1.000000e-99    2.046662e-99    3.694702e-99 
Er-157             5.741364e-99    1.000000e-99    2.046662e-99    3.694702e-99 
Er-158             5.741364e-99    1.000000e-99    2.046662e-99    3.694702e-99 
Er-159             5.741364e-99    1.000000e-99    2.046662e-99    3.694702e-99 
Er-160             5.741364e-99    1.000000e-99    2.046662e-99    3.694702e-99 
Er-161             5.741364e-99    1.000000e-99    2.046662e-99    3.694702e-99 
Er-162             8.488616e-14    1.610307e-14    3.034685e-14    5.453931e-14 
Er-163             7.928778e-24    1.000000e-99    1.621134e-24    6.307644e-24 
Er-164             1.555235e-12    1.914578e-13    5.471350e-13    1.008100e-12 
Er-165             6.497486e-21    1.000000e-99    6.121115e-22    5.885374e-21 
Er-166             2.413094e-11    4.048087e-12    8.581604e-12    1.554934e-11 
Er-167             1.552710e-11    2.778393e-12    5.532349e-12    9.994752e-12 
Er-168             2.046436e-11    3.265541e-12    7.247537e-12    1.321682e-11 
Er-169             2.008362e-18    1.000000e-99    1.081355e-19    1.900227e-18 
Er-170             1.052812e-11    1.841543e-12    3.718596e-12    6.809520e-12 
Er-171             1.035227e-20    1.000000e-99    8.490508e-22    9.503219e-21 
Er-172             1.042549e-21    1.000000e-99    5.714141e-23    9.854071e-22 
Er-173             6.218220e-32    1.000000e-99    4.590325e-33    5.759188e-32 
Er-174             2.350055e-51    1.000000e-99    1.734808e-52    2.176574e-51 
Er-175             5.885022e-93    1.000000e-99    4.344336e-94    5.450588e-93 
Tm-159             5.741364e-99    1.000000e-99    2.046662e-99    3.694702e-99 
Tm-160             5.741364e-99    1.000000e-99    2.046662e-99    3.694702e-99 
Tm-161             5.741364e-99    1.000000e-99    2.046662e-99    3.694702e-99 
Tm-162             5.741364e-99    1.000000e-99    2.046662e-99    3.694702e-99 
Tm-163             5.741364e-99    1.000000e-99    2.046662e-99    3.694702e-99 
Tm-164             5.741364e-99    1.000000e-99    2.046662e-99    3.694702e-99 
Tm-165             5.741364e-99    1.000000e-99    2.046662e-99    3.694702e-99 
Tm-166             5.741364e-99    1.000000e-99    2.046662e-99    3.694702e-99 
Tm-167             5.741364e-99    1.000000e-99    2.046662e-99    3.694702e-99 
Tm-168             5.741364e-99    1.000000e-99    2.046662e-99    3.694702e-99 
Tm-169             1.037519e-11    1.855923e-12    3.692626e-12    6.682564e-12 
Tm-170             2.490850e-15    1.000000e-99    5.096647e-16    1.981185e-15 
Tm-171             1.745203e-14    1.000000e-99    3.550441e-15    1.390159e-14 
Tm-172             4.097507e-19    1.000000e-99    1.916664e-20    3.905841e-19 
Tm-173             8.026734e-22    1.000000e-99    3.875429e-23    7.639191e-22 
Tm-174             3.748176e-36    1.000000e-99    2.884764e-37    3.459699e-36 
Tm-175             1.096942e-31    1.000000e-99    8.097610e-33    1.015966e-31 
Tm-176             3.548766e-65    1.000000e-99    2.619696e-66    3.286796e-65 
Yb-160             5.741364e-99    1.000000e-99    2.046662e-99    3.694702e-99 
Yb-161             5.741364e-99    1.000000e-99    2.046662e-99    3.694702e-99 
Yb-162             5.741364e-99    1.000000e-99    2.046662e-99    3.694702e-99 
Yb-163             5.741364e-99    1.000000e-99    2.046662e-99    3.694702e-99 
Yb-164             5.741364e-99    1.000000e-99    2.046662e-99    3.694702e-99 
Yb-165             5.741364e-99    1.000000e-99    2.046662e-99    3.694702e-99 
Yb-166             5.741364e-99    1.000000e-99    2.046662e-99    3.694702e-99 
Yb-167             5.741364e-99    1.000000e-99    2.046662e-99    3.694702e-99 
Yb-168             8.422353e-14    1.584623e-14    3.010180e-14    5.412173e-14 
Yb-169             3.234411e-21    1.000000e-99    6.159406e-22    2.618470e-21 
Yb-170             3.033651e-12    3.749693e-13    1.067372e-12    1.966279e-12 
Yb-171             1.010855e-11    1.771730e-12    3.586889e-12    6.521663e-12 
Yb-172             1.636079e-11    2.724303e-12    5.799576e-12    1.056121e-11 
Yb-173             1.150767e-11    2.024667e-12    4.087135e-12    7.420532e-12 
Yb-174             2.421638e-11    4.018455e-12    8.552159e-12    1.566422e-11 
Yb-175             7.290661e-19    1.000000e-99    4.136098e-20    6.877051e-19 
Yb-176             9.908951e-12    1.629433e-12    3.492805e-12    6.416146e-12 
Yb-177             4.402617e-22    1.000000e-99    4.335973e-23    3.969019e-22 
Yb-178             5.904349e-25    1.000000e-99    4.349689e-26    5.469380e-25 
Yb-179             2.638032e-35    1.000000e-99    1.947392e-36    2.443293e-35 
Yb-180             1.015374e-58    1.000000e-99    7.495479e-60    9.404188e-59 
Lu-165             5.741364e-99    1.000000e-99    2.046662e-99    3.694702e-99 
Lu-166             5.741364e-99    1.000000e-99    2.046662e-99    3.694702e-99 
Lu-167             5.741364e-99    1.000000e-99    2.046662e-99    3.694702e-99 
Lu-168             5.741364e-99    1.000000e-99    2.046662e-99    3.694702e-99 
Lu-169             5.741364e-99    1.000000e-99    2.046662e-99    3.694702e-99 
Lu-170             5.741364e-99    1.000000e-99    2.046662e-99    3.694702e-99 
Lu-171             5.741364e-99    1.000000e-99    2.046662e-99    3.694702e-99 
Lu-172             5.741364e-99    1.000000e-99    2.046662e-99    3.694702e-99 
Lu-173             5.741364e-99    1.000000e-99    2.046662e-99    3.694702e-99 
Lu-174             5.741364e-99    1.000000e-99    2.046662e-99    3.694702e-99 
Lu-175             1.005187e-11    1.829538e-12    3.576830e-12    6.475038e-12 
Lu-176             3.345012e-13    4.880658e-14    1.138908e-13    2.206104e-13 
Lu-177             1.265834e-18    1.000000e-99    6.831290e-20    1.197521e-18 
Lu-178             3.731384e-25    1.000000e-99    2.746398e-26    3.456744e-25 
Lu-179             4.898092e-25    1.000000e-99    3.360376e-26    4.562055e-25 
Lu-180             1.332789e-39    1.000000e-99    9.838637e-41    1.234403e-39 
Lu-181             8.907901e-51    1.000000e-99    6.575805e-52    8.250321e-51 
Lu-182             7.359209e-74    1.000000e-99    5.432563e-75    6.815953e-74 
Hf-166             5.741364e-99    1.000000e-99    2.046662e-99    3.694702e-99 
Hf-167             5.741364e-99    1.000000e-99    2.046662e-99    3.694702e-99 
Hf-168             5.741364e-99    1.000000e-99    2.046662e-99    3.694702e-99 
Hf-169             5.741364e-99    1.000000e-99    2.046662e-99    3.694702e-99 
Hf-170             5.741364e-99    1.000000e-99    2.046662e-99    3.694702e-99 
Hf-171             5.741364e-99    1.000000e-99    2.046662e-99    3.694702e-99 
Hf-172             5.741364e-99    1.000000e-99    2.046662e-99    3.694702e-99 
Hf-173             5.741364e-99    1.000000e-99    2.046662e-99    3.694702e-99 
Hf-174             6.590989e-14    1.232360e-14    2.355164e-14    4.235825e-14 
Hf-175             1.290299e-20    1.000000e-99    2.143953e-21    1.075904e-20 
Hf-176             2.494355e-12    4.039817e-13    8.851350e-13    1.609220e-12 
Hf-177             7.932233e-12    1.439118e-12    2.820044e-12    5.112189e-12 
Hf-178             1.291430e-11    2.123250e-12    4.557802e-12    8.356494e-12 
Hf-179             6.162463e-12    1.066063e-12    2.182383e-12    3.980080e-12 
Hf-180             1.677862e-11    2.760926e-12    5.902269e-12    1.087635e-11 
Hf-181             4.862531e-18    1.000000e-99    2.397530e-19    4.622778e-18 
Hf-182             9.525852e-14    1.000000e-99    2.009624e-14    7.516228e-14 
Hf-183             1.877835e-23    1.000000e-99    1.624181e-24    1.715417e-23 
Hf-184             2.021313e-24    1.000000e-99    1.480851e-25    1.873228e-24 
Hf-185             1.708473e-45    1.000000e-99    1.261192e-46    1.582353e-45 
Ta-169             5.741364e-99    1.000000e-99    2.046662e-99    3.694702e-99 
Ta-170             5.741364e-99    1.000000e-99    2.046662e-99    3.694702e-99 
Ta-171             5.741364e-99    1.000000e-99    2.046662e-99    3.694702e-99 
Ta-172             5.741364e-99    1.000000e-99    2.046662e-99    3.694702e-99 
Ta-173             5.741364e-99    1.000000e-99    2.046662e-99    3.694702e-99 
Ta-174             5.741364e-99    1.000000e-99    2.046662e-99    3.694702e-99 
Ta-175             5.741364e-99    1.000000e-99    2.046662e-99    3.694702e-99 
Ta-176             5.741364e-99    1.000000e-99    2.046662e-99    3.694702e-99 
Ta-177             5.741364e-99    1.000000e-99    2.046662e-99    3.694702e-99 
Ta-178             5.741364e-99    1.000000e-99    2.046662e-99    3.694702e-99 
Ta-179             4.285048e-16    1.000000e-99    8.668828e-17    3.418165e-16 
Ta-180             1.290706e-15    2.431369e-16    4.612876e-16    8.294181e-16 
Ta-181             1.091959e-11    1.987460e-12    3.879852e-12    7.039742e-12 
Ta-182             5.478057e-17    1.000000e-99    8.261735e-18    4.651884e-17 
Ta-183             1.455960e-18    1.000000e-99    6.553089e-20    1.390429e-18 
Ta-184             1.008959e-21    1.000000e-99    4.505323e-23    9.639060e-22 
Ta-185             2.536894e-27    1.000000e-99    1.409475e-28    2.395947e-27 
Ta-186             1.028410e-35    1.000000e-99    7.591660e-37    9.524933e-36 
W-172              5.741364e-99    1.000000e-99    2.046662e-99    3.694702e-99 
W-173              5.741364e-99    1.000000e-99    2.046662e-99    3.694702e-99 
W-174              5.741364e-99    1.000000e-99    2.046662e-99    3.694702e-99 
W-175              5.741364e-99    1.000000e-99    2.046662e-99    3.694702e-99 
W-176              5.741364e-99    1.000000e-99    2.046662e-99    3.694702e-99 
W-177              5.741364e-99    1.000000e-99    2.046662e-99    3.694702e-99 
W-178              5.741364e-99    1.000000e-99    2.046662e-99    3.694702e-99 
W-179              5.741364e-99    1.000000e-99    2.046662e-99    3.694702e-99 
W-180              4.597769e-14    8.402384e-15    1.639756e-14    2.958014e-14 
W-181              1.284109e-17    1.000000e-99    2.605938e-18    1.023515e-17 
W-182              1.135695e-11    1.879169e-12    4.026907e-12    7.330045e-12 
W-183              6.045405e-12    1.020641e-12    2.132323e-12    3.913083e-12 
W-184              1.299743e-11    2.196903e-12    4.586994e-12    8.410439e-12 
W-185              1.224069e-15    1.000000e-99    2.456892e-16    9.783798e-16 
W-186              1.179057e-11    2.060157e-12    4.167301e-12    7.623269e-12 
W-187              9.504929e-20    1.000000e-99    5.867055e-21    8.918223e-20 
W-188              8.095645e-16    1.000000e-99    1.657606e-16    6.438039e-16 
W-189              2.074912e-28    1.000000e-99    3.864508e-29    1.688461e-28 
W-190              3.440572e-29    1.000000e-99    2.539490e-30    3.186623e-29 
Re-175             5.741364e-99    1.000000e-99    2.046662e-99    3.694702e-99 
Re-176             5.741364e-99    1.000000e-99    2.046662e-99    3.694702e-99 
Re-177             5.741364e-99    1.000000e-99    2.046662e-99    3.694702e-99 
Re-178             5.741364e-99    1.000000e-99    2.046662e-99    3.694702e-99 
Re-179             5.741364e-99    1.000000e-99    2.046662e-99    3.694702e-99 
Re-180             5.741364e-99    1.000000e-99    2.046662e-99    3.694702e-99 
Re-181             5.741364e-99    1.000000e-99    2.046662e-99    3.694702e-99 
Re-182             5.741364e-99    1.000000e-99    2.046662e-99    3.694702e-99 
Re-183             5.741364e-99    1.000000e-99    2.046662e-99    3.694702e-99 
Re-184             5.741364e-99    1.000000e-99    2.046662e-99    3.694702e-99 
Re-185             5.878857e-12    1.048801e-12    2.080925e-12    3.797931e-12 
Re-186             6.005193e-19    1.000000e-99    4.440982e-20    5.561095e-19 
Re-187             9.540540e-12    1.774610e-12    3.397659e-12    6.142881e-12 
Re-188             8.628501e-18    1.000000e-99    1.763250e-18    6.865251e-18 
Re-189             7.776446e-21    1.000000e-99    4.008633e-22    7.375582e-21 
Re-190             2.485229e-24    1.000000e-99    1.615698e-25    2.323660e-24 
Re-191             1.019637e-32    1.000000e-99    7.526945e-34    9.443672e-33 
Os-179             5.741364e-99    1.000000e-99    2.046662e-99    3.694702e-99 
Os-180             5.741364e-99    1.000000e-99    2.046662e-99    3.694702e-99 
Os-181             5.741364e-99    1.000000e-99    2.046662e-99    3.694702e-99 
Os-182             5.741364e-99    1.000000e-99    2.046662e-99    3.694702e-99 
Os-183             5.741364e-99    1.000000e-99    2.046662e-99    3.694702e-99 
Os-184             3.856335e-14    7.114694e-15    1.377391e-14    2.478944e-14 
Os-185             1.259764e-20    1.000000e-99    2.105959e-21    1.049168e-20 
Os-186             3.709771e-12    5.783407e-13    1.313247e-12    2.396524e-12 
Os-187             3.398233e-12    6.003667e-13    1.210875e-12    2.187358e-12 
Os-188             2.856484e-11    4.877998e-12    1.012670e-11    1.843815e-11 
Os-189             3.207552e-11    5.979000e-12    1.144933e-11    2.062619e-11 
Os-190             5.736028e-11    9.774740e-12    2.039302e-11    3.696726e-11 
Os-191             1.937699e-18    1.000000e-99    1.133219e-19    1.824377e-18 
Os-192             8.671639e-11    1.534082e-11    3.088975e-11    5.582664e-11 
Os-193             8.862074e-20    1.000000e-99    7.262447e-21    8.135830e-20 
Os-194             7.270521e-14    1.000000e-99    1.523770e-14    5.746751e-14 
Os-195             2.110483e-26    1.000000e-99    4.147697e-27    1.695714e-26 
Os-196             7.029204e-28    1.000000e-99    5.188838e-29    6.510320e-28 
Ir-181             5.741364e-99    1.000000e-99    2.046662e-99    3.694702e-99 
Ir-182             5.741364e-99    1.000000e-99    2.046662e-99    3.694702e-99 
Ir-183             5.741364e-99    1.000000e-99    2.046662e-99    3.694702e-99 
Ir-184             5.741364e-99    1.000000e-99    2.046662e-99    3.694702e-99 
Ir-185             5.741364e-99    1.000000e-99    2.046662e-99    3.694702e-99 
Ir-186             5.741364e-99    1.000000e-99    2.046662e-99    3.694702e-99 
Ir-187             5.741364e-99    1.000000e-99    2.046662e-99    3.694702e-99 
Ir-188             5.741364e-99    1.000000e-99    2.046662e-99    3.694702e-99 
Ir-189             5.741364e-99    1.000000e-99    2.046662e-99    3.694702e-99 
Ir-190             5.741364e-99    1.000000e-99    2.046662e-99    3.694702e-99 
Ir-191             7.257531e-11    1.358593e-11    2.592572e-11    4.664958e-11 
Ir-192             5.687930e-16    1.000000e-99    1.149165e-16    4.538765e-16 
Ir-193             1.252203e-10    2.310425e-11    4.471041e-11    8.050991e-11 
Ir-194             3.267250e-17    1.000000e-99    6.995080e-18    2.567742e-17 
Ir-195             6.086121e-23    1.000000e-99    4.914683e-24    5.594652e-23 
Ir-196             1.009281e-25    1.000000e-99    7.426456e-27    9.350161e-26 
Ir-197             1.111598e-33    1.000000e-99    8.205807e-35    1.029540e-33 
Pt-184             5.741364e-99    1.000000e-99    2.046662e-99    3.694702e-99 
Pt-185             5.741364e-99    1.000000e-99    2.046662e-99    3.694702e-99 
Pt-186             5.741364e-99    1.000000e-99    2.046662e-99    3.694702e-99 
Pt-187             5.741364e-99    1.000000e-99    2.046662e-99    3.694702e-99 
Pt-188             5.741364e-99    1.000000e-99    2.046662e-99    3.694702e-99 
Pt-189             5.741364e-99    1.000000e-99    2.046662e-99    3.694702e-99 
Pt-190             5.503328e-14    1.009369e-14    1.965285e-14    3.538043e-14 
Pt-191             1.121940e-22    1.000000e-99    2.317209e-23    8.902195e-23 
Pt-192             7.637454e-12    5.855278e-13    2.671545e-12    4.965909e-12 
Pt-193             1.676911e-14    1.000000e-99    5.209914e-15    1.155920e-14 
Pt-194             1.469620e-10    2.492036e-11    5.229989e-11    9.466212e-11 
Pt-195             1.427592e-10    2.570572e-11    5.093348e-11    9.182568e-11 
Pt-196             1.203685e-10    1.927734e-11    4.274193e-11    7.762655e-11 
Pt-197             8.554867e-20    1.000000e-99    7.402389e-21    7.814628e-20 
Pt-198             3.139554e-11    5.526664e-12    1.117495e-11    2.022059e-11 
Pt-199             4.973217e-23    1.000000e-99    1.016117e-23    3.957100e-23 
Pt-200             1.653130e-23    1.000000e-99    1.210484e-24    1.532082e-23 
Pt-201             3.775040e-46    1.000000e-99    2.786727e-47    3.496367e-46 
Pt-202             2.754583e-29    1.000000e-99    2.033408e-30    2.551242e-29 
Au-185             5.741364e-99    1.000000e-99    2.046662e-99    3.694702e-99 
Au-186             5.741364e-99    1.000000e-99    2.046662e-99    3.694702e-99 
Au-187             5.741364e-99    1.000000e-99    2.046662e-99    3.694702e-99 
Au-188             5.741364e-99    1.000000e-99    2.046662e-99    3.694702e-99 
Au-189             5.741364e-99    1.000000e-99    2.046662e-99    3.694702e-99 
Au-190             5.741364e-99    1.000000e-99    2.046662e-99    3.694702e-99 
Au-191             5.741364e-99    1.000000e-99    2.046662e-99    3.694702e-99 
Au-192             5.741364e-99    1.000000e-99    2.046662e-99    3.694702e-99 
Au-193             5.741364e-99    1.000000e-99    2.046662e-99    3.694702e-99 
Au-194             5.741364e-99    1.000000e-99    2.046662e-99    3.694702e-99 
Au-195             8.713308e-19    1.000000e-99    1.652470e-19    7.060837e-19 
Au-196             2.772402e-23    1.000000e-99    2.262769e-24    2.546125e-23 
Au-197             6.142438e-11    1.084275e-11    2.188541e-11    3.953898e-11 
Au-198             5.045181e-19    1.000000e-99    4.083193e-20    4.636862e-19 
Au-199             1.261250e-19    1.000000e-99    7.922495e-21    1.182025e-19 
Au-200             2.249509e-22    1.000000e-99    1.096864e-23    2.139823e-22 
Au-201             3.918315e-30    1.000000e-99    2.818950e-31    3.636420e-30 
Au-202             2.242577e-38    1.000000e-99    1.655441e-39    2.077033e-38 
Au-203             1.491231e-88    1.000000e-99    1.100826e-89    1.381149e-88 
Hg-189             5.741364e-99    1.000000e-99    2.046662e-99    3.694702e-99 
Hg-190             5.741364e-99    1.000000e-99    2.046662e-99    3.694702e-99 
Hg-191             5.741364e-99    1.000000e-99    2.046662e-99    3.694702e-99 
Hg-192             5.741364e-99    1.000000e-99    2.046662e-99    3.694702e-99 
Hg-193             5.741364e-99    1.000000e-99    2.046662e-99    3.694702e-99 
Hg-194             5.741364e-99    1.000000e-99    2.046662e-99    3.694702e-99 
Hg-195             5.741364e-99    1.000000e-99    2.046662e-99    3.694702e-99 
Hg-196             1.680333e-13    3.012089e-14    5.996243e-14    1.080709e-13 
Hg-197             9.929776e-23    1.000000e-99    1.919240e-23    8.010537e-23 
Hg-198             1.644130e-11    1.976726e-12    5.760807e-12    1.068049e-11 
Hg-199             1.989761e-11    3.362936e-12    7.057073e-12    1.284054e-11 
Hg-200             2.818669e-11    4.626366e-12    9.945830e-12    1.824086e-11 
Hg-201             1.545345e-11    2.653491e-12    5.467514e-12    9.985932e-12 
Hg-202             3.607362e-11    6.041684e-12    1.271549e-11    2.335812e-11 
Hg-203             1.014180e-18    1.000000e-99    5.563090e-20    9.585489e-19 
Hg-204             8.153805e-12    1.402633e-12    2.885569e-12    5.268236e-12 
Hg-205             8.887605e-25    1.000000e-99    1.844926e-25    7.042679e-25 
Hg-206             2.902743e-34    1.000000e-99    2.165446e-35    2.686199e-34 
Hg-207             4.762422e-68    1.000000e-99    3.515616e-69    4.410860e-68 
Hg-208             5.741364e-99    1.000000e-99    2.046662e-99    3.694702e-99 
Tl-192             5.741364e-99    1.000000e-99    2.046662e-99    3.694702e-99 
Tl-193             5.741364e-99    1.000000e-99    2.046662e-99    3.694702e-99 
Tl-194             5.741364e-99    1.000000e-99    2.046662e-99    3.694702e-99 
Tl-195             5.741364e-99    1.000000e-99    2.046662e-99    3.694702e-99 
Tl-196             5.741364e-99    1.000000e-99    2.046662e-99    3.694702e-99 
Tl-197             5.741364e-99    1.000000e-99    2.046662e-99    3.694702e-99 
Tl-198             5.741364e-99    1.000000e-99    2.046662e-99    3.694702e-99 
Tl-199             5.741364e-99    1.000000e-99    2.046662e-99    3.694702e-99 
Tl-200             5.741364e-99    1.000000e-99    2.046662e-99    3.694702e-99 
Tl-201             5.741364e-99    1.000000e-99    2.046662e-99    3.694702e-99 
Tl-202             5.741364e-99    1.000000e-99    2.046662e-99    3.694702e-99 
Tl-203             1.892040e-11    3.223624e-12    6.676658e-12    1.224374e-11 
Tl-204             1.031339e-14    1.000000e-99    2.157522e-15    8.155873e-15 
Tl-205             4.486651e-11    7.770846e-12    1.596064e-11    2.890587e-11 
Tl-206             4.845978e-24    1.000000e-99    1.004200e-24    3.841779e-24 
Tl-207             1.855043e-36    1.000000e-99    4.623096e-37    1.392733e-36 
Tl-208             9.611228e-59    1.000000e-99    7.095000e-60    8.901728e-59 
Tl-209             1.979791e-88    1.000000e-99    1.461481e-89    1.833643e-88 
Tl-210             5.741364e-99    1.000000e-99    2.046662e-99    3.694702e-99 
Pb-193             5.741364e-99    1.000000e-99    2.046662e-99    3.694702e-99 
Pb-194             5.741364e-99    1.000000e-99    2.046662e-99    3.694702e-99 
Pb-195             5.741364e-99    1.000000e-99    2.046662e-99    3.694702e-99 
Pb-196             5.741364e-99    1.000000e-99    2.046662e-99    3.694702e-99 
Pb-197             5.741364e-99    1.000000e-99    2.046662e-99    3.694702e-99 
Pb-198             5.741364e-99    1.000000e-99    2.046662e-99    3.694702e-99 
Pb-199             5.741364e-99    1.000000e-99    2.046662e-99    3.694702e-99 
Pb-200             5.741364e-99    1.000000e-99    2.046662e-99    3.694702e-99 
Pb-201             5.741364e-99    1.000000e-99    2.046662e-99    3.694702e-99 
Pb-202             5.741364e-99    1.000000e-99    2.046662e-99    3.694702e-99 
Pb-203             5.741364e-99    1.000000e-99    2.046662e-99    3.694702e-99 
Pb-204             1.746833e-11    2.933641e-12    6.162435e-12    1.130590e-11 
Pb-205             4.716195e-13    1.000000e-99    1.001721e-13    3.714474e-13 
Pb-208             5.205047e-10    8.857723e-11    1.838008e-10    3.367039e-10 
Pb-209             7.405306e-23    1.000000e-99    6.274016e-24    6.777905e-23 
Pb-210             3.971204e-17    1.000000e-99    8.121063e-18    3.159098e-17 
Pb-211             1.471048e-32    1.000000e-99    3.442491e-33    1.126799e-32 
Bi-202             5.741364e-99    1.000000e-99    2.046662e-99    3.694702e-99 
Bi-203             5.741364e-99    1.000000e-99    2.046662e-99    3.694702e-99 
Bi-204             5.741364e-99    1.000000e-99    2.046662e-99    3.694702e-99 
Bi-205             5.741364e-99    1.000000e-99    2.046662e-99    3.694702e-99 
Bi-206             5.741364e-99    1.000000e-99    2.046662e-99    3.694702e-99 
Bi-207             5.741364e-99    1.000000e-99    2.046662e-99    3.694702e-99 
Bi-208             5.741364e-99    1.000000e-99    2.046662e-99    3.694702e-99 
Bi-209             5.082264e-11    8.726086e-12    1.800375e-11    3.281889e-11 
Bi-210             1.365888e-19    1.000000e-99    2.901099e-20    1.075778e-19 
Al-26m1            5.240839e-99    1.000000e-99    1.546137e-99    3.694702e-99 
Kr-85m1            7.563092e-20    1.000000e-99    7.453357e-21    6.817756e-20 
Cd-115m1           9.151700e-21    1.000000e-99    2.097869e-21    7.053830e-21 
Lu-176m1           7.600546e-22    1.000000e-99    1.468299e-22    6.132247e-22 
Ta-180m1           3.126314e-24    1.000000e-99    4.865913e-25    2.639722e-24 
