# Battino yields
# Model: m3z1m3
# Mini: 3.00
# Z: 1.00e-03
# Mfinal: 0.8317663353165653
# Mfinal (MESA): 1.2127071590296572
# Created by Daniel Boyea on 2024-12-06
isotope         wind_yield      initial_abundance wind_yield_mesaevo wind_yield_postmesa 
Neutron-1          4.061850e-29    1.000000e-99    4.061850e-29    3.075587e-52 
H-1                1.568681e+00    7.493283e-01    1.294347e+00    2.743343e-01 
H-2                1.011265e-06    1.453725e-05    9.246288e-07    8.663601e-08 
He-3               2.767693e-04    4.143560e-05    2.282663e-04    4.850300e-05 
He-4               5.908682e-01    2.496157e-01    4.860967e-01    1.047715e-01 
Be-7               5.784409e-08    1.000000e-99    4.530172e-08    1.254237e-08 
B-8                1.207547e-14    1.000000e-99    9.606310e-15    2.469157e-15 
Li-7               1.804140e-10    7.773632e-10    1.487545e-10    3.165955e-11 
C-11               1.353974e-19    1.000000e-99    1.018671e-19    3.353034e-20 
B-11               6.197806e-11    2.858459e-11    5.108903e-11    1.088904e-11 
C-12               4.673042e-03    1.250306e-04    3.618431e-03    1.054611e-03 
C-13               5.181923e-04    4.159852e-07    4.078956e-04    1.102967e-04 
N-13               5.511515e-09    1.000000e-99    4.402972e-09    1.108542e-09 
N-14               7.314267e-04    1.059760e-05    5.801991e-04    1.512276e-04 
C-14               3.794573e-08    1.000000e-99    3.048787e-08    7.457863e-09 
N-15               4.698276e-08    4.174470e-08    3.837333e-08    8.609432e-09 
O-16               2.041520e-03    7.409037e-04    1.660105e-03    3.814152e-04 
O-17               5.190875e-06    3.816498e-08    4.258305e-06    9.325699e-07 
O-18               2.966421e-07    2.173014e-07    2.448803e-07    5.176177e-08 
F-17               2.709010e-13    1.000000e-99    2.140273e-13    5.687377e-14 
F-18               3.828243e-13    1.000000e-99    3.033409e-13    7.948336e-14 
F-19               9.229721e-07    5.615996e-09    7.164615e-07    2.065106e-07 
Ne-20              1.272054e-04    5.753344e-05    1.046348e-04    2.257061e-05 
Ne-21              2.938324e-07    4.579390e-08    2.385710e-07    5.526139e-08 
Ne-22              1.642899e-04    1.471557e-06    1.247623e-04    3.952759e-05 
Na-22              1.610758e-08    1.000000e-99    1.230939e-08    3.798189e-09 
Na-23              2.408836e-06    4.003142e-07    1.943568e-06    4.652676e-07 
Mg-23              2.742390e-18    1.000000e-99    2.121082e-18    6.213078e-19 
Mg-24              3.334384e-05    1.511707e-05    2.745651e-05    5.887321e-06 
Mg-25              2.377001e-06    7.740045e-07    1.900675e-06    4.763258e-07 
Mg-26              3.695136e-06    8.855979e-07    2.935254e-06    7.598826e-07 
Al-26              2.106729e-09    1.000000e-99    1.662342e-09    4.443869e-10 
Al-27              1.771895e-06    6.486896e-07    1.434168e-06    3.377275e-07 
Si-27              2.054860e-22    1.000000e-99    1.576158e-22    4.787020e-23 
Si-28              3.331852e-05    1.512523e-05    2.744005e-05    5.878470e-06 
Si-29              8.809286e-07    3.922927e-07    7.244129e-07    1.565157e-07 
Si-30              6.373131e-07    2.675184e-07    5.221508e-07    1.151622e-07 
P-31               2.316887e-07    7.112706e-08    1.874794e-07    4.420922e-08 
S-31               2.168243e-99    1.000000e-99    1.787303e-99   3.809408e-100 
Be-8               2.168243e-99    1.000000e-99    1.787303e-99   3.809408e-100 
O-14               4.014792e-15    1.000000e-99    3.197599e-15    8.171924e-16 
O-15               8.802901e-12    1.000000e-99    7.002688e-12    1.800214e-12 
Na-21              1.203322e-17    1.000000e-99    9.382653e-18    2.650564e-18 
Al-25              8.110312e-18    1.000000e-99    6.244163e-18    1.866150e-18 
P-29               2.042492e-24    1.000000e-99    1.611491e-24    4.310002e-25 
P-30               1.846261e-20    1.000000e-99    1.462073e-20    3.841880e-21 
Pb-206             2.865158e-09    2.800248e-11    2.240965e-09    6.241936e-10 
Pb-207             4.615859e-09    3.092430e-11    3.605648e-09    1.010211e-09 
Bi-211             5.969427e-27    1.000000e-99    4.591485e-27    1.377941e-27 
Po-210             2.168243e-99    1.000000e-99    1.787303e-99   3.809408e-100 
F-20               1.476470e-25    1.000000e-99    1.128528e-25    3.479420e-26 
Ne-19              1.767360e-20    1.000000e-99    1.396072e-20    3.712880e-21 
Na-24              5.355295e-17    1.000000e-99    4.261365e-17    1.093930e-17 
Mg-27              8.170591e-25    1.000000e-99    6.244650e-25    1.925942e-25 
Mg-28              2.948663e-25    1.000000e-99    2.292062e-25    6.566001e-26 
Al-28              3.706645e-24    1.000000e-99    2.811743e-24    8.949017e-25 
Al-29              5.234257e-33    1.000000e-99    3.941203e-33    1.293054e-33 
Si-31              1.033588e-20    1.000000e-99    8.007887e-21    2.327995e-21 
Si-32              4.906996e-12    1.000000e-99    3.673813e-12    1.233184e-12 
P-32               4.405887e-15    1.000000e-99    3.438855e-15    9.670319e-16 
P-33               4.343821e-17    1.000000e-99    3.404633e-17    9.391880e-18 
P-34               3.744531e-35    1.000000e-99    2.889604e-35    8.549269e-36 
P-35               2.168243e-99    1.000000e-99    1.787303e-99   3.809408e-100 
S-32               2.367385e-05    1.093022e-05    1.951630e-05    4.157551e-06 
S-33               7.648819e-08    3.267747e-08    6.272247e-08    1.376572e-08 
S-34               4.238252e-07    1.892124e-07    3.485892e-07    7.523598e-08 
S-35               3.738934e-16    1.000000e-99    2.931296e-16    8.076383e-17 
S-36               4.223264e-09    8.080247e-10    3.366001e-09    8.572639e-10 
S-37               1.396481e-27    1.000000e-99    1.074676e-27    3.218057e-28 
S-38               2.066186e-34    1.000000e-99    1.555935e-34    5.102509e-35 
Cl-34              1.064696e-24    1.000000e-99    8.228199e-25    2.418759e-25 
Cl-35              1.474457e-07    6.827226e-08    1.215743e-07    2.587139e-08 
Cl-36              1.200875e-10    1.000000e-99    9.210174e-11    2.798580e-11 
Cl-37              5.569193e-08    2.307865e-08    4.561237e-08    1.007955e-08 
Cl-38              3.352733e-24    1.000000e-99    2.591333e-24    7.614002e-25 
Cl-39              5.221595e-31    1.000000e-99    3.931965e-31    1.289630e-31 
Cl-40              4.407479e-46    1.000000e-99    3.318479e-46    1.088999e-46 
Ar-35              2.168243e-99    1.000000e-99    1.787303e-99   3.809408e-100 
Ar-36              3.534501e-06    1.638017e-06    2.914477e-06    6.200234e-07 
Ar-37              6.481830e-11    1.000000e-99    4.841371e-11    1.640459e-11 
Ar-38              3.464958e-07    1.575563e-07    2.853307e-07    6.116516e-08 
Ar-39              4.661033e-10    1.000000e-99    3.533460e-10    1.127573e-10 
Ar-40              1.648561e-09    2.652579e-10    1.308754e-09    3.398070e-10 
Ar-41              1.213510e-23    1.000000e-99    9.437972e-24    2.697127e-24 
Ar-42              5.612696e-15    1.000000e-99    4.065033e-15    1.547663e-15 
Ar-43              1.934851e-32    1.000000e-99    1.460928e-32    4.739231e-33 
Ar-44              8.224636e-50    1.000000e-99    6.192494e-50    2.032142e-50 
K-38               3.788710e-25    1.000000e-99    2.778153e-25    1.010557e-25 
K-39               8.476902e-08    3.903232e-08    6.987444e-08    1.489458e-08 
K-40               1.791864e-10    5.009611e-12    1.387149e-10    4.047145e-11 
K-41               6.663785e-09    2.961327e-09    5.480406e-09    1.183380e-09 
K-42               3.484375e-19    1.000000e-99    2.593755e-19    8.906196e-20 
K-43               4.939365e-23    1.000000e-99    3.854920e-23    1.084445e-23 
K-44               1.930037e-37    1.000000e-99    1.453806e-37    4.762314e-38 
K-45               3.710196e-47    1.000000e-99    2.793481e-47    9.167148e-48 
K-46               2.168243e-99    1.000000e-99    1.787303e-99   3.809408e-100 
Ca-39              2.168243e-99    1.000000e-99    1.787303e-99   3.809408e-100 
Ca-40              2.604189e-06    1.205704e-06    2.147203e-06    4.569859e-07 
Ca-41              3.317535e-10    1.000000e-99    2.539299e-10    7.782355e-11 
Ca-42              1.152152e-08    5.067885e-09    9.467958e-09    2.053567e-09 
Ca-43              2.465147e-09    1.082618e-09    2.025571e-09    4.395751e-10 
Ca-44              3.746102e-08    1.711749e-08    3.086454e-08    6.596478e-09 
Ca-45              9.256600e-16    1.000000e-99    7.203737e-16    2.052863e-16 
Ca-46              1.001171e-10    3.431555e-11    8.069174e-11    1.942539e-11 
Ca-47              1.319796e-18    1.000000e-99    1.048492e-18    2.713042e-19 
Ca-48              3.624113e-09    1.674002e-09    2.987655e-09    6.364584e-10 
Ca-49              3.990403e-28    1.000000e-99    3.056407e-28    9.339956e-29 
Sc-43              5.278695e-23    1.000000e-99    4.187960e-23    1.090736e-23 
Sc-44              7.001237e-24    1.000000e-99    5.563820e-24    1.437417e-24 
Sc-45              1.290382e-09    5.418583e-10    1.057319e-09    2.330627e-10 
Sc-46              9.846721e-16    1.000000e-99    7.740836e-16    2.105886e-16 
Sc-47              1.744617e-18    1.000000e-99    1.381064e-18    3.635528e-19 
Sc-48              8.374045e-24    1.000000e-99    6.431643e-24    1.942401e-24 
Sc-49              9.005367e-26    1.000000e-99    7.012097e-26    1.993270e-26 
Sc-50              1.661370e-38    1.000000e-99    1.250972e-38    4.103974e-39 
Ti-44              1.485296e-25    1.000000e-99    1.090879e-25    3.944173e-26 
Ti-45              2.168243e-99    1.000000e-99    1.787303e-99   3.809408e-100 
Ti-46              7.130628e-09    3.234687e-09    5.873476e-09    1.257152e-09 
Ti-47              6.464795e-09    2.979675e-09    5.329484e-09    1.135311e-09 
Ti-48              1.156971e-07    5.376501e-08    9.542291e-08    2.027421e-08 
Ti-49              5.528832e-09    2.259364e-09    4.521389e-09    1.007444e-09 
Ti-50              6.704242e-09    2.209998e-09    5.437601e-09    1.266642e-09 
Ti-51              9.164351e-27    1.000000e-99    7.066836e-27    2.097516e-27 
Ti-52              1.447058e-37    1.000000e-99    1.089960e-37    3.570979e-38 
V-47               2.595230e-27    1.000000e-99    2.037304e-27    5.579261e-28 
V-48               3.912089e-23    1.000000e-99    3.047712e-23    8.643767e-24 
V-49               2.932666e-18    1.000000e-99    2.336358e-18    5.963089e-19 
V-50               2.181261e-11    1.016393e-11    1.799352e-11    3.819086e-12 
V-51               9.027435e-09    4.141499e-09    7.439791e-09    1.587644e-09 
V-52               4.651821e-26    1.000000e-99    3.570837e-26    1.080984e-26 
V-53               5.086060e-36    1.000000e-99    3.830937e-36    1.255123e-36 
Cr-48              2.168243e-99    1.000000e-99    1.787303e-99   3.809408e-100 
Cr-49              2.168243e-99    1.000000e-99    1.787303e-99   3.809408e-100 
Cr-50              1.775281e-08    8.272808e-09    1.464461e-08    3.108205e-09 
Cr-51              4.386178e-12    1.000000e-99    3.288669e-12    1.097509e-12 
Cr-52              3.587634e-07    1.659075e-07    2.957898e-07    6.297358e-08 
Cr-53              4.147380e-08    1.917344e-08    3.419226e-08    7.281544e-09 
Cr-54              1.168644e-08    4.862314e-09    9.566360e-09    2.120081e-09 
Cr-55              2.493958e-26    1.000000e-99    1.909280e-26    5.846782e-27 
Cr-56              1.274179e-35    1.000000e-99    9.594794e-36    3.146998e-36 
Mn-51              2.570722e-29    1.000000e-99    2.012974e-29    5.577479e-30 
Mn-52              1.655629e-26    1.000000e-99    1.190458e-26    4.651707e-27 
Mn-53              8.619920e-19    1.000000e-99    6.896522e-19    1.723398e-19 
Mn-54              3.031814e-19    1.000000e-99    2.395998e-19    6.358157e-20 
Mn-55              2.371262e-07    1.099097e-07    1.955475e-07    4.157878e-08 
Mn-56              3.067447e-21    1.000000e-99    2.372507e-21    6.949406e-22 
Mn-57              9.419837e-33    1.000000e-99    7.096442e-33    2.323395e-33 
Fe-52              2.168243e-99    1.000000e-99    1.787303e-99   3.809408e-100 
Fe-53              2.168243e-99    1.000000e-99    1.787303e-99   3.809408e-100 
Fe-54              1.746167e-06    8.125526e-07    1.440293e-06    3.058733e-07 
Fe-55              2.622789e-09    1.000000e-99    2.001232e-09    6.215572e-10 
Fe-56              2.855336e-05    1.322776e-05    2.354403e-05    5.009324e-06 
Fe-57              7.070515e-07    3.109417e-07    5.807534e-07    1.262981e-07 
Fe-58              1.358852e-07    4.210661e-08    1.091271e-07    2.675813e-08 
Fe-59              5.519355e-14    1.000000e-99    4.329819e-14    1.189536e-14 
Fe-60              8.702325e-10    1.000000e-99    6.408321e-10    2.294004e-10 
Fe-61              8.042124e-27    1.000000e-99    6.137505e-27    1.904619e-27 
Co-55              6.591488e-26    1.000000e-99    5.133037e-26    1.458451e-26 
Co-56              8.914627e-25    1.000000e-99    6.780633e-25    2.133994e-25 
Co-57              2.694903e-19    1.000000e-99    2.125698e-19    5.692050e-20 
Co-58              5.490527e-22    1.000000e-99    3.920703e-22    1.569824e-22 
Co-59              9.460374e-08    3.995077e-08    7.745976e-08    1.714398e-08 
Co-60              7.786757e-12    1.000000e-99    5.644022e-12    2.142735e-12 
Co-61              1.480709e-23    1.000000e-99    1.136546e-23    3.441624e-24 
Co-62              4.388874e-35    1.000000e-99    3.304935e-35    1.083939e-35 
Co-63              6.192907e-47    1.000000e-99    4.662764e-47    1.530143e-47 
Ni-56              2.168243e-99    1.000000e-99    1.787303e-99   3.809408e-100 
Ni-57              2.168243e-99    1.000000e-99    1.787303e-99   3.809408e-100 
Ni-58              1.228738e-06    5.716115e-07    1.013486e-06    2.152521e-07 
Ni-59              1.660288e-09    1.000000e-99    1.274043e-09    3.862446e-10 
Ni-60              4.978132e-07    2.277763e-07    4.101204e-07    8.769281e-08 
Ni-61              2.520028e-08    1.006630e-08    2.057070e-08    4.629574e-09 
Ni-62              7.655539e-08    3.262192e-08    6.275682e-08    1.379858e-08 
Ni-63              1.203511e-09    1.000000e-99    9.155393e-10    2.879712e-10 
Ni-64              2.424440e-08    8.575837e-09    1.967877e-08    4.565625e-09 
Ni-65              6.485078e-22    1.000000e-99    5.017597e-22    1.467481e-22 
Ni-66              4.774621e-22    1.000000e-99    3.677000e-22    1.097621e-22 
Ni-67              2.741681e-41    1.000000e-99    2.065034e-41    6.766475e-42 
Ni-68              2.168243e-99    1.000000e-99    1.787303e-99   3.809408e-100 
Cu-60              4.855077e-32    1.000000e-99    3.702385e-32    1.152692e-32 
Cu-61              1.585961e-28    1.000000e-99    1.248052e-28    3.379095e-29 
Cu-62              4.551052e-32    1.000000e-99    3.486102e-32    1.064950e-32 
Cu-63              1.516898e-08    6.606275e-09    1.246326e-08    2.705722e-09 
Cu-64              1.392789e-17    1.000000e-99    1.119005e-17    2.737848e-18 
Cu-65              8.349028e-09    3.037412e-09    6.793879e-09    1.555149e-09 
Cu-66              1.024910e-24    1.000000e-99    7.890606e-25    2.358493e-25 
Cu-67              1.808076e-22    1.000000e-99    1.390868e-22    4.172081e-23 
Cu-68              4.594081e-39    1.000000e-99    3.460978e-39    1.133103e-39 
Cu-69              1.067323e-45    1.000000e-99    8.036152e-46    2.637078e-46 
Cu-70              2.168243e-99    1.000000e-99    1.787303e-99   3.809408e-100 
Cu-71              2.168243e-99    1.000000e-99    1.787303e-99   3.809408e-100 
Zn-62              2.168243e-99    1.000000e-99    1.787303e-99   3.809408e-100 
Zn-63              2.168243e-99    1.000000e-99    1.787303e-99   3.809408e-100 
Zn-64              2.472573e-08    1.131768e-08    2.037657e-08    4.349157e-09 
Zn-65              4.347016e-11    1.000000e-99    3.352890e-11    9.941263e-12 
Zn-66              1.602539e-08    6.696091e-09    1.313635e-08    2.889041e-09 
Zn-67              2.508002e-09    9.989226e-10    2.050574e-09    4.574283e-10 
Zn-68              1.199358e-08    4.636426e-09    9.792801e-09    2.200779e-09 
Zn-69              4.592042e-23    1.000000e-99    3.572924e-23    1.019118e-23 
Zn-70              3.417318e-10    1.578203e-10    2.816960e-10    6.003584e-11 
Zn-71              1.552929e-28    1.000000e-99    1.187732e-28    3.651968e-29 
Zn-72              1.968026e-26    1.000000e-99    1.519489e-26    4.485370e-27 
Zn-73              7.428705e-54    1.000000e-99    5.593220e-54    1.835484e-54 
Zn-74              2.168243e-99    1.000000e-99    1.787303e-99   3.809408e-100 
Ga-65              1.806867e-34    1.000000e-99    1.365145e-34    4.417212e-35 
Ga-66              5.459012e-40    1.000000e-99    3.838396e-40    1.620616e-40 
Ga-67              1.309283e-28    1.000000e-99    1.009459e-28    2.998232e-29 
Ga-68              5.845749e-34    1.000000e-99    4.446849e-34    1.398900e-34 
Ga-69              1.269268e-09    4.554638e-10    1.032818e-09    2.364503e-10 
Ga-70              1.851721e-24    1.000000e-99    1.435308e-24    4.164132e-25 
Ga-71              8.806098e-10    3.110416e-10    7.169581e-10    1.636517e-10 
Ga-72              4.166805e-19    1.000000e-99    3.313808e-19    8.529970e-20 
Ga-73              2.591550e-25    1.000000e-99    2.007755e-25    5.837955e-26 
Ga-74              9.037492e-37    1.000000e-99    6.805095e-37    2.232397e-37 
Ga-75              1.372056e-46    1.000000e-99    1.033049e-46    3.390074e-47 
Ge-66              2.168243e-99    1.000000e-99    1.787303e-99   3.809408e-100 
Ge-67              2.168243e-99    1.000000e-99    1.787303e-99   3.809408e-100 
Ge-68              2.168243e-99    1.000000e-99    1.787303e-99   3.809408e-100 
Ge-69              2.168243e-99    1.000000e-99    1.787303e-99   3.809408e-100 
Ge-70              1.567337e-09    5.161822e-10    1.270999e-09    2.963374e-10 
Ge-71              6.252752e-15    1.000000e-99    4.680703e-15    1.572049e-15 
Ge-72              2.021713e-09    6.916546e-10    1.642491e-09    3.792222e-10 
Ge-73              5.807707e-10    1.956341e-10    4.714866e-10    1.092842e-10 
Ge-74              2.993205e-09    9.236751e-10    2.421896e-09    5.713089e-10 
Ge-75              1.071218e-22    1.000000e-99    8.342522e-23    2.369653e-23 
Ge-76              4.254991e-10    1.964686e-10    3.507120e-10    7.478707e-11 
Ge-77              1.019255e-21    1.000000e-99    8.078179e-22    2.114368e-22 
Ge-78              1.341459e-30    1.000000e-99    1.010191e-30    3.312678e-31 
As-69              2.168243e-99    1.000000e-99    1.787303e-99   3.809408e-100 
As-70              2.168243e-99    1.000000e-99    1.787303e-99   3.809408e-100 
As-71              8.264719e-35    1.000000e-99    6.222676e-35    2.042043e-35 
As-72              2.168243e-99    1.000000e-99    1.787303e-99   3.809408e-100 
As-73              9.731016e-31    1.000000e-99    7.326678e-31    2.404338e-31 
As-74              1.609436e-26    1.000000e-99    1.212070e-26    3.973660e-27 
As-75              4.094183e-10    1.431312e-10    3.329548e-10    7.646342e-11 
As-76              1.259675e-19    1.000000e-99    9.946892e-20    2.649855e-20 
As-77              1.445327e-19    1.000000e-99    1.158112e-19    2.872152e-20 
As-78              1.220881e-29    1.000000e-99    9.239396e-30    2.969414e-30 
As-79              2.087140e-39    1.000000e-99    1.571665e-39    5.154750e-40 
As-80              2.168243e-99    1.000000e-99    1.787303e-99   3.809408e-100 
As-81              2.168243e-99    1.000000e-99    1.787303e-99   3.809408e-100 
Se-72              2.168243e-99    1.000000e-99    1.787303e-99   3.809408e-100 
Se-73              2.168243e-99    1.000000e-99    1.787303e-99   3.809408e-100 
Se-74              2.567809e-11    1.198965e-11    2.118499e-11    4.493099e-12 
Se-75              4.139344e-18    1.000000e-99    3.078014e-18    1.061330e-18 
Se-76              5.105438e-10    1.297302e-10    4.103764e-10    1.001673e-10 
Se-77              3.215270e-10    1.071453e-10    2.609915e-10    6.053547e-11 
Se-78              1.336510e-09    3.379353e-10    1.074505e-09    2.620047e-10 
Se-79              9.851047e-11    1.000000e-99    7.649776e-11    2.201271e-11 
Se-80              2.259909e-09    7.232795e-10    1.831423e-09    4.284861e-10 
Se-81              1.084498e-24    1.000000e-99    8.421520e-25    2.423461e-25 
Se-82              2.819553e-10    1.304821e-10    2.324585e-10    4.949678e-11 
Se-83              1.946264e-27    1.000000e-99    1.494139e-27    4.521244e-28 
Se-84              9.801616e-38    1.000000e-99    7.380775e-38    2.420841e-38 
Br-74              2.168243e-99    1.000000e-99    1.787303e-99   3.809408e-100 
Br-75              2.168243e-99    1.000000e-99    1.787303e-99   3.809408e-100 
Br-76              2.168243e-99    1.000000e-99    1.787303e-99   3.809408e-100 
Br-77              2.168243e-99    1.000000e-99    1.787303e-99   3.809408e-100 
Br-78              2.168243e-99    1.000000e-99    1.787303e-99   3.809408e-100 
Br-79              3.279592e-10    1.390555e-10    2.693684e-10    5.859083e-11 
Br-80              9.900206e-25    1.000000e-99    7.657091e-25    2.243116e-25 
Br-81              4.241210e-10    1.387166e-10    3.440086e-10    8.011237e-11 
Br-82              1.395591e-17    1.000000e-99    1.120300e-17    2.752907e-18 
Br-83              8.056502e-25    1.000000e-99    6.195820e-25    1.860682e-25 
Br-84              3.049848e-33    1.000000e-99    2.296357e-33    7.534916e-34 
Br-85              9.527375e-45    1.000000e-99    7.173845e-45    2.353530e-45 
Br-86              2.168243e-99    1.000000e-99    1.787303e-99   3.809408e-100 
Br-87              2.168243e-99    1.000000e-99    1.787303e-99   3.809408e-100 
Kr-76              2.168243e-99    1.000000e-99    1.787303e-99   3.809408e-100 
Kr-77              2.168243e-99    1.000000e-99    1.787303e-99   3.809408e-100 
Kr-78              8.360453e-12    3.903699e-12    6.897561e-12    1.462892e-12 
Kr-79              1.497099e-22    1.000000e-99    1.191848e-22    3.052509e-23 
Kr-80              6.878797e-11    2.577028e-11    5.624707e-11    1.254090e-11 
Kr-81              5.085449e-12    1.000000e-99    4.020164e-12    1.065286e-12 
Kr-82              6.424490e-10    1.320727e-10    5.140217e-10    1.284273e-10 
Kr-83              4.171799e-10    1.325358e-10    3.382338e-10    7.894613e-11 
Kr-84              2.383967e-09    6.607919e-10    1.923150e-09    4.608163e-10 
Kr-85              3.042501e-11    1.000000e-99    2.335139e-11    7.073619e-12 
Kr-86              1.992781e-09    2.046221e-10    1.565249e-09    4.275317e-10 
Kr-87              6.604082e-24    1.000000e-99    5.117402e-24    1.486680e-24 
Kr-88              3.116963e-29    1.000000e-99    2.354631e-29    7.623320e-30 
Kr-89              4.884095e-43    1.000000e-99    3.677378e-43    1.206717e-43 
Kr-90              2.168243e-99    1.000000e-99    1.787303e-99   3.809408e-100 
Rb-79              2.168243e-99    1.000000e-99    1.787303e-99   3.809408e-100 
Rb-80              2.168243e-99    1.000000e-99    1.787303e-99   3.809408e-100 
Rb-81              2.168243e-99    1.000000e-99    1.787303e-99   3.809408e-100 
Rb-82              2.168243e-99    1.000000e-99    1.787303e-99   3.809408e-100 
Rb-83              3.978543e-70    1.000000e-99    2.797433e-70    1.181109e-70 
Rb-84              4.121031e-29    1.000000e-99    3.060354e-29    1.060677e-29 
Rb-85              5.322269e-10    1.283575e-10    4.272952e-10    1.049317e-10 
Rb-86              2.029235e-15    1.000000e-99    1.607467e-15    4.217680e-16 
Rb-87              5.697061e-10    5.067309e-11    4.456868e-10    1.240193e-10 
Rb-88              1.999073e-25    1.000000e-99    1.545633e-25    4.534403e-26 
Rb-89              7.946559e-33    1.000000e-99    5.984027e-33    1.962532e-33 
Rb-90              1.154838e-41    1.000000e-99    8.695041e-42    2.853341e-42 
Rb-91              2.168243e-99    1.000000e-99    1.787303e-99   3.809408e-100 
Sr-80              2.168243e-99    1.000000e-99    1.787303e-99   3.809408e-100 
Sr-81              2.168243e-99    1.000000e-99    1.787303e-99   3.809408e-100 
Sr-82              2.168243e-99    1.000000e-99    1.787303e-99   3.809408e-100 
Sr-83              2.168243e-99    1.000000e-99    1.787303e-99   3.809408e-100 
Sr-84              6.919378e-12    3.230901e-12    5.708646e-12    1.210732e-12 
Sr-85              4.359708e-20    1.000000e-99    3.180571e-20    1.179137e-20 
Sr-86              4.134116e-10    5.849808e-11    3.291966e-10    8.421502e-11 
Sr-87              3.008542e-10    4.447112e-11    2.398328e-10    6.102134e-11 
Sr-88              5.550614e-09    5.015302e-10    4.382628e-09    1.167985e-09 
Sr-89              2.038568e-15    1.000000e-99    1.611107e-15    4.274613e-16 
Sr-90              1.057103e-11    1.000000e-99    7.977455e-12    2.593579e-12 
Sr-91              3.980206e-22    1.000000e-99    3.047012e-22    9.331940e-23 
Sr-92              2.277406e-30    1.000000e-99    1.727068e-30    5.503381e-31 
Sr-93              6.725699e-45    1.000000e-99    5.067219e-45    1.658480e-45 
Sr-94              2.168243e-99    1.000000e-99    1.787303e-99   3.809408e-100 
Y-85               2.168243e-99    1.000000e-99    1.787303e-99   3.809408e-100 
Y-86               2.168243e-99    1.000000e-99    1.787303e-99   3.809408e-100 
Y-87               2.168243e-99    1.000000e-99    1.787303e-99   3.809408e-100 
Y-88               2.168243e-99    1.000000e-99    1.787303e-99   3.809408e-100 
Y-89               1.603666e-09    1.230448e-10    1.264153e-09    3.395132e-10 
Y-90               2.771769e-15    1.000000e-99    2.095582e-15    6.761874e-16 
Y-91               5.361755e-18    1.000000e-99    4.173979e-18    1.187776e-18 
Y-92               1.628393e-28    1.000000e-99    1.279182e-28    3.492105e-29 
Y-93               7.339919e-30    1.000000e-99    5.597897e-30    1.742022e-30 
Y-94               1.778259e-44    1.000000e-99    1.338887e-44    4.393720e-45 
Y-95               2.168243e-99    1.000000e-99    1.787303e-99   3.809408e-100 
Y-96               2.168243e-99    1.000000e-99    1.787303e-99   3.809408e-100 
Zr-86              2.168243e-99    1.000000e-99    1.787303e-99   3.809408e-100 
Zr-87              2.168243e-99    1.000000e-99    1.787303e-99   3.809408e-100 
Zr-88              2.168243e-99    1.000000e-99    1.787303e-99   3.809408e-100 
Zr-89              2.168243e-99    1.000000e-99    1.787303e-99   3.809408e-100 
Zr-90              1.719418e-09    1.535741e-10    1.359239e-09    3.601788e-10 
Zr-91              4.717762e-10    3.387065e-11    3.715665e-10    1.002098e-10 
Zr-92              7.590479e-10    5.231471e-11    5.976083e-10    1.614397e-10 
Zr-93              2.342979e-10    1.000000e-99    1.829191e-10    5.137880e-11 
Zr-94              9.388038e-10    5.418147e-11    7.387353e-10    2.000684e-10 
Zr-95              1.792110e-15    1.000000e-99    1.418536e-15    3.735735e-16 
Zr-96              8.770908e-11    8.911428e-12    6.813818e-11    1.957091e-11 
Zr-97              4.981815e-20    1.000000e-99    4.019706e-20    9.621096e-21 
Zr-98              3.589550e-35    1.000000e-99    2.707194e-35    8.823559e-36 
Nb-89              2.168243e-99    1.000000e-99    1.787303e-99   3.809408e-100 
Nb-90              2.168243e-99    1.000000e-99    1.787303e-99   3.809408e-100 
Nb-91              1.838122e-30    1.000000e-99    1.464958e-30    3.731644e-31 
Nb-92              2.168243e-99    1.000000e-99    1.787303e-99   3.809408e-100 
Nb-93              4.074609e-11    1.901762e-11    3.361590e-11    7.130194e-12 
Nb-94              1.575272e-16    1.000000e-99    1.212582e-16    3.626900e-17 
Nb-95              5.165806e-16    1.000000e-99    4.071493e-16    1.094313e-16 
Nb-96              3.154706e-22    1.000000e-99    2.538109e-22    6.165967e-23 
Nb-97              3.821718e-21    1.000000e-99    3.083655e-21    7.380626e-22 
Nb-98              1.122458e-30    1.000000e-99    8.462134e-31    2.762441e-31 
Nb-99              3.097180e-40    1.000000e-99    2.332083e-40    7.650965e-41 
Mo-90              2.168243e-99    1.000000e-99    1.787303e-99   3.809408e-100 
Mo-91              2.168243e-99    1.000000e-99    1.787303e-99   3.809408e-100 
Mo-92              2.173038e-11    1.013407e-11    1.792672e-11    3.803655e-12 
Mo-93              8.825129e-15    1.000000e-99    6.842435e-15    1.982694e-15 
Mo-94              1.402483e-11    6.453319e-12    1.156296e-11    2.461864e-12 
Mo-95              1.353776e-10    1.122904e-11    1.063738e-10    2.900376e-11 
Mo-96              2.400592e-10    1.188573e-11    1.885328e-10    5.152641e-11 
Mo-97              8.446665e-11    6.881453e-12    6.661805e-11    1.784860e-11 
Mo-98              2.595456e-10    1.755936e-11    2.047844e-10    5.476123e-11 
Mo-99              6.616358e-17    1.000000e-99    5.306650e-17    1.309708e-17 
Mo-100             2.707144e-11    7.152491e-12    2.167662e-11    5.394818e-12 
Mo-101             2.531608e-26    1.000000e-99    1.949995e-26    5.816128e-27 
Mo-102             5.774239e-34    1.000000e-99    4.347845e-34    1.426393e-34 
Tc-93              2.168243e-99    1.000000e-99    1.787303e-99   3.809408e-100 
Tc-94              2.168243e-99    1.000000e-99    1.787303e-99   3.809408e-100 
Tc-95              2.168243e-99    1.000000e-99    1.787303e-99   3.809408e-100 
Tc-96              2.168243e-99    1.000000e-99    1.787303e-99   3.809408e-100 
Tc-97              1.680301e-16    1.000000e-99    1.333120e-16    3.471810e-17 
Tc-98              2.597011e-17    1.000000e-99    2.039882e-17    5.571291e-18 
Tc-99              2.807944e-11    1.000000e-99    2.197174e-11    6.107703e-12 
Tc-100             2.562962e-27    1.000000e-99    1.973645e-27    5.893174e-28 
Tc-101             4.774179e-26    1.000000e-99    3.686486e-26    1.087693e-26 
Tc-102             2.951912e-34    1.000000e-99    2.223012e-34    7.288998e-35 
Tc-103             2.653929e-42    1.000000e-99    1.998202e-42    6.557269e-43 
Tc-104             2.168243e-99    1.000000e-99    1.787303e-99   3.809408e-100 
Tc-105             2.168243e-99    1.000000e-99    1.787303e-99   3.809408e-100 
Ru-94              2.168243e-99    1.000000e-99    1.787303e-99   3.809408e-100 
Ru-95              2.168243e-99    1.000000e-99    1.787303e-99   3.809408e-100 
Ru-96              6.271822e-12    2.928269e-12    5.174378e-12    1.097444e-12 
Ru-97              1.212205e-21    1.000000e-99    9.589245e-22    2.532804e-22 
Ru-98              2.161131e-12    1.008004e-12    1.782882e-12    3.782488e-13 
Ru-99              1.611081e-11    6.951645e-12    1.324569e-11    2.865121e-12 
Ru-100             1.176851e-10    6.934131e-12    9.286176e-11    2.482335e-11 
Ru-101             4.370697e-11    9.483608e-12    3.508127e-11    8.625708e-12 
Ru-102             1.877720e-10    1.771328e-11    1.486378e-10    3.913423e-11 
Ru-103             2.880198e-17    1.000000e-99    2.308620e-17    5.715777e-18 
Ru-104             3.152173e-11    1.065883e-11    2.551347e-11    6.008261e-12 
Ru-105             9.064817e-23    1.000000e-99    7.042549e-23    2.022268e-23 
Ru-106             1.303637e-19    1.000000e-99    7.399848e-20    5.636523e-20 
Rh-98              2.168243e-99    1.000000e-99    1.787303e-99   3.809408e-100 
Rh-99              2.168243e-99    1.000000e-99    1.787303e-99   3.809408e-100 
Rh-100             2.168243e-99    1.000000e-99    1.787303e-99   3.809408e-100 
Rh-101             2.168243e-99    1.000000e-99    1.787303e-99   3.809408e-100 
Rh-102             2.168243e-99    1.000000e-99    1.787303e-99   3.809408e-100 
Rh-103             4.954124e-11    1.055627e-11    3.973884e-11    9.802399e-12 
Rh-104             7.288531e-27    1.000000e-99    5.616088e-27    1.672443e-27 
Rh-105             9.032173e-19    1.000000e-99    7.270753e-19    1.761420e-19 
Rh-106             1.280309e-25    1.000000e-99    7.294795e-26    5.508298e-26 
Rh-107             1.386692e-36    1.000000e-99    1.046478e-36    3.402144e-37 
Rh-108             1.480104e-45    1.000000e-99    1.114400e-45    3.657040e-46 
Pd-99              2.168243e-99    1.000000e-99    1.787303e-99   3.809408e-100 
Pd-100             2.168243e-99    1.000000e-99    1.787303e-99   3.809408e-100 
Pd-101             2.168243e-99    1.000000e-99    1.787303e-99   3.809408e-100 
Pd-102             9.091103e-13    4.244959e-13    7.500369e-13    1.590734e-13 
Pd-103             1.155461e-22    1.000000e-99    9.140034e-23    2.414572e-23 
Pd-104             8.957621e-11    4.727067e-12    7.060120e-11    1.897501e-11 
Pd-105             4.219674e-11    9.566459e-12    3.389339e-11    8.303352e-12 
Pd-106             1.237773e-10    1.182003e-11    9.792967e-11    2.584759e-11 
Pd-107             1.953662e-11    1.000000e-99    1.528848e-11    4.248147e-12 
Pd-108             1.504305e-10    1.165968e-11    1.187591e-10    3.167135e-11 
Pd-109             3.939079e-19    1.000000e-99    3.143715e-19    7.953641e-20 
Pd-110             2.264158e-11    5.260094e-12    1.801386e-11    4.627728e-12 
Pd-111             9.448465e-26    1.000000e-99    7.277620e-26    2.170845e-26 
Pd-112             3.563598e-25    1.000000e-99    2.827544e-25    7.360537e-26 
Ag-101             2.168243e-99    1.000000e-99    1.787303e-99   3.809408e-100 
Ag-102             2.168243e-99    1.000000e-99    1.787303e-99   3.809408e-100 
Ag-103             2.168243e-99    1.000000e-99    1.787303e-99   3.809408e-100 
Ag-104             2.168243e-99    1.000000e-99    1.787303e-99   3.809408e-100 
Ag-105             2.168243e-99    1.000000e-99    1.787303e-99   3.809408e-100 
Ag-106             2.168243e-99    1.000000e-99    1.787303e-99   3.809408e-100 
Ag-107             1.681048e-11    7.847210e-12    1.386885e-11    2.941625e-12 
Ag-108             2.090659e-29    1.000000e-99    1.622222e-29    4.684373e-30 
Ag-109             5.199531e-11    7.426657e-12    4.135500e-11    1.064031e-11 
Ag-110             1.190102e-26    1.000000e-99    9.164117e-27    2.736906e-27 
Ag-111             2.813455e-17    1.000000e-99    2.247034e-17    5.664218e-18 
Ag-112             4.500907e-26    1.000000e-99    3.560976e-26    9.399310e-27 
Ag-113             9.535936e-36    1.000000e-99    7.195795e-36    2.340141e-36 
Cd-102             2.168243e-99    1.000000e-99    1.787303e-99   3.809408e-100 
Cd-103             2.168243e-99    1.000000e-99    1.787303e-99   3.809408e-100 
Cd-104             2.168243e-99    1.000000e-99    1.787303e-99   3.809408e-100 
Cd-105             2.168243e-99    1.000000e-99    1.787303e-99   3.809408e-100 
Cd-106             1.360312e-12    6.351687e-13    1.122288e-12    2.380238e-13 
Cd-107             4.863564e-26    1.000000e-99    3.822318e-26    1.041246e-26 
Cd-108             9.953179e-13    4.607729e-13    8.208936e-13    1.744244e-13 
Cd-109             7.836040e-17    1.000000e-99    6.092318e-17    1.743722e-17 
Cd-110             1.175467e-10    6.586100e-12    9.263584e-11    2.491089e-11 
Cd-111             5.136011e-11    6.810926e-12    4.079481e-11    1.056530e-11 
Cd-112             1.685935e-10    1.295533e-11    1.330301e-10    3.556343e-11 
Cd-113             5.574952e-11    6.619464e-12    4.420901e-11    1.154051e-11 
Cd-114             2.427036e-10    1.570051e-11    1.912294e-10    5.147418e-11 
Cd-115             1.657873e-15    1.000000e-99    1.312585e-15    3.452877e-16 
Cd-116             3.358751e-11    4.164981e-12    2.623409e-11    7.353412e-12 
Cd-117             3.514756e-23    1.000000e-99    2.724548e-23    7.902079e-24 
Cd-118             2.913357e-30    1.000000e-99    2.194224e-30    7.191333e-31 
In-106             2.168243e-99    1.000000e-99    1.787303e-99   3.809408e-100 
In-107             2.168243e-99    1.000000e-99    1.787303e-99   3.809408e-100 
In-108             2.168243e-99    1.000000e-99    1.787303e-99   3.809408e-100 
In-109             2.168243e-99    1.000000e-99    1.787303e-99   3.809408e-100 
In-110             2.168243e-99    1.000000e-99    1.787303e-99   3.809408e-100 
In-111             2.168243e-99    1.000000e-99    1.787303e-99   3.809408e-100 
In-112             2.168243e-99    1.000000e-99    1.787303e-99   3.809408e-100 
In-113             5.582924e-13    2.606192e-13    4.605986e-13    9.769378e-14 
In-114             3.984679e-31    1.000000e-99    3.072018e-31    9.126610e-32 
In-115             5.436063e-11    5.920214e-12    4.303808e-11    1.132255e-11 
In-116             3.051317e-27    1.000000e-99    2.348799e-27    7.025180e-28 
In-117             1.425810e-23    1.000000e-99    1.105301e-23    3.205088e-24 
In-118             2.611445e-31    1.000000e-99    1.970679e-31    6.407660e-32 
In-119             7.017968e-39    1.000000e-99    5.284138e-39    1.733829e-39 
Sn-108             2.168243e-99    1.000000e-99    1.787303e-99   3.809408e-100 
Sn-109             2.168243e-99    1.000000e-99    1.787303e-99   3.809408e-100 
Sn-110             2.168243e-99    1.000000e-99    1.787303e-99   3.809408e-100 
Sn-111             2.168243e-99    1.000000e-99    1.787303e-99   3.809408e-100 
Sn-112             2.617523e-12    1.222110e-12    2.159509e-12    4.580139e-13 
Sn-113             4.794372e-21    1.000000e-99    3.785728e-21    1.008644e-21 
Sn-114             1.811231e-12    8.442352e-13    1.494169e-12    3.170629e-13 
Sn-115             9.401043e-13    4.380975e-13    7.755245e-13    1.645798e-13 
Sn-116             3.096177e-10    1.894855e-11    2.440919e-10    6.552578e-11 
Sn-117             1.106705e-10    1.009239e-11    8.745451e-11    2.321595e-11 
Sn-118             5.043074e-10    3.212056e-11    3.971985e-10    1.071089e-10 
Sn-119             1.571728e-10    1.148049e-11    1.239421e-10    3.323074e-11 
Sn-120             7.872789e-10    4.395201e-11    6.195032e-10    1.677756e-10 
Sn-121             3.999339e-17    1.000000e-99    3.212960e-17    7.863792e-18 
Sn-122             7.365759e-11    6.346294e-12    5.732647e-11    1.633112e-11 
Sn-123             8.552454e-18    1.000000e-99    6.842235e-18    1.710219e-18 
Sn-124             1.773283e-11    8.066747e-12    1.458956e-11    3.143269e-12 
Sn-125             3.608951e-21    1.000000e-99    2.914357e-21    6.945944e-22 
Sn-126             4.255875e-16    1.000000e-99    2.901057e-16    1.354818e-16 
Sn-127             8.053372e-31    1.000000e-99    6.129655e-31    1.923717e-31 
Sn-128             5.347539e-41    1.000000e-99    4.026437e-41    1.321102e-41 
Sn-129             2.168243e-99    1.000000e-99    1.787303e-99   3.809408e-100 
Sn-130             2.168243e-99    1.000000e-99    1.787303e-99   3.809408e-100 
Sb-112             2.168243e-99    1.000000e-99    1.787303e-99   3.809408e-100 
Sb-113             2.168243e-99    1.000000e-99    1.787303e-99   3.809408e-100 
Sb-114             2.168243e-99    1.000000e-99    1.787303e-99   3.809408e-100 
Sb-115             2.168243e-99    1.000000e-99    1.787303e-99   3.809408e-100 
Sb-116             2.168243e-99    1.000000e-99    1.787303e-99   3.809408e-100 
Sb-117             2.168243e-99    1.000000e-99    1.787303e-99   3.809408e-100 
Sb-118             2.168243e-99    1.000000e-99    1.787303e-99   3.809408e-100 
Sb-119             2.168243e-99    1.000000e-99    1.787303e-99   3.809408e-100 
Sb-120             2.168243e-99    1.000000e-99    1.787303e-99   3.809408e-100 
Sb-121             6.763610e-11    6.323438e-12    5.343145e-11    1.420465e-11 
Sb-122             7.081155e-17    1.000000e-99    5.683558e-17    1.397597e-17 
Sb-123             2.045509e-11    4.807177e-12    1.630995e-11    4.145141e-12 
Sb-124             3.616961e-23    1.000000e-99    2.816664e-23    8.002968e-24 
Sb-125             2.720648e-16    1.000000e-99    1.936540e-16    7.841080e-17 
Sb-126             1.078476e-22    1.000000e-99    7.129285e-23    3.655478e-23 
Sb-127             3.492245e-23    1.000000e-99    2.790410e-23    7.018344e-24 
Sb-128             2.235830e-35    1.000000e-99    1.701492e-35    5.343378e-36 
Sb-129             2.470959e-44    1.000000e-99    1.860435e-44    6.105244e-45 
Sb-130             2.168243e-99    1.000000e-99    1.787303e-99   3.809408e-100 
Sb-131             2.168243e-99    1.000000e-99    1.787303e-99   3.809408e-100 
Sb-132             2.168243e-99    1.000000e-99    1.787303e-99   3.809408e-100 
Sb-133             2.168243e-99    1.000000e-99    1.787303e-99   3.809408e-100 
Te-114             2.168243e-99    1.000000e-99    1.787303e-99   3.809408e-100 
Te-115             2.168243e-99    1.000000e-99    1.787303e-99   3.809408e-100 
Te-116             2.168243e-99    1.000000e-99    1.787303e-99   3.809408e-100 
Te-117             2.168243e-99    1.000000e-99    1.787303e-99   3.809408e-100 
Te-118             2.168243e-99    1.000000e-99    1.787303e-99   3.809408e-100 
Te-119             2.168243e-99    1.000000e-99    1.787303e-99   3.809408e-100 
Te-120             3.490313e-13    1.629768e-13    2.879589e-13    6.107237e-14 
Te-121             1.739746e-23    1.000000e-99    1.376047e-23    3.636994e-24 
Te-122             9.548354e-11    4.492698e-12    7.512366e-11    2.035988e-11 
Te-123             3.338345e-11    1.580026e-12    2.628095e-11    7.102496e-12 
Te-124             1.885862e-10    8.448534e-12    1.482572e-10    4.032906e-11 
Te-125             8.357281e-11    1.262469e-11    6.653213e-11    1.704068e-11 
Te-126             3.972203e-10    3.378304e-11    3.139107e-10    8.330964e-11 
Te-127             9.521416e-20    1.000000e-99    7.539986e-20    1.981429e-20 
Te-128             1.561848e-10    5.738049e-11    1.270933e-10    2.909145e-11 
Te-129             1.750853e-24    1.000000e-99    1.361699e-24    3.891531e-25 
Te-130             1.341301e-10    6.216134e-11    1.105952e-10    2.353493e-11 
Te-131             1.439587e-27    1.000000e-99    1.105513e-27    3.340737e-28 
Te-132             8.967313e-26    1.000000e-99    6.890450e-26    2.076863e-26 
Te-133             2.599255e-43    1.000000e-99    1.957126e-43    6.421287e-44 
Te-134             2.168243e-99    1.000000e-99    1.787303e-99   3.809408e-100 
I-117              2.168243e-99    1.000000e-99    1.787303e-99   3.809408e-100 
I-118              2.168243e-99    1.000000e-99    1.787303e-99   3.809408e-100 
I-119              2.168243e-99    1.000000e-99    1.787303e-99   3.809408e-100 
I-120              2.168243e-99    1.000000e-99    1.787303e-99   3.809408e-100 
I-121              2.168243e-99    1.000000e-99    1.787303e-99   3.809408e-100 
I-122              2.168243e-99    1.000000e-99    1.787303e-99   3.809408e-100 
I-123              2.168243e-99    1.000000e-99    1.787303e-99   3.809408e-100 
I-124              2.168243e-99    1.000000e-99    1.787303e-99   3.809408e-100 
I-125              4.850372e-23    1.000000e-99    3.773954e-23    1.076418e-23 
I-126              8.334742e-27    1.000000e-99    6.356375e-27    1.978367e-27 
I-127              7.427635e-11    1.460417e-11    5.944869e-11    1.482767e-11 
I-128              1.976633e-24    1.000000e-99    1.542618e-24    4.340149e-25 
I-129              5.183025e-13    1.000000e-99    3.874955e-13    1.308070e-13 
I-130              4.427599e-23    1.000000e-99    3.390759e-23    1.036839e-23 
I-131              3.721983e-19    1.000000e-99    2.936054e-19    7.859291e-20 
I-132              2.760523e-27    1.000000e-99    2.123760e-27    6.367624e-28 
I-133              7.719697e-29    1.000000e-99    5.855909e-29    1.863788e-29 
I-134              1.084847e-44    1.000000e-99    8.168034e-45    2.680440e-45 
I-135              7.736407e-47    1.000000e-99    5.824897e-47    1.911511e-47 
Xe-118             2.168243e-99    1.000000e-99    1.787303e-99   3.809408e-100 
Xe-119             2.168243e-99    1.000000e-99    1.787303e-99   3.809408e-100 
Xe-120             2.168243e-99    1.000000e-99    1.787303e-99   3.809408e-100 
Xe-121             2.168243e-99    1.000000e-99    1.787303e-99   3.809408e-100 
Xe-122             2.168243e-99    1.000000e-99    1.787303e-99   3.809408e-100 
Xe-123             2.168243e-99    1.000000e-99    1.787303e-99   3.809408e-100 
Xe-124             4.736113e-13    2.211488e-13    3.907403e-13    8.287095e-14 
Xe-125             2.201259e-25    1.000000e-99    1.741636e-25    4.596233e-26 
Xe-126             4.178434e-13    1.951020e-13    3.447302e-13    7.311321e-14 
Xe-127             2.340719e-22    1.000000e-99    1.833362e-22    5.073571e-23 
Xe-128             1.108383e-10    3.946281e-12    8.712221e-11    2.371612e-11 
Xe-129             1.483674e-10    4.897376e-11    1.205540e-10    2.781341e-11 
Xe-130             2.367816e-10    7.872101e-12    1.860007e-10    5.078086e-11 
Xe-131             1.690435e-10    3.948217e-11    1.358648e-10    3.317865e-11 
Xe-132             5.537319e-10    4.810526e-11    4.374878e-10    1.162440e-10 
Xe-133             2.415913e-16    1.000000e-99    1.931725e-16    4.841880e-17 
Xe-134             8.060598e-11    1.789596e-11    6.389337e-11    1.671261e-11 
Xe-135             2.833237e-21    1.000000e-99    2.254844e-21    5.783933e-22 
Xe-136             3.284971e-11    1.479745e-11    2.702950e-11    5.820209e-12 
Xe-137             6.022033e-30    1.000000e-99    4.609660e-30    1.412374e-30 
Xe-138             4.350801e-40    1.000000e-99    3.275904e-40    1.074897e-40 
Cs-123             2.168243e-99    1.000000e-99    1.787303e-99   3.809408e-100 
Cs-124             2.168243e-99    1.000000e-99    1.787303e-99   3.809408e-100 
Cs-125             2.168243e-99    1.000000e-99    1.787303e-99   3.809408e-100 
Cs-126             2.168243e-99    1.000000e-99    1.787303e-99   3.809408e-100 
Cs-127             2.168243e-99    1.000000e-99    1.787303e-99   3.809408e-100 
Cs-128             2.168243e-99    1.000000e-99    1.787303e-99   3.809408e-100 
Cs-129             2.168243e-99    1.000000e-99    1.787303e-99   3.809408e-100 
Cs-130             2.168243e-99    1.000000e-99    1.787303e-99   3.809408e-100 
Cs-131             1.007583e-23    1.000000e-99    7.887555e-24    2.188275e-24 
Cs-132             4.717596e-28    1.000000e-99    3.596097e-28    1.121499e-28 
Cs-133             9.265272e-11    1.427331e-11    7.373023e-11    1.892248e-11 
Cs-134             4.822917e-15    1.000000e-99    3.708273e-15    1.114644e-15 
Cs-135             4.393512e-11    1.000000e-99    3.393174e-11    1.000339e-11 
Cs-136             2.432167e-16    1.000000e-99    1.936686e-16    4.954820e-17 
Cs-137             1.306344e-11    1.000000e-99    9.768761e-12    3.294681e-12 
Cs-138             5.187731e-27    1.000000e-99    4.106249e-27    1.081481e-27 
Cs-139             3.453220e-37    1.000000e-99    2.609698e-37    8.435226e-38 
Ba-124             2.168243e-99    1.000000e-99    1.787303e-99   3.809408e-100 
Ba-125             2.168243e-99    1.000000e-99    1.787303e-99   3.809408e-100 
Ba-126             2.168243e-99    1.000000e-99    1.787303e-99   3.809408e-100 
Ba-127             2.168243e-99    1.000000e-99    1.787303e-99   3.809408e-100 
Ba-128             2.168243e-99    1.000000e-99    1.787303e-99   3.809408e-100 
Ba-129             2.168243e-99    1.000000e-99    1.787303e-99   3.809408e-100 
Ba-130             3.889011e-13    1.815943e-13    3.208524e-13    6.804864e-14 
Ba-131             1.675469e-23    1.000000e-99    1.314732e-23    3.607371e-24 
Ba-132             3.777233e-13    1.763712e-13    3.116303e-13    6.609296e-14 
Ba-133             1.967217e-22    1.000000e-99    1.520879e-22    4.463388e-23 
Ba-134             1.569306e-10    4.276167e-12    1.233902e-10    3.354032e-11 
Ba-135             7.449818e-11    1.174963e-11    5.948013e-11    1.501806e-11 
Ba-136             4.915175e-10    1.410093e-11    3.861342e-10    1.053832e-10 
Ba-137             4.410443e-10    2.031659e-11    3.465537e-10    9.449063e-11 
Ba-138             6.288733e-09    1.306368e-10    4.927251e-09    1.361482e-09 
Ba-139             6.944267e-23    1.000000e-99    5.435457e-23    1.508810e-23 
Ba-140             2.980680e-21    1.000000e-99    2.283808e-21    6.968714e-22 
Ba-141             2.020349e-38    1.000000e-99    1.523036e-38    4.973129e-39 
Ba-142             4.338136e-52    1.000000e-99    3.266270e-52    1.071866e-52 
La-127             2.168243e-99    1.000000e-99    1.787303e-99   3.809408e-100 
La-128             2.168243e-99    1.000000e-99    1.787303e-99   3.809408e-100 
La-129             2.168243e-99    1.000000e-99    1.787303e-99   3.809408e-100 
La-130             2.168243e-99    1.000000e-99    1.787303e-99   3.809408e-100 
La-131             2.168243e-99    1.000000e-99    1.787303e-99   3.809408e-100 
La-132             2.168243e-99    1.000000e-99    1.787303e-99   3.809408e-100 
La-133             2.168243e-99    1.000000e-99    1.787303e-99   3.809408e-100 
La-134             2.168243e-99    1.000000e-99    1.787303e-99   3.809408e-100 
La-135             2.168243e-99    1.000000e-99    1.787303e-99   3.809408e-100 
La-136             2.168243e-99    1.000000e-99    1.787303e-99   3.809408e-100 
La-137             2.054576e-21    1.000000e-99    1.070126e-21    9.844491e-22 
La-138             3.422897e-14    1.605515e-14    2.823988e-14    5.989092e-15 
La-139             7.652610e-10    1.791828e-11    5.997103e-10    1.655507e-10 
La-140             1.977651e-17    1.000000e-99    1.591269e-17    3.863820e-18 
La-141             1.792590e-25    1.000000e-99    1.393472e-25    3.991181e-26 
La-142             6.754557e-33    1.000000e-99    5.087482e-33    1.667075e-33 
La-143             3.655311e-42    1.000000e-99    2.752552e-42    9.027593e-43 
Ce-130             2.168243e-99    1.000000e-99    1.787303e-99   3.809408e-100 
Ce-131             2.168243e-99    1.000000e-99    1.787303e-99   3.809408e-100 
Ce-132             2.168243e-99    1.000000e-99    1.787303e-99   3.809408e-100 
Ce-133             2.168243e-99    1.000000e-99    1.787303e-99   3.809408e-100 
Ce-134             2.168243e-99    1.000000e-99    1.787303e-99   3.809408e-100 
Ce-135             2.168243e-99    1.000000e-99    1.787303e-99   3.809408e-100 
Ce-136             1.796698e-13    8.389287e-14    1.482316e-13    3.143816e-14 
Ce-137             7.531519e-27    1.000000e-99    5.917736e-27    1.613783e-27 
Ce-138             2.461315e-13    1.148751e-13    2.030620e-13    4.306948e-14 
Ce-139             2.245629e-20    1.000000e-99    1.616847e-20    6.287821e-21 
Ce-140             2.320939e-09    4.106711e-11    1.818273e-09    5.026658e-10 
Ce-141             1.344853e-15    1.000000e-99    1.065587e-15    2.792663e-16 
Ce-142             8.046370e-11    5.233978e-12    6.206482e-11    1.839888e-11 
Ce-143             1.154203e-18    1.000000e-99    9.357530e-19    2.184495e-19 
Ce-144             1.036535e-18    1.000000e-99    7.073634e-19    3.291711e-19 
Ce-145             1.001823e-37    1.000000e-99    7.376502e-38    2.641731e-38 
Ce-146             5.681762e-42    1.000000e-99    4.277952e-42    1.403809e-42 
Pr-133             2.168243e-99    1.000000e-99    1.787303e-99   3.809408e-100 
Pr-134             2.168243e-99    1.000000e-99    1.787303e-99   3.809408e-100 
Pr-135             2.168243e-99    1.000000e-99    1.787303e-99   3.809408e-100 
Pr-136             2.168243e-99    1.000000e-99    1.787303e-99   3.809408e-100 
Pr-137             2.168243e-99    1.000000e-99    1.787303e-99   3.809408e-100 
Pr-138             2.168243e-99    1.000000e-99    1.787303e-99   3.809408e-100 
Pr-139             2.168243e-99    1.000000e-99    1.787303e-99   3.809408e-100 
Pr-140             2.168243e-99    1.000000e-99    1.787303e-99   3.809408e-100 
Pr-141             2.418242e-10    6.916594e-12    1.893065e-10    5.251767e-11 
Pr-142             2.175549e-17    1.000000e-99    1.750126e-17    4.254232e-18 
Pr-143             7.352826e-17    1.000000e-99    5.870049e-17    1.482778e-17 
Pr-144             4.376128e-23    1.000000e-99    2.986411e-23    1.389718e-23 
Pr-145             2.059365e-29    1.000000e-99    1.530309e-29    5.290559e-30 
Pr-146             1.314281e-39    1.000000e-99    9.896089e-40    3.246721e-40 
Pr-147             4.538454e-43    1.000000e-99    3.419759e-43    1.118695e-43 
Pr-148             2.168243e-99    1.000000e-99    1.787303e-99   3.809408e-100 
Pr-149             2.168243e-99    1.000000e-99    1.787303e-99   3.809408e-100 
Nd-134             2.168243e-99    1.000000e-99    1.787303e-99   3.809408e-100 
Nd-135             2.168243e-99    1.000000e-99    1.787303e-99   3.809408e-100 
Nd-136             2.168243e-99    1.000000e-99    1.787303e-99   3.809408e-100 
Nd-137             2.168243e-99    1.000000e-99    1.787303e-99   3.809408e-100 
Nd-138             2.168243e-99    1.000000e-99    1.787303e-99   3.809408e-100 
Nd-139             2.168243e-99    1.000000e-99    1.787303e-99   3.809408e-100 
Nd-140             2.168243e-99    1.000000e-99    1.787303e-99   3.809408e-100 
Nd-141             5.260712e-35    1.000000e-99    3.962079e-35    1.298633e-35 
Nd-142             6.168942e-10    9.928675e-12    4.842070e-10    1.326872e-10 
Nd-143             1.042522e-10    4.487588e-12    8.184026e-11    2.241197e-11 
Nd-144             3.326148e-10    8.834047e-12    2.605341e-10    7.208067e-11 
Nd-145             6.471383e-11    3.098270e-12    5.081085e-11    1.390297e-11 
Nd-146             3.018527e-10    6.453515e-12    2.363708e-10    6.548183e-11 
Nd-147             5.648482e-16    1.000000e-99    4.496533e-16    1.151949e-16 
Nd-148             4.084305e-11    2.186990e-12    3.176688e-11    9.076168e-12 
Nd-149             3.115147e-23    1.000000e-99    2.418854e-23    6.962931e-24 
Nd-150             5.069126e-12    2.170205e-12    4.147522e-12    9.216044e-13 
Nd-151             1.162898e-27    1.000000e-99    8.904784e-28    2.724193e-28 
Nd-152             2.436555e-35    1.000000e-99    1.834621e-35    6.019337e-36 
Pm-137             2.168243e-99    1.000000e-99    1.787303e-99   3.809408e-100 
Pm-138             2.168243e-99    1.000000e-99    1.787303e-99   3.809408e-100 
Pm-139             2.168243e-99    1.000000e-99    1.787303e-99   3.809408e-100 
Pm-140             2.168243e-99    1.000000e-99    1.787303e-99   3.809408e-100 
Pm-141             2.168243e-99    1.000000e-99    1.787303e-99   3.809408e-100 
Pm-142             2.168243e-99    1.000000e-99    1.787303e-99   3.809408e-100 
Pm-143             2.168243e-99    1.000000e-99    1.787303e-99   3.809408e-100 
Pm-144             2.168243e-99    1.000000e-99    1.787303e-99   3.809408e-100 
Pm-145             1.903406e-17    1.000000e-99    1.463135e-17    4.402710e-18 
Pm-146             2.804173e-21    1.000000e-99    2.147172e-21    6.570006e-22 
Pm-147             5.684412e-14    1.000000e-99    4.151206e-14    1.533205e-14 
Pm-148             7.201579e-19    1.000000e-99    5.632977e-19    1.568603e-19 
Pm-149             9.944298e-18    1.000000e-99    7.998102e-18    1.946197e-18 
Pm-150             6.921971e-26    1.000000e-99    5.317104e-26    1.604866e-26 
Pm-151             2.605959e-20    1.000000e-99    2.114815e-20    4.911440e-21 
Pm-152             7.050781e-32    1.000000e-99    5.341278e-32    1.709504e-32 
Pm-153             3.533204e-39    1.000000e-99    2.660509e-39    8.726951e-40 
Pm-154             1.307445e-49    1.000000e-99    9.844015e-50    3.230433e-50 
Sm-140             2.168243e-99    1.000000e-99    1.787303e-99   3.809408e-100 
Sm-141             2.168243e-99    1.000000e-99    1.787303e-99   3.809408e-100 
Sm-142             2.168243e-99    1.000000e-99    1.787303e-99   3.809408e-100 
Sm-143             2.168243e-99    1.000000e-99    1.787303e-99   3.809408e-100 
Sm-144             7.903058e-13    3.686844e-13    6.519867e-13    1.383190e-13 
Sm-145             4.576375e-19    1.000000e-99    3.338503e-19    1.237872e-19 
Sm-146             3.005825e-16    1.000000e-99    2.332495e-16    6.733297e-17 
Sm-147             3.579492e-11    1.836076e-12    2.809780e-11    7.697112e-12 
Sm-148             7.383231e-11    1.385876e-12    5.807759e-11    1.575473e-11 
Sm-149             1.644307e-11    1.715272e-12    1.300305e-11    3.440020e-12 
Sm-150             6.024127e-11    9.221409e-13    4.715922e-11    1.308205e-11 
Sm-151             3.560629e-12    1.000000e-99    2.758959e-12    8.016700e-13 
Sm-152             5.765415e-11    3.386198e-12    4.533627e-11    1.231788e-11 
Sm-153             2.091943e-17    1.000000e-99    1.682883e-17    4.090595e-18 
Sm-154             2.125650e-11    2.918862e-12    1.670047e-11    4.556036e-12 
Sm-155             1.621460e-25    1.000000e-99    1.251219e-25    3.702419e-26 
Sm-156             3.527478e-26    1.000000e-99    2.781886e-26    7.455926e-27 
Sm-157             6.254745e-39    1.000000e-99    4.709636e-39    1.545109e-39 
Sm-158             4.678276e-50    1.000000e-99    3.522368e-50    1.155908e-50 
Eu-143             2.168243e-99    1.000000e-99    1.787303e-99   3.809408e-100 
Eu-144             2.168243e-99    1.000000e-99    1.787303e-99   3.809408e-100 
Eu-145             2.168243e-99    1.000000e-99    1.787303e-99   3.809408e-100 
Eu-146             2.168243e-99    1.000000e-99    1.787303e-99   3.809408e-100 
Eu-147             2.168243e-99    1.000000e-99    1.787303e-99   3.809408e-100 
Eu-148             2.168243e-99    1.000000e-99    1.787303e-99   3.809408e-100 
Eu-149             2.168243e-99    1.000000e-99    1.787303e-99   3.809408e-100 
Eu-150             2.168243e-99    1.000000e-99    1.787303e-99   3.809408e-100 
Eu-151             9.060116e-12    2.037834e-12    7.286525e-12    1.773590e-12 
Eu-152             4.541058e-15    1.000000e-99    3.537495e-15    1.003563e-15 
Eu-153             1.452560e-11    2.253990e-12    1.155228e-11    2.973317e-12 
Eu-154             1.165427e-14    1.000000e-99    8.804715e-15    2.849552e-15 
Eu-155             4.170804e-14    1.000000e-99    3.066453e-14    1.104351e-14 
Eu-156             2.327673e-23    1.000000e-99    1.676557e-23    6.511162e-24 
Eu-157             1.005426e-25    1.000000e-99    7.750828e-26    2.303429e-26 
Eu-158             1.764892e-38    1.000000e-99    1.331516e-38    4.333755e-39 
Eu-159             2.417910e-44    1.000000e-99    1.820495e-44    5.974148e-45 
Gd-144             2.168243e-99    1.000000e-99    1.787303e-99   3.809408e-100 
Gd-145             2.168243e-99    1.000000e-99    1.787303e-99   3.809408e-100 
Gd-146             2.168243e-99    1.000000e-99    1.787303e-99   3.809408e-100 
Gd-147             2.168243e-99    1.000000e-99    1.787303e-99   3.809408e-100 
Gd-148             2.168243e-99    1.000000e-99    1.787303e-99   3.809408e-100 
Gd-149             2.168243e-99    1.000000e-99    1.787303e-99   3.809408e-100 
Gd-150             2.168243e-99    1.000000e-99    1.787303e-99   3.809408e-100 
Gd-151             2.168243e-99    1.000000e-99    1.787303e-99   3.809408e-100 
Gd-152             1.501601e-12    2.949842e-14    1.184105e-12    3.174962e-13 
Gd-153             1.540126e-15    1.000000e-99    1.181085e-15    3.590414e-16 
Gd-154             2.212547e-11    3.212400e-13    1.734423e-11    4.781244e-12 
Gd-155             1.610206e-11    2.194122e-12    1.275574e-11    3.346313e-12 
Gd-156             4.982262e-11    3.053791e-12    3.917190e-11    1.065073e-11 
Gd-157             2.467295e-11    2.350375e-12    1.947459e-11    5.198358e-12 
Gd-158             8.739642e-11    3.753092e-12    6.857931e-11    1.881711e-11 
Gd-159             1.495579e-18    1.000000e-99    1.201248e-18    2.943305e-19 
Gd-160             1.773343e-11    3.345899e-12    1.400467e-11    3.728761e-12 
Gd-161             4.731102e-27    1.000000e-99    3.619263e-27    1.111840e-27 
Gd-162             1.266313e-34    1.000000e-99    9.535323e-35    3.127805e-35 
Tb-147             2.168243e-99    1.000000e-99    1.787303e-99   3.809408e-100 
Tb-148             2.168243e-99    1.000000e-99    1.787303e-99   3.809408e-100 
Tb-149             2.168243e-99    1.000000e-99    1.787303e-99   3.809408e-100 
Tb-150             2.168243e-99    1.000000e-99    1.787303e-99   3.809408e-100 
Tb-151             2.168243e-99    1.000000e-99    1.787303e-99   3.809408e-100 
Tb-152             2.168243e-99    1.000000e-99    1.787303e-99   3.809408e-100 
Tb-153             2.168243e-99    1.000000e-99    1.787303e-99   3.809408e-100 
Tb-154             2.168243e-99    1.000000e-99    1.787303e-99   3.809408e-100 
Tb-155             2.168243e-99    1.000000e-99    1.787303e-99   3.809408e-100 
Tb-156             2.168243e-99    1.000000e-99    1.787303e-99   3.809408e-100 
Tb-157             9.273738e-14    1.000000e-99    7.313695e-14    1.960043e-14 
Tb-158             6.522702e-15    1.000000e-99    5.110583e-15    1.412119e-15 
Tb-159             2.307342e-11    2.767390e-12    1.826638e-11    4.807042e-12 
Tb-160             1.898968e-15    1.000000e-99    1.501920e-15    3.970483e-16 
Tb-161             3.108050e-17    1.000000e-99    2.467039e-17    6.410104e-18 
Tb-162             1.562955e-30    1.000000e-99    1.224121e-30    3.388343e-31 
Tb-163             7.534130e-37    1.000000e-99    5.673038e-37    1.861091e-37 
Tb-164             1.775435e-45    1.000000e-99    1.336761e-45    4.386742e-46 
Tb-165             2.168243e-99    1.000000e-99    1.787303e-99   3.809408e-100 
Dy-148             2.168243e-99    1.000000e-99    1.787303e-99   3.809408e-100 
Dy-149             2.168243e-99    1.000000e-99    1.787303e-99   3.809408e-100 
Dy-150             2.168243e-99    1.000000e-99    1.787303e-99   3.809408e-100 
Dy-151             2.168243e-99    1.000000e-99    1.787303e-99   3.809408e-100 
Dy-152             2.168243e-99    1.000000e-99    1.787303e-99   3.809408e-100 
Dy-153             2.168243e-99    1.000000e-99    1.787303e-99   3.809408e-100 
Dy-154             2.168243e-99    1.000000e-99    1.787303e-99   3.809408e-100 
Dy-155             2.168243e-99    1.000000e-99    1.787303e-99   3.809408e-100 
Dy-156             2.151401e-14    1.004583e-14    1.774956e-14    3.764450e-15 
Dy-157             1.372595e-27    1.000000e-99    1.081613e-27    2.909823e-28 
Dy-158             4.676313e-14    1.744221e-14    3.824500e-14    8.518130e-15 
Dy-159             2.300112e-17    1.000000e-99    1.822294e-17    4.778184e-18 
Dy-160             2.836887e-11    4.305356e-13    2.221560e-11    6.153274e-12 
Dy-161             2.154852e-11    3.500988e-12    1.713883e-11    4.409691e-12 
Dy-162             6.904156e-11    4.752243e-12    5.432745e-11    1.471411e-11 
Dy-163             1.382687e-11    4.667240e-12    1.119957e-11    2.627301e-12 
Dy-164             8.765659e-11    5.316332e-12    6.882237e-11    1.883423e-11 
Dy-165             2.705946e-22    1.000000e-99    2.110555e-22    5.953905e-23 
Dy-166             4.938147e-21    1.000000e-99    3.818062e-21    1.120084e-21 
Dy-167             2.126816e-36    1.000000e-99    1.607345e-36    5.194713e-37 
Dy-168             8.537150e-45    1.000000e-99    6.427794e-45    2.109356e-45 
Ho-153             2.168243e-99    1.000000e-99    1.787303e-99   3.809408e-100 
Ho-154             2.168243e-99    1.000000e-99    1.787303e-99   3.809408e-100 
Ho-155             2.168243e-99    1.000000e-99    1.787303e-99   3.809408e-100 
Ho-156             2.168243e-99    1.000000e-99    1.787303e-99   3.809408e-100 
Ho-157             2.168243e-99    1.000000e-99    1.787303e-99   3.809408e-100 
Ho-158             2.168243e-99    1.000000e-99    1.787303e-99   3.809408e-100 
Ho-159             2.168243e-99    1.000000e-99    1.787303e-99   3.809408e-100 
Ho-160             2.168243e-99    1.000000e-99    1.787303e-99   3.809408e-100 
Ho-161             2.168243e-99    1.000000e-99    1.787303e-99   3.809408e-100 
Ho-162             2.168243e-99    1.000000e-99    1.787303e-99   3.809408e-100 
Ho-163             1.287618e-11    1.000000e-99    1.006298e-11    2.813204e-12 
Ho-164             3.390436e-24    1.000000e-99    2.640512e-24    7.499237e-25 
Ho-165             3.419299e-11    4.247732e-12    2.709711e-11    7.095881e-12 
Ho-166             2.015380e-16    1.000000e-99    1.611119e-16    4.042613e-17 
Ho-167             9.608052e-25    1.000000e-99    7.445751e-25    2.162301e-25 
Ho-168             5.641055e-35    1.000000e-99    4.248109e-35    1.392946e-35 
Ho-169             2.205324e-41    1.000000e-99    1.660561e-41    5.447635e-42 
Er-154             2.168243e-99    1.000000e-99    1.787303e-99   3.809408e-100 
Er-155             2.168243e-99    1.000000e-99    1.787303e-99   3.809408e-100 
Er-156             2.168243e-99    1.000000e-99    1.787303e-99   3.809408e-100 
Er-157             2.168243e-99    1.000000e-99    1.787303e-99   3.809408e-100 
Er-158             2.168243e-99    1.000000e-99    1.787303e-99   3.809408e-100 
Er-159             2.168243e-99    1.000000e-99    1.787303e-99   3.809408e-100 
Er-160             2.168243e-99    1.000000e-99    1.787303e-99   3.809408e-100 
Er-161             2.168243e-99    1.000000e-99    1.787303e-99   3.809408e-100 
Er-162             3.448612e-14    1.610307e-14    2.845185e-14    6.034267e-15 
Er-163             1.587580e-29    1.000000e-99    1.246651e-29    3.409287e-30 
Er-164             1.526944e-11    1.914578e-13    1.195403e-11    3.315406e-12 
Er-165             2.140534e-19    1.000000e-99    1.710316e-19    4.302176e-20 
Er-166             5.225022e-11    4.048087e-12    4.126012e-11    1.099009e-11 
Er-167             2.482641e-11    2.778393e-12    1.965871e-11    5.167701e-12 
Er-168             8.410546e-11    3.265541e-12    6.604980e-11    1.805566e-11 
Er-169             4.793449e-16    1.000000e-99    3.820368e-16    9.730808e-17 
Er-170             3.120765e-11    1.841543e-12    2.432183e-11    6.885817e-12 
Er-171             8.301727e-21    1.000000e-99    6.510690e-21    1.791037e-21 
Er-172             1.229920e-21    1.000000e-99    9.544843e-22    2.754353e-22 
Er-173             1.091918e-36    1.000000e-99    8.237792e-37    2.681386e-37 
Er-174             8.949087e-46    1.000000e-99    6.737947e-46    2.211139e-46 
Er-175             2.168243e-99    1.000000e-99    1.787303e-99   3.809408e-100 
Tm-159             2.168243e-99    1.000000e-99    1.787303e-99   3.809408e-100 
Tm-160             2.168243e-99    1.000000e-99    1.787303e-99   3.809408e-100 
Tm-161             2.168243e-99    1.000000e-99    1.787303e-99   3.809408e-100 
Tm-162             2.168243e-99    1.000000e-99    1.787303e-99   3.809408e-100 
Tm-163             2.168243e-99    1.000000e-99    1.787303e-99   3.809408e-100 
Tm-164             2.168243e-99    1.000000e-99    1.787303e-99   3.809408e-100 
Tm-165             2.168243e-99    1.000000e-99    1.787303e-99   3.809408e-100 
Tm-166             2.168243e-99    1.000000e-99    1.787303e-99   3.809408e-100 
Tm-167             2.168243e-99    1.000000e-99    1.787303e-99   3.809408e-100 
Tm-168             2.168243e-99    1.000000e-99    1.787303e-99   3.809408e-100 
Tm-169             1.867464e-11    1.855923e-12    1.475338e-11    3.921251e-12 
Tm-170             2.411725e-15    1.000000e-99    1.902204e-15    5.095208e-16 
Tm-171             4.249467e-15    1.000000e-99    3.101096e-15    1.148371e-15 
Tm-172             5.441210e-20    1.000000e-99    4.218010e-20    1.223200e-20 
Tm-173             6.336844e-26    1.000000e-99    4.906906e-26    1.429938e-26 
Tm-174             1.639709e-39    1.000000e-99    1.236462e-39    4.032473e-40 
Tm-175             3.040300e-45    1.000000e-99    2.289103e-45    7.511970e-46 
Tm-176             2.168243e-99    1.000000e-99    1.787303e-99   3.809408e-100 
Yb-160             2.168243e-99    1.000000e-99    1.787303e-99   3.809408e-100 
Yb-161             2.168243e-99    1.000000e-99    1.787303e-99   3.809408e-100 
Yb-162             2.168243e-99    1.000000e-99    1.787303e-99   3.809408e-100 
Yb-163             2.168243e-99    1.000000e-99    1.787303e-99   3.809408e-100 
Yb-164             2.168243e-99    1.000000e-99    1.787303e-99   3.809408e-100 
Yb-165             2.168243e-99    1.000000e-99    1.787303e-99   3.809408e-100 
Yb-166             2.168243e-99    1.000000e-99    1.787303e-99   3.809408e-100 
Yb-167             2.168243e-99    1.000000e-99    1.787303e-99   3.809408e-100 
Yb-168             3.393608e-14    1.584623e-14    2.799806e-14    5.938024e-15 
Yb-169             3.971669e-24    1.000000e-99    3.106955e-24    8.647133e-25 
Yb-170             2.437701e-11    3.749693e-13    1.913359e-11    5.243424e-12 
Yb-171             3.301837e-11    1.771730e-12    2.589449e-11    7.123882e-12 
Yb-172             8.723392e-11    2.724303e-12    6.844823e-11    1.878569e-11 
Yb-173             4.323065e-11    2.024667e-12    3.396708e-11    9.263565e-12 
Yb-174             1.894258e-10    4.018455e-12    1.484459e-10    4.097990e-11 
Yb-175             1.267928e-16    1.000000e-99    1.014831e-16    2.530969e-17 
Yb-176             6.782096e-11    1.629433e-12    5.301534e-11    1.480563e-11 
Yb-177             5.935884e-23    1.000000e-99    4.626781e-23    1.309103e-23 
Yb-178             4.546168e-29    1.000000e-99    3.428166e-29    1.118001e-29 
Yb-179             3.049721e-39    1.000000e-99    2.296239e-39    7.534824e-40 
Yb-180             2.168243e-99    1.000000e-99    1.787303e-99   3.809408e-100 
Lu-165             2.168243e-99    1.000000e-99    1.787303e-99   3.809408e-100 
Lu-166             2.168243e-99    1.000000e-99    1.787303e-99   3.809408e-100 
Lu-167             2.168243e-99    1.000000e-99    1.787303e-99   3.809408e-100 
Lu-168             2.168243e-99    1.000000e-99    1.787303e-99   3.809408e-100 
Lu-169             2.168243e-99    1.000000e-99    1.787303e-99   3.809408e-100 
Lu-170             2.168243e-99    1.000000e-99    1.787303e-99   3.809408e-100 
Lu-171             2.168243e-99    1.000000e-99    1.787303e-99   3.809408e-100 
Lu-172             2.168243e-99    1.000000e-99    1.787303e-99   3.809408e-100 
Lu-173             2.168243e-99    1.000000e-99    1.787303e-99   3.809408e-100 
Lu-174             2.168243e-99    1.000000e-99    1.787303e-99   3.809408e-100 
Lu-175             2.853734e-11    1.829538e-12    2.246395e-11    6.073395e-12 
Lu-176             1.112600e-11    4.880658e-14    8.692112e-12    2.433889e-12 
Lu-177             3.037160e-16    1.000000e-99    2.422768e-16    6.143917e-17 
Lu-178             2.591537e-28    1.000000e-99    1.985942e-28    6.055950e-29 
Lu-179             1.352357e-29    1.000000e-99    1.047948e-29    3.044093e-30 
Lu-180             3.609597e-41    1.000000e-99    2.718105e-41    8.914920e-42 
Lu-181             1.096672e-49    1.000000e-99    8.257064e-50    2.709656e-50 
Lu-182             2.168243e-99    1.000000e-99    1.787303e-99   3.809408e-100 
Hf-166             2.168243e-99    1.000000e-99    1.787303e-99   3.809408e-100 
Hf-167             2.168243e-99    1.000000e-99    1.787303e-99   3.809408e-100 
Hf-168             2.168243e-99    1.000000e-99    1.787303e-99   3.809408e-100 
Hf-169             2.168243e-99    1.000000e-99    1.787303e-99   3.809408e-100 
Hf-170             2.168243e-99    1.000000e-99    1.787303e-99   3.809408e-100 
Hf-171             2.168243e-99    1.000000e-99    1.787303e-99   3.809408e-100 
Hf-172             2.168243e-99    1.000000e-99    1.787303e-99   3.809408e-100 
Hf-173             2.168243e-99    1.000000e-99    1.787303e-99   3.809408e-100 
Hf-174             2.639209e-14    1.232360e-14    2.177408e-14    4.618000e-15 
Hf-175             3.107698e-24    1.000000e-99    2.428067e-24    6.796310e-25 
Hf-176             8.933796e-12    4.039817e-13    7.033087e-12    1.900710e-12 
Hf-177             2.477089e-11    1.439118e-12    1.947201e-11    5.298884e-12 
Hf-178             1.045829e-10    2.123250e-12    8.192046e-11    2.266241e-11 
Hf-179             3.723763e-11    1.066063e-12    2.919606e-11    8.041570e-12 
Hf-180             2.063572e-10    2.760926e-12    1.615944e-10    4.476282e-11 
Hf-181             1.614646e-15    1.000000e-99    1.277481e-15    3.371645e-16 
Hf-182             8.443684e-12    1.000000e-99    6.472098e-12    1.971586e-12 
Hf-183             1.156490e-24    1.000000e-99    8.944792e-25    2.620107e-25 
Hf-184             2.378626e-28    1.000000e-99    1.813046e-28    5.655794e-29 
Hf-185             1.259519e-40    1.000000e-99    9.483320e-41    3.111873e-41 
Ta-169             2.168243e-99    1.000000e-99    1.787303e-99   3.809408e-100 
Ta-170             2.168243e-99    1.000000e-99    1.787303e-99   3.809408e-100 
Ta-171             2.168243e-99    1.000000e-99    1.787303e-99   3.809408e-100 
Ta-172             2.168243e-99    1.000000e-99    1.787303e-99   3.809408e-100 
Ta-173             2.168243e-99    1.000000e-99    1.787303e-99   3.809408e-100 
Ta-174             2.168243e-99    1.000000e-99    1.787303e-99   3.809408e-100 
Ta-175             2.168243e-99    1.000000e-99    1.787303e-99   3.809408e-100 
Ta-176             2.168243e-99    1.000000e-99    1.787303e-99   3.809408e-100 
Ta-177             2.168243e-99    1.000000e-99    1.787303e-99   3.809408e-100 
Ta-178             2.168243e-99    1.000000e-99    1.787303e-99   3.809408e-100 
Ta-179             2.887741e-15    1.000000e-99    2.201307e-15    6.864332e-16 
Ta-180             5.605539e-16    2.431369e-16    4.602369e-16    1.003170e-16 
Ta-181             4.483516e-11    1.987460e-12    3.521078e-11    9.624377e-12 
Ta-182             2.976798e-15    1.000000e-99    2.350062e-15    6.267356e-16 
Ta-183             1.162013e-17    1.000000e-99    9.236528e-18    2.383602e-18 
Ta-184             1.992642e-24    1.000000e-99    1.579536e-24    4.131058e-25 
Ta-185             1.600377e-33    1.000000e-99    1.205196e-33    3.951807e-34 
Ta-186             2.404069e-42    1.000000e-99    1.810541e-42    5.935284e-43 
W-172              2.168243e-99    1.000000e-99    1.787303e-99   3.809408e-100 
W-173              2.168243e-99    1.000000e-99    1.787303e-99   3.809408e-100 
W-174              2.168243e-99    1.000000e-99    1.787303e-99   3.809408e-100 
W-175              2.168243e-99    1.000000e-99    1.787303e-99   3.809408e-100 
W-176              2.168243e-99    1.000000e-99    1.787303e-99   3.809408e-100 
W-177              2.168243e-99    1.000000e-99    1.787303e-99   3.809408e-100 
W-178              2.168243e-99    1.000000e-99    1.787303e-99   3.809408e-100 
W-179              2.168243e-99    1.000000e-99    1.787303e-99   3.809408e-100 
W-180              2.953335e-14    8.402384e-15    2.384874e-14    5.684612e-15 
W-181              2.799857e-18    1.000000e-99    2.124515e-18    6.753423e-19 
W-182              9.046112e-11    1.879169e-12    7.108568e-11    1.937544e-11 
W-183              5.444989e-11    1.020641e-12    4.266584e-11    1.178405e-11 
W-184              1.441298e-10    2.196903e-12    1.129226e-10    3.120726e-11 
W-185              2.456228e-15    1.000000e-99    1.942176e-15    5.140520e-16 
W-186              6.061898e-11    2.060157e-12    4.727576e-11    1.334322e-11 
W-187              1.596366e-18    1.000000e-99    1.281625e-18    3.147413e-19 
W-188              4.265640e-19    1.000000e-99    3.246985e-19    1.018655e-19 
W-189              2.033720e-34    1.000000e-99    1.569762e-34    4.639577e-35 
W-190              8.075076e-43    1.000000e-99    6.081263e-43    1.993812e-43 
Re-175             2.168243e-99    1.000000e-99    1.787303e-99   3.809408e-100 
Re-176             2.168243e-99    1.000000e-99    1.787303e-99   3.809408e-100 
Re-177             2.168243e-99    1.000000e-99    1.787303e-99   3.809408e-100 
Re-178             2.168243e-99    1.000000e-99    1.787303e-99   3.809408e-100 
Re-179             2.168243e-99    1.000000e-99    1.787303e-99   3.809408e-100 
Re-180             2.168243e-99    1.000000e-99    1.787303e-99   3.809408e-100 
Re-181             2.168243e-99    1.000000e-99    1.787303e-99   3.809408e-100 
Re-182             2.168243e-99    1.000000e-99    1.787303e-99   3.809408e-100 
Re-183             2.168243e-99    1.000000e-99    1.787303e-99   3.809408e-100 
Re-184             2.168243e-99    1.000000e-99    1.787303e-99   3.809408e-100 
Re-185             3.044949e-11    1.048801e-12    2.386106e-11    6.588426e-12 
Re-186             1.680962e-16    1.000000e-99    1.344124e-16    3.368388e-17 
Re-187             1.753016e-11    1.774610e-12    1.377699e-11    3.753170e-12 
Re-188             4.560753e-19    1.000000e-99    3.629269e-19    9.314838e-20 
Re-189             1.565386e-21    1.000000e-99    1.224185e-21    3.412018e-22 
Re-190             2.265582e-29    1.000000e-99    1.744478e-29    5.211039e-30 
Re-191             1.364248e-39    1.000000e-99    1.027338e-39    3.369100e-40 
Os-179             2.168243e-99    1.000000e-99    1.787303e-99   3.809408e-100 
Os-180             2.168243e-99    1.000000e-99    1.787303e-99   3.809408e-100 
Os-181             2.168243e-99    1.000000e-99    1.787303e-99   3.809408e-100 
Os-182             2.168243e-99    1.000000e-99    1.787303e-99   3.809408e-100 
Os-183             2.168243e-99    1.000000e-99    1.787303e-99   3.809408e-100 
Os-184             1.523681e-14    7.114694e-15    1.257072e-14    2.666087e-15 
Os-185             1.533574e-24    1.000000e-99    1.202861e-24    3.307132e-25 
Os-186             5.838782e-11    5.783407e-13    4.585756e-11    1.253026e-11 
Os-187             1.837317e-11    6.003667e-13    1.448370e-11    3.889470e-12 
Os-188             1.327580e-10    4.877998e-12    1.042598e-10    2.849818e-11 
Os-189             3.791067e-11    5.979000e-12    3.017973e-11    7.730938e-12 
Os-190             1.479979e-10    9.774740e-12    1.165409e-10    3.145705e-11 
Os-191             7.595665e-16    1.000000e-99    6.043171e-16    1.552494e-16 
Os-192             8.427270e-11    1.534082e-11    6.687015e-11    1.740255e-11 
Os-193             2.699502e-18    1.000000e-99    2.174744e-18    5.247579e-19 
Os-194             4.981592e-14    1.000000e-99    3.488965e-14    1.492627e-14 
Os-195             1.632158e-30    1.000000e-99    1.156726e-30    4.754318e-31 
Os-196             2.106409e-43    1.000000e-99    1.586092e-43    5.203168e-44 
Ir-181             2.168243e-99    1.000000e-99    1.787303e-99   3.809408e-100 
Ir-182             2.168243e-99    1.000000e-99    1.787303e-99   3.809408e-100 
Ir-183             2.168243e-99    1.000000e-99    1.787303e-99   3.809408e-100 
Ir-184             2.168243e-99    1.000000e-99    1.787303e-99   3.809408e-100 
Ir-185             2.168243e-99    1.000000e-99    1.787303e-99   3.809408e-100 
Ir-186             2.168243e-99    1.000000e-99    1.787303e-99   3.809408e-100 
Ir-187             2.168243e-99    1.000000e-99    1.787303e-99   3.809408e-100 
Ir-188             2.168243e-99    1.000000e-99    1.787303e-99   3.809408e-100 
Ir-189             2.168243e-99    1.000000e-99    1.787303e-99   3.809408e-100 
Ir-190             2.168243e-99    1.000000e-99    1.787303e-99   3.809408e-100 
Ir-191             5.126394e-11    1.358593e-11    4.131651e-11    9.947429e-12 
Ir-192             2.764387e-15    1.000000e-99    2.186283e-15    5.781043e-16 
Ir-193             7.119707e-11    2.310425e-11    5.767947e-11    1.351760e-11 
Ir-194             1.987113e-17    1.000000e-99    1.405572e-17    5.815406e-18 
Ir-195             3.058256e-26    1.000000e-99    2.317670e-26    7.405852e-27 
Ir-196             1.876376e-32    1.000000e-99    1.412852e-32    4.635243e-33 
Ir-197             7.725572e-41    1.000000e-99    5.816891e-41    1.908681e-41 
Pt-184             2.168243e-99    1.000000e-99    1.787303e-99   3.809408e-100 
Pt-185             2.168243e-99    1.000000e-99    1.787303e-99   3.809408e-100 
Pt-186             2.168243e-99    1.000000e-99    1.787303e-99   3.809408e-100 
Pt-187             2.168243e-99    1.000000e-99    1.787303e-99   3.809408e-100 
Pt-188             2.168243e-99    1.000000e-99    1.787303e-99   3.809408e-100 
Pt-189             2.168243e-99    1.000000e-99    1.787303e-99   3.809408e-100 
Pt-190             2.161668e-14    1.009369e-14    1.783426e-14    3.782417e-15 
Pt-191             1.943842e-25    1.000000e-99    1.541464e-25    4.023775e-26 
Pt-192             3.597066e-11    5.855278e-13    2.825200e-11    7.718666e-12 
Pt-193             7.951291e-12    1.000000e-99    6.258602e-12    1.692690e-12 
Pt-194             1.537985e-10    2.492036e-11    1.223064e-10    3.149220e-11 
Pt-195             9.593438e-11    2.570572e-11    7.730724e-11    1.862714e-11 
Pt-196             2.255189e-10    1.927734e-11    1.779509e-10    4.756799e-11 
Pt-197             1.695699e-18    1.000000e-99    1.363311e-18    3.323888e-19 
Pt-198             2.248431e-11    5.526664e-12    1.789082e-11    4.593485e-12 
Pt-199             1.256664e-25    1.000000e-99    9.686903e-26    2.879733e-26 
Pt-200             3.342533e-26    1.000000e-99    2.663995e-26    6.785381e-27 
Pt-201             7.755962e-42    1.000000e-99    5.840093e-42    1.915869e-42 
Pt-202             2.168243e-99    1.000000e-99    1.787303e-99   3.809408e-100 
Au-185             2.168243e-99    1.000000e-99    1.787303e-99   3.809408e-100 
Au-186             2.168243e-99    1.000000e-99    1.787303e-99   3.809408e-100 
Au-187             2.168243e-99    1.000000e-99    1.787303e-99   3.809408e-100 
Au-188             2.168243e-99    1.000000e-99    1.787303e-99   3.809408e-100 
Au-189             2.168243e-99    1.000000e-99    1.787303e-99   3.809408e-100 
Au-190             2.168243e-99    1.000000e-99    1.787303e-99   3.809408e-100 
Au-191             2.168243e-99    1.000000e-99    1.787303e-99   3.809408e-100 
Au-192             2.168243e-99    1.000000e-99    1.787303e-99   3.809408e-100 
Au-193             2.168243e-99    1.000000e-99    1.787303e-99   3.809408e-100 
Au-194             2.168243e-99    1.000000e-99    1.787303e-99   3.809408e-100 
Au-195             2.354799e-19    1.000000e-99    1.747785e-19    6.070135e-20 
Au-196             1.659101e-23    1.000000e-99    1.294057e-23    3.650440e-24 
Au-197             7.835275e-11    1.084275e-11    6.221236e-11    1.614039e-11 
Au-198             9.135752e-17    1.000000e-99    7.342425e-17    1.793328e-17 
Au-199             4.229420e-18    1.000000e-99    3.397585e-18    8.318351e-19 
Au-200             2.697644e-23    1.000000e-99    2.130757e-23    5.668875e-24 
Au-201             6.111255e-36    1.000000e-99    4.606980e-36    1.504275e-36 
Au-202             1.971003e-47    1.000000e-99    1.484008e-47    4.869951e-48 
Au-203             2.168243e-99    1.000000e-99    1.787303e-99   3.809408e-100 
Hg-189             2.168243e-99    1.000000e-99    1.787303e-99   3.809408e-100 
Hg-190             2.168243e-99    1.000000e-99    1.787303e-99   3.809408e-100 
Hg-191             2.168243e-99    1.000000e-99    1.787303e-99   3.809408e-100 
Hg-192             2.168243e-99    1.000000e-99    1.787303e-99   3.809408e-100 
Hg-193             2.168243e-99    1.000000e-99    1.787303e-99   3.809408e-100 
Hg-194             2.168243e-99    1.000000e-99    1.787303e-99   3.809408e-100 
Hg-195             2.168243e-99    1.000000e-99    1.787303e-99   3.809408e-100 
Hg-196             6.452980e-14    3.012089e-14    5.323761e-14    1.129219e-14 
Hg-197             2.178344e-23    1.000000e-99    1.740344e-23    4.379997e-24 
Hg-198             1.792019e-10    1.976726e-12    1.404918e-10    3.871007e-11 
Hg-199             8.847804e-11    3.362936e-12    6.950879e-11    1.896925e-11 
Hg-200             2.921103e-10    4.626366e-12    2.289308e-10    6.317952e-11 
Hg-201             1.293796e-10    2.653491e-12    1.014078e-10    2.797176e-11 
Hg-202             5.283435e-10    6.041684e-12    4.135594e-10    1.147842e-10 
Hg-203             4.102181e-17    1.000000e-99    3.284902e-17    8.172785e-18 
Hg-204             1.794278e-11    1.402633e-12    1.399361e-11    3.949167e-12 
Hg-205             2.121856e-27    1.000000e-99    1.634067e-27    4.877889e-28 
Hg-206             6.839850e-37    1.000000e-99    5.151199e-37    1.688651e-37 
Hg-207             2.168243e-99    1.000000e-99    1.787303e-99   3.809408e-100 
Hg-208             2.168243e-99    1.000000e-99    1.787303e-99   3.809408e-100 
Tl-192             2.168243e-99    1.000000e-99    1.787303e-99   3.809408e-100 
Tl-193             2.168243e-99    1.000000e-99    1.787303e-99   3.809408e-100 
Tl-194             2.168243e-99    1.000000e-99    1.787303e-99   3.809408e-100 
Tl-195             2.168243e-99    1.000000e-99    1.787303e-99   3.809408e-100 
Tl-196             2.168243e-99    1.000000e-99    1.787303e-99   3.809408e-100 
Tl-197             2.168243e-99    1.000000e-99    1.787303e-99   3.809408e-100 
Tl-198             2.168243e-99    1.000000e-99    1.787303e-99   3.809408e-100 
Tl-199             2.168243e-99    1.000000e-99    1.787303e-99   3.809408e-100 
Tl-200             2.168243e-99    1.000000e-99    1.787303e-99   3.809408e-100 
Tl-201             2.168243e-99    1.000000e-99    1.787303e-99   3.809408e-100 
Tl-202             2.168243e-99    1.000000e-99    1.787303e-99   3.809408e-100 
Tl-203             2.463210e-10    3.223624e-12    1.926647e-10    5.365628e-11 
Tl-204             1.118854e-13    1.000000e-99    8.266136e-14    2.922407e-14 
Tl-205             2.774181e-10    7.770846e-12    2.169764e-10    6.044164e-11 
Tl-206             3.523434e-26    1.000000e-99    2.711582e-26    8.118524e-27 
Tl-207             3.567861e-29    1.000000e-99    2.748859e-29    8.190017e-30 
Tl-208             1.397584e-40    1.000000e-99    1.052287e-40    3.452967e-41 
Tl-209             2.168243e-99    1.000000e-99    1.787303e-99   3.809408e-100 
Tl-210             2.168243e-99    1.000000e-99    1.787303e-99   3.809408e-100 
Pb-193             2.168243e-99    1.000000e-99    1.787303e-99   3.809408e-100 
Pb-194             2.168243e-99    1.000000e-99    1.787303e-99   3.809408e-100 
Pb-195             2.168243e-99    1.000000e-99    1.787303e-99   3.809408e-100 
Pb-196             2.168243e-99    1.000000e-99    1.787303e-99   3.809408e-100 
Pb-197             2.168243e-99    1.000000e-99    1.787303e-99   3.809408e-100 
Pb-198             2.168243e-99    1.000000e-99    1.787303e-99   3.809408e-100 
Pb-199             2.168243e-99    1.000000e-99    1.787303e-99   3.809408e-100 
Pb-200             2.168243e-99    1.000000e-99    1.787303e-99   3.809408e-100 
Pb-201             2.168243e-99    1.000000e-99    1.787303e-99   3.809408e-100 
Pb-202             2.168243e-99    1.000000e-99    1.787303e-99   3.809408e-100 
Pb-203             2.168243e-99    1.000000e-99    1.787303e-99   3.809408e-100 
Pb-204             3.278672e-10    2.933641e-12    2.569051e-10    7.096203e-11 
Pb-205             1.408219e-10    1.000000e-99    1.101474e-10    3.067449e-11 
Pb-208             9.903313e-08    8.857723e-11    7.721379e-08    2.181933e-08 
Pb-209             3.397361e-22    1.000000e-99    2.632426e-22    7.649353e-23 
Pb-210             8.241347e-16    1.000000e-99    5.596841e-16    2.644506e-16 
Pb-211             9.229630e-35    1.000000e-99    6.556713e-35    2.672917e-35 
Bi-202             2.168243e-99    1.000000e-99    1.787303e-99   3.809408e-100 
Bi-203             2.168243e-99    1.000000e-99    1.787303e-99   3.809408e-100 
Bi-204             2.168243e-99    1.000000e-99    1.787303e-99   3.809408e-100 
Bi-205             2.168243e-99    1.000000e-99    1.787303e-99   3.809408e-100 
Bi-206             2.168243e-99    1.000000e-99    1.787303e-99   3.809408e-100 
Bi-207             2.168243e-99    1.000000e-99    1.787303e-99   3.809408e-100 
Bi-208             2.168243e-99    1.000000e-99    1.787303e-99   3.809408e-100 
Bi-209             2.054057e-09    8.726086e-12    1.597920e-09    4.561371e-10 
Bi-210             5.529442e-10    1.000000e-99    4.314737e-10    1.214705e-10 
Al-26m1            4.577599e-18    1.000000e-99    3.602438e-18    9.751608e-19 
Kr-85m1            3.415347e-21    1.000000e-99    2.664927e-21    7.504199e-22 
Cd-115m1           3.421162e-18    1.000000e-99    2.748086e-18    6.730763e-19 
Lu-176m1           1.883023e-22    1.000000e-99    1.470097e-22    4.129264e-23 
Ta-180m1           1.348036e-23    1.000000e-99    1.025120e-23    3.229164e-24 
