# Battino yields
# Model: M2.00Z2.0e-02
# Mini: 2.00
# Z: 2.00e-02
# Mfinal: 0.6203179927292746
# Mfinal (MESA): 0.8888031734203536
# Created by Daniel Boyea on 2024-12-06
isotope         wind_yield      initial_abundance wind_yield_mesaevo wind_yield_postmesa 
H-1                9.233604e-01    7.064434e-01    7.445775e-01    1.787829e-01 
H-2                4.974154e-06    1.370527e-05    4.024235e-06    9.499195e-07 
He-3               3.891985e-04    4.539991e-05    3.136021e-04    7.559645e-05 
He-4               4.050912e-01    2.734975e-01    3.260485e-01    7.904274e-02 
Li-7               2.898172e-11    7.605094e-11    2.339668e-11    5.585036e-12 
B-11               3.940223e-09    2.855891e-09    3.173458e-09    7.667647e-10 
C-12               1.881083e-02    3.424729e-03    1.467819e-02    4.132636e-03 
C-13               1.363869e-04    4.156115e-05    1.098793e-04    2.650757e-05 
C-14               1.592758e-08    0.000000e+00    1.205157e-08    3.876003e-09 
N-13               4.416704e-21    0.000000e+00    3.559860e-21    8.568438e-22 
N-14               3.555237e-03    1.058808e-03    2.862407e-03    6.928302e-04 
N-15               2.780772e-06    4.170720e-06    2.244620e-06    5.361512e-07 
O-16               1.903591e-02    9.624352e-03    1.515826e-02    3.877643e-03 
O-17               4.980203e-05    3.813070e-06    4.011640e-05    9.685637e-06 
O-18               2.161409e-05    2.171062e-05    1.743560e-05    4.178487e-06 
F-18               0.000000e+00    0.000000e+00    0.000000e+00    0.000000e+00 
F-19               2.261867e-06    5.610951e-07    1.757055e-06    5.048117e-07 
Ne-20              2.513356e-03    1.817733e-03    2.024024e-03    4.893316e-04 
Ne-21              6.496790e-06    4.575277e-06    5.227621e-06    1.269169e-06 
Ne-22              1.275674e-03    1.470235e-04    9.874622e-04    2.882115e-04 
Na-23              7.752954e-05    3.999546e-05    6.205353e-05    1.547602e-05 
Mg-24              8.157001e-04    5.862424e-04    6.567093e-04    1.589908e-04 
Mg-25              1.314824e-04    7.733092e-05    1.049448e-04    2.653760e-05 
Mg-26              1.780054e-04    8.848024e-05    1.412890e-04    3.671635e-05 
Al-26              2.236513e-07    0.000000e+00    1.744397e-07    4.921164e-08 
Al-27              9.122127e-05    6.481069e-05    7.340650e-05    1.781477e-05 
Si-28              1.027777e-03    7.452665e-04    8.277868e-04    1.999903e-04 
Si-29              5.460088e-05    3.919403e-05    4.395737e-05    1.064351e-05 
Si-30              3.860986e-05    2.672780e-05    3.103619e-05    7.573674e-06 
P-31               9.993798e-06    7.106317e-06    8.042107e-06    1.951691e-06 
S-32               5.516684e-04    4.010872e-04    4.443726e-04    1.072958e-04 
S-33               4.710306e-06    3.264811e-06    3.787219e-06    9.230870e-07 
S-34               2.636192e-05    1.890425e-05    2.122161e-05    5.140307e-06 
S-35               0.000000e+00    0.000000e+00    0.000000e+00    0.000000e+00 
S-36               1.701907e-07    8.072988e-08    1.350682e-07    3.512251e-08 
Cl-35              9.338877e-06    6.821093e-06    7.523923e-06    1.814954e-06 
Cl-36              1.506564e-08    0.000000e+00    1.167105e-08    3.394587e-09 
Cl-37              3.801997e-06    2.305792e-06    3.042374e-06    7.596234e-07 
Ar-36              1.123192e-04    8.202156e-05    9.049019e-05    2.182901e-05 
Ar-37              1.709426e-12    0.000000e+00    1.288529e-12    4.208964e-13 
Ar-38              2.199222e-05    1.574147e-05    1.770299e-05    4.289228e-06 
Ar-39              1.121205e-08    0.000000e+00    8.616741e-09    2.595313e-09 
Ar-40              4.570837e-08    2.650196e-08    3.647230e-08    9.236067e-09 
K-39               5.394099e-06    3.899726e-06    4.343903e-06    1.050196e-06 
K-40               2.005172e-08    5.005111e-10    1.551794e-08    4.533775e-09 
K-41               4.531592e-07    2.958666e-07    3.637040e-07    8.945518e-08 
Ca-40              9.916332e-05    7.225208e-05    7.988376e-05    1.927956e-05 
Ca-41              6.049062e-08    0.000000e+00    4.682739e-08    1.366323e-08 
Ca-42              7.697201e-07    5.063333e-07    6.176507e-07    1.520695e-07 
Ca-43              1.631284e-07    1.081646e-07    1.309180e-07    3.221044e-08 
Ca-44              2.369005e-06    1.710212e-06    1.907611e-06    4.613944e-07 
Ca-45              0.000000e+00    0.000000e+00    0.000000e+00    0.000000e+00 
Ca-46              5.316810e-09    3.428473e-09    4.257112e-09    1.059698e-09 
Ca-47              0.000000e+00    0.000000e+00    0.000000e+00    0.000000e+00 
Ca-48              2.305514e-07    1.672498e-07    1.856932e-07    4.485829e-08 
Sc-44              0.000000e+00    0.000000e+00    0.000000e+00    0.000000e+00 
Sc-45              8.209590e-08    5.413715e-08    6.586666e-08    1.622924e-08 
Sc-46              0.000000e+00    0.000000e+00    0.000000e+00    0.000000e+00 
Sc-47              0.000000e+00    0.000000e+00    0.000000e+00    0.000000e+00 
Ti-44              2.793096e-25    0.000000e+00    2.152550e-25    6.405455e-26 
Ti-45              0.000000e+00    0.000000e+00    0.000000e+00    0.000000e+00 
Ti-46              4.490563e-07    3.231782e-07    3.615550e-07    8.750131e-08 
Ti-47              4.062194e-07    2.976998e-07    3.273053e-07    7.891416e-08 
Ti-48              4.096299e-06    3.013765e-06    3.301149e-06    7.951496e-07 
Ti-49              3.546811e-07    2.257335e-07    2.843135e-07    7.036765e-08 
Ti-50              3.425011e-07    2.208013e-07    2.745559e-07    6.794520e-08 
V-49               1.788780e-18    0.000000e+00    1.370759e-18    4.180216e-19 
V-50               1.372931e-09    1.015480e-09    1.106660e-09    2.662709e-10 
V-51               5.697552e-07    4.137779e-07    4.589303e-07    1.108249e-07 
Cr-50              1.117279e-06    8.265377e-07    9.005959e-07    2.166830e-07 
Cr-51              4.368775e-11    0.000000e+00    3.328582e-11    1.040193e-11 
Cr-52              2.275021e-05    1.657585e-05    1.832709e-05    4.423116e-06 
Cr-53              2.631934e-06    1.915622e-06    2.120122e-06    5.118123e-07 
Cr-54              8.035390e-07    4.857946e-07    6.427516e-07    1.607874e-07 
Mn-53              2.994347e-18    0.000000e+00    2.295050e-18    6.992973e-19 
Mn-54              8.741565e-19    0.000000e+00    6.679409e-19    2.062156e-19 
Mn-55              1.526337e-05    1.098109e-05    1.229091e-05    2.972461e-06 
Mn-56              0.000000e+00    0.000000e+00    0.000000e+00    0.000000e+00 
Fe-54              1.101089e-04    8.118227e-05    8.874303e-05    2.136589e-05 
Fe-55              2.607552e-07    0.000000e+00    2.015994e-07    5.915581e-08 
Fe-56              1.810781e-03    1.321588e-03    1.458830e-03    3.519505e-04 
Fe-57              4.786539e-05    3.106624e-05    3.839318e-05    9.472204e-06 
Fe-58              1.264680e-05    4.206879e-06    9.954992e-06    2.691803e-06 
Fe-59              0.000000e+00    0.000000e+00    0.000000e+00    0.000000e+00 
Fe-60              3.934816e-08    0.000000e+00    2.994328e-08    9.404885e-09 
Co-56              3.303633e-21    0.000000e+00    2.532959e-21    7.706748e-22 
Co-57              7.946994e-18    0.000000e+00    6.087550e-18    1.859444e-18 
Co-58              6.404761e-17    0.000000e+00    4.929552e-17    1.475209e-17 
Co-59              6.947314e-06    3.991489e-06    5.545638e-06    1.401676e-06 
Co-60              6.017653e-13    0.000000e+00    4.579308e-13    1.438346e-13 
Ni-58              7.744025e-05    5.710980e-05    6.241422e-05    1.502603e-05 
Ni-59              1.957827e-07    0.000000e+00    1.515187e-07    4.426403e-08 
Ni-60              3.214474e-05    2.275717e-05    2.586195e-05    6.282789e-06 
Ni-61              1.860972e-06    1.005726e-06    1.482136e-06    3.788362e-07 
Ni-62              5.143572e-06    3.259262e-06    4.118376e-06    1.025196e-06 
Ni-63              1.783757e-08    0.000000e+00    1.357153e-08    4.266033e-09 
Ni-64              1.364979e-06    8.568133e-07    1.091895e-06    2.730842e-07 
Cu-63              1.185744e-06    6.600340e-07    9.445857e-07    2.411584e-07 
Cu-64              0.000000e+00    0.000000e+00    0.000000e+00    0.000000e+00 
Cu-65              5.070382e-07    3.034684e-07    4.049272e-07    1.021110e-07 
Zn-64              1.602899e-06    1.130751e-06    1.289144e-06    3.137553e-07 
Zn-65              0.000000e+00    0.000000e+00    0.000000e+00    0.000000e+00 
Zn-66              9.710415e-07    6.690076e-07    7.800244e-07    1.910171e-07 
Zn-67              1.484166e-07    9.980253e-08    1.190897e-07    2.932686e-08 
Zn-68              6.763765e-07    4.632262e-07    5.432026e-07    1.331740e-07 
Zn-69              0.000000e+00    0.000000e+00    0.000000e+00    0.000000e+00 
Zn-70              2.149159e-08    1.576786e-08    1.731782e-08    4.173770e-09 
Ga-69              6.819109e-08    4.550546e-08    5.470409e-08    1.348700e-08 
Ga-70              0.000000e+00    0.000000e+00    0.000000e+00    0.000000e+00 
Ga-71              4.668989e-08    3.107622e-08    3.745848e-08    9.231416e-09 
Ge-70              7.860149e-08    5.157185e-08    6.301387e-08    1.558763e-08 
Ge-71              0.000000e+00    0.000000e+00    0.000000e+00    0.000000e+00 
Ge-72              1.008971e-07    6.910333e-08    8.104448e-08    1.985266e-08 
Ge-73              2.849067e-08    1.954584e-08    2.288671e-08    5.603963e-09 
Ge-74              1.349404e-07    9.228454e-08    1.083949e-07    2.654550e-08 
Ge-75              0.000000e+00    0.000000e+00    0.000000e+00    0.000000e+00 
Ge-76              2.673390e-08    1.962921e-08    2.154281e-08    5.191089e-09 
As-75              2.028875e-08    1.430027e-08    1.631849e-08    3.970256e-09 
Se-74              1.608163e-09    1.197888e-09    1.296616e-09    3.115465e-10 
Se-76              1.976258e-08    1.296136e-08    1.584891e-08    3.913672e-09 
Se-77              1.529889e-08    1.070490e-08    1.230183e-08    2.997059e-09 
Se-78              5.076081e-08    3.376317e-08    4.073531e-08    1.002550e-08 
Se-79              8.805293e-10    0.000000e+00    6.779658e-10    2.025635e-10 
Se-80              1.018484e-07    7.226298e-08    8.195076e-08    1.989759e-08 
Se-81              0.000000e+00    0.000000e+00    0.000000e+00    0.000000e+00 
Se-82              1.785273e-08    1.303649e-08    1.438305e-08    3.469685e-09 
Br-79              1.879432e-08    1.389306e-08    1.514874e-08    3.645577e-09 
Br-80              0.000000e+00    0.000000e+00    0.000000e+00    0.000000e+00 
Br-81              1.947704e-08    1.385920e-08    1.567410e-08    3.802938e-09 
Kr-78              5.235164e-10    3.900193e-10    4.220989e-10    1.014175e-10 
Kr-79              0.000000e+00    0.000000e+00    0.000000e+00    0.000000e+00 
Kr-80              3.688467e-09    2.574713e-09    2.966615e-09    7.218517e-10 
Kr-81              1.389759e-10    0.000000e+00    1.076266e-10    3.134930e-11 
Kr-82              2.080271e-08    1.319540e-08    1.666881e-08    4.133901e-09 
Kr-83              1.888513e-08    1.324168e-08    1.518915e-08    3.695982e-09 
Kr-84              9.552805e-08    6.601984e-08    7.678700e-08    1.874104e-08 
Kr-85              2.242894e-15    0.000000e+00    1.682329e-15    5.605650e-16 
Kr-86              2.971515e-08    2.044383e-08    2.386950e-08    5.845646e-09 
Rb-85              1.872757e-08    1.282422e-08    1.504694e-08    3.680632e-09 
Rb-86              0.000000e+00    0.000000e+00    0.000000e+00    0.000000e+00 
Rb-87              7.573849e-09    5.062758e-09    6.071998e-09    1.501850e-09 
Sr-84              4.331530e-10    3.227999e-10    3.492449e-10    8.390801e-11 
Sr-85              0.000000e+00    0.000000e+00    0.000000e+00    0.000000e+00 
Sr-86              1.029055e-08    5.844553e-09    8.216301e-09    2.074249e-09 
Sr-87              7.539710e-09    4.443118e-09    6.029388e-09    1.510322e-09 
Sr-88              8.661493e-08    5.010796e-08    6.916840e-08    1.744653e-08 
Sr-89              0.000000e+00    0.000000e+00    0.000000e+00    0.000000e+00 
Sr-90              1.137270e-13    0.000000e+00    8.601758e-14    2.770940e-14 
Y-89               2.146982e-08    1.229343e-08    1.713314e-08    4.336684e-09 
Y-90               2.893192e-17    0.000000e+00    2.188270e-17    7.049217e-18 
Zr-90              2.558716e-08    1.534361e-08    2.045288e-08    5.134285e-09 
Zr-91              5.878480e-09    3.384023e-09    4.691028e-09    1.187452e-09 
Zr-92              9.477912e-09    5.226772e-09    7.550314e-09    1.927597e-09 
Zr-93              6.893411e-10    0.000000e+00    5.300925e-10    1.592485e-10 
Zr-94              9.238339e-09    5.413280e-09    7.375887e-09    1.862451e-09 
Zr-95              0.000000e+00    0.000000e+00    0.000000e+00    0.000000e+00 
Zr-96              1.375201e-09    8.903423e-10    1.100617e-09    2.745842e-10 
Nb-93              2.553081e-09    1.900054e-09    2.058403e-09    4.946777e-10 
Nb-94              2.489130e-14    0.000000e+00    1.907380e-14    5.817497e-15 
Nb-95              0.000000e+00    0.000000e+00    0.000000e+00    0.000000e+00 
Mo-92              1.365926e-09    1.012496e-09    1.101105e-09    2.648212e-10 
Mo-93              1.599105e-12    0.000000e+00    1.240129e-12    3.589766e-13 
Mo-94              8.958812e-10    6.447522e-10    7.213727e-10    1.745085e-10 
Mo-95              1.803894e-09    1.121895e-09    1.443308e-09    3.605862e-10 
Mo-96              2.171485e-09    1.187505e-09    1.729830e-09    4.416550e-10 
Mo-97              1.118279e-09    6.875272e-10    8.945147e-10    2.237639e-10 
Mo-98              3.060487e-09    1.754359e-09    2.441914e-09    6.185730e-10 
Mo-99              0.000000e+00    0.000000e+00    0.000000e+00    0.000000e+00 
Mo-100             9.876626e-10    7.146065e-10    7.951472e-10    1.925154e-10 
Tc-99              9.265864e-11    0.000000e+00    7.130499e-11    2.135365e-11 
Ru-96              3.929864e-10    2.925638e-10    3.168473e-10    7.613913e-11 
Ru-97              0.000000e+00    0.000000e+00    0.000000e+00    0.000000e+00 
Ru-98              1.358915e-10    1.007098e-10    1.095444e-10    2.634710e-11 
Ru-99              9.356151e-10    6.945400e-10    7.542527e-10    1.813624e-10 
Ru-100             1.272031e-09    6.927902e-10    1.013242e-09    2.587894e-10 
Ru-101             1.347224e-09    9.475089e-10    1.083489e-09    2.637348e-10 
Ru-102             2.865208e-09    1.769736e-09    2.292374e-09    5.728335e-10 
Ru-103             0.000000e+00    0.000000e+00    0.000000e+00    0.000000e+00 
Ru-104             1.453636e-09    1.064926e-09    1.171042e-09    2.825936e-10 
Rh-103             1.502383e-09    1.054679e-09    1.208170e-09    2.942128e-10 
Pd-102             5.690944e-11    4.241146e-11    4.588528e-11    1.102416e-11 
Pd-103             0.000000e+00    0.000000e+00    0.000000e+00    0.000000e+00 
Pd-104             8.935939e-10    4.722820e-10    7.111226e-10    1.824714e-10 
Pd-105             1.351688e-09    9.557865e-10    1.087334e-09    2.643535e-10 
Pd-106             1.905469e-09    1.180942e-09    1.524744e-09    3.807252e-10 
Pd-107             6.335197e-11    0.000000e+00    4.879012e-11    1.456185e-11 
Pd-108             1.971295e-09    1.164921e-09    1.574626e-09    3.966692e-10 
Pd-109             0.000000e+00    0.000000e+00    0.000000e+00    0.000000e+00 
Pd-110             7.272752e-10    5.255369e-10    5.854722e-10    1.418031e-10 
Ag-107             1.051621e-09    7.840161e-10    8.479177e-10    2.037029e-10 
Ag-108             0.000000e+00    0.000000e+00    0.000000e+00    0.000000e+00 
Ag-109             1.115500e-09    7.419986e-10    8.950619e-10    2.204383e-10 
Cd-106             8.517620e-11    6.345981e-11    6.867570e-11    1.650050e-11 
Cd-107             0.000000e+00    0.000000e+00    0.000000e+00    0.000000e+00 
Cd-108             6.569276e-11    4.603590e-11    5.284996e-11    1.284280e-11 
Cd-109             0.000000e+00    0.000000e+00    0.000000e+00    0.000000e+00 
Cd-110             1.228011e-09    6.580184e-10    9.776606e-10    2.503506e-10 
Cd-111             1.030756e-09    6.804807e-10    8.268059e-10    2.039500e-10 
Cd-112             2.192357e-09    1.294369e-09    1.751066e-09    4.412909e-10 
Cd-113             1.020664e-09    6.613518e-10    8.180876e-10    2.025762e-10 
Cd-114             2.774693e-09    1.568640e-09    2.212627e-09    5.620661e-10 
Cd-115             0.000000e+00    0.000000e+00    0.000000e+00    0.000000e+00 
Cd-116             6.094037e-10    4.161239e-10    4.891504e-10    1.202533e-10 
In-113             3.500800e-11    2.603851e-11    2.822448e-11    6.783521e-12 
In-114             0.000000e+00    0.000000e+00    0.000000e+00    0.000000e+00 
In-115             9.270903e-10    5.914896e-10    7.425737e-10    1.845166e-10 
Sn-112             1.640082e-10    1.221013e-10    1.322326e-10    3.177563e-11 
Sn-113             0.000000e+00    0.000000e+00    0.000000e+00    0.000000e+00 
Sn-114             1.142558e-10    8.434768e-11    9.209039e-11    2.216542e-11 
Sn-115             5.925871e-11    4.377039e-11    4.776349e-11    1.149522e-11 
Sn-116             3.389593e-09    1.893153e-09    2.701701e-09    6.878925e-10 
Sn-117             1.625761e-09    1.008332e-09    1.300688e-09    3.250724e-10 
Sn-118             5.586495e-09    3.209171e-09    4.455877e-09    1.130618e-09 
Sn-119             1.923488e-09    1.147018e-09    1.536295e-09    3.871937e-10 
Sn-120             7.778503e-09    4.391253e-09    6.198952e-09    1.579552e-09 
Sn-121             0.000000e+00    0.000000e+00    0.000000e+00    0.000000e+00 
Sn-122             9.737248e-10    6.340593e-10    7.798420e-10    1.938827e-10 
Sn-123             0.000000e+00    0.000000e+00    0.000000e+00    0.000000e+00 
Sn-124             1.101180e-09    8.059500e-10    8.872419e-10    2.139386e-10 
Sb-121             9.955371e-10    6.317758e-10    7.969436e-10    1.985935e-10 
Sb-122             0.000000e+00    0.000000e+00    0.000000e+00    0.000000e+00 
Sb-123             6.679726e-10    4.802859e-10    5.375708e-10    1.304018e-10 
Te-120             2.184299e-11    1.628304e-11    1.761187e-11    4.231121e-12 
Te-121             0.000000e+00    0.000000e+00    0.000000e+00    0.000000e+00 
Te-122             8.311932e-10    4.488662e-10    6.614249e-10    1.697683e-10 
Te-123             2.914001e-10    1.578606e-10    2.319237e-10    5.947643e-11 
Te-124             1.593740e-09    8.440945e-10    1.267300e-09    3.264391e-10 
Te-125             1.846679e-09    1.261335e-09    1.483037e-09    3.636427e-10 
Te-126             5.421920e-09    3.375270e-09    4.337415e-09    1.084505e-09 
Te-127             0.000000e+00    0.000000e+00    0.000000e+00    0.000000e+00 
Te-128             7.848402e-09    5.732895e-09    6.322655e-09    1.525747e-09 
Te-129             0.000000e+00    0.000000e+00    0.000000e+00    0.000000e+00 
Te-130             8.481087e-09    6.210550e-09    6.833569e-09    1.647518e-09 
I-127              2.075341e-09    1.459105e-09    1.668807e-09    4.065337e-10 
I-128              0.000000e+00    0.000000e+00    0.000000e+00    0.000000e+00 
I-129              3.595737e-12    0.000000e+00    2.753399e-12    8.423376e-13 
Xe-124             2.963638e-11    2.209501e-11    2.389571e-11    5.740664e-12 
Xe-125             0.000000e+00    0.000000e+00    0.000000e+00    0.000000e+00 
Xe-126             2.617330e-11    1.949268e-11    2.110266e-11    5.070641e-12 
Xe-127             0.000000e+00    0.000000e+00    0.000000e+00    0.000000e+00 
Xe-128             8.083294e-10    3.942736e-10    6.410937e-10    1.672357e-10 
Xe-129             6.685516e-09    4.892977e-09    5.385892e-09    1.299624e-09 
Xe-130             1.702393e-09    7.865029e-10    1.348375e-09    3.540189e-10 
Xe-131             5.550041e-09    3.944670e-09    4.465320e-09    1.084720e-09 
Xe-132             7.774479e-09    4.806204e-09    6.218497e-09    1.555983e-09 
Xe-134             2.500518e-09    1.787989e-09    2.011941e-09    4.885773e-10 
Xe-135             0.000000e+00    0.000000e+00    0.000000e+00    0.000000e+00 
Xe-136             2.037858e-09    1.478416e-09    1.641353e-09    3.965056e-10 
Cs-133             2.097136e-09    1.426049e-09    1.683899e-09    4.132374e-10 
Cs-134             6.441643e-43    0.000000e+00    4.717604e-43    1.724039e-43 
Cs-135             9.807181e-11    0.000000e+00    7.496575e-11    2.310607e-11 
Ba-130             2.433441e-11    1.814312e-11    1.962079e-11    4.713626e-12 
Ba-131             0.000000e+00    0.000000e+00    0.000000e+00    0.000000e+00 
Ba-132             2.365271e-11    1.762128e-11    1.907062e-11    4.582094e-12 
Ba-133             9.908882e-25    0.000000e+00    7.435727e-25    2.473154e-25 
Ba-134             1.006258e-09    4.272326e-10    7.952367e-10    2.110210e-10 
Ba-135             1.724439e-09    1.173907e-09    1.384876e-09    3.395636e-10 
Ba-136             3.143155e-09    1.408826e-09    2.486073e-09    6.570821e-10 
Ba-137             3.703903e-09    2.029834e-09    2.947951e-09    7.559522e-10 
Ba-138             2.562149e-08    1.305194e-08    2.032305e-08    5.298441e-09 
La-138             2.154405e-12    1.604073e-12    1.737003e-12    4.174014e-13 
La-139             3.281401e-09    1.790218e-09    2.609148e-09    6.722529e-10 
Ce-136             1.125046e-11    8.381751e-12    9.070985e-12    2.179470e-12 
Ce-137             0.000000e+00    0.000000e+00    0.000000e+00    0.000000e+00 
Ce-138             1.542766e-11    1.147719e-11    1.243828e-11    2.989380e-12 
Ce-139             0.000000e+00    0.000000e+00    0.000000e+00    0.000000e+00 
Ce-140             7.573810e-09    4.103022e-09    6.020428e-09    1.553382e-09 
Ce-141             0.000000e+00    0.000000e+00    0.000000e+00    0.000000e+00 
Ce-142             7.374468e-10    5.229277e-10    5.929484e-10    1.444984e-10 
Pr-141             1.124372e-09    6.910381e-10    8.982070e-10    2.261645e-10 
Nd-142             1.814666e-09    9.919756e-10    1.442828e-09    3.718377e-10 
Nd-143             6.765369e-10    4.483556e-10    5.422922e-10    1.342447e-10 
Nd-144             1.412445e-09    8.826112e-10    1.129095e-09    2.833501e-10 
Nd-145             4.574262e-10    3.095487e-10    3.670181e-10    9.040808e-11 
Nd-146             1.063984e-09    6.447718e-10    8.494337e-10    2.145508e-10 
Nd-147             0.000000e+00    0.000000e+00    0.000000e+00    0.000000e+00 
Nd-148             3.146244e-10    2.185025e-10    2.526886e-10    6.193581e-11 
Nd-149             0.000000e+00    0.000000e+00    0.000000e+00    0.000000e+00 
Nd-150             2.915187e-10    2.168256e-10    2.350280e-10    5.649074e-11 
Pm-147             6.795080e-29    0.000000e+00    4.985344e-29    1.809736e-29 
Sm-144             4.964234e-11    3.683532e-11    4.001943e-11    9.622912e-12 
Sm-147             2.688767e-10    1.834427e-10    2.158153e-10    5.306140e-11 
Sm-148             2.338281e-10    1.384631e-10    1.865815e-10    4.724661e-11 
Sm-149             2.387145e-10    1.713731e-10    1.921004e-10    4.661406e-11 
Sm-150             1.640723e-10    9.213125e-11    1.305859e-10    3.348640e-11 
Sm-151             4.714234e-13    0.000000e+00    3.576012e-13    1.138222e-13 
Sm-152             4.891372e-10    3.383156e-10    3.928975e-10    9.623971e-11 
Sm-153             0.000000e+00    0.000000e+00    0.000000e+00    0.000000e+00 
Sm-154             4.009620e-10    2.916240e-10    3.228471e-10    7.811486e-11 
Eu-151             2.785160e-10    2.036004e-10    2.243393e-10    5.417667e-11 
Eu-152             1.845204e-20    0.000000e+00    1.382446e-20    4.627585e-21 
Eu-153             3.088495e-10    2.251965e-10    2.487366e-10    6.011295e-11 
Gd-152             4.653240e-12    2.947193e-12    3.725743e-12    9.274969e-13 
Gd-153             0.000000e+00    0.000000e+00    0.000000e+00    0.000000e+00 
Gd-154             5.737413e-11    3.209515e-11    4.567093e-11    1.170320e-11 
Gd-155             3.018460e-10    2.192151e-10    2.430422e-10    5.880383e-11 
Gd-156             4.374910e-10    3.051047e-10    3.515652e-10    8.592583e-11 
Gd-157             3.279844e-10    2.348264e-10    2.639091e-10    6.407529e-11 
Gd-158             5.548464e-10    3.749720e-10    4.452213e-10    1.096251e-10 
Gd-159             0.000000e+00    0.000000e+00    0.000000e+00    0.000000e+00 
Gd-160             4.553025e-10    3.342894e-10    3.668015e-10    8.850103e-11 
Tb-159             3.822989e-10    2.764904e-10    3.077705e-10    7.452839e-11 
Dy-156             1.346054e-12    1.003681e-12    1.085324e-12    2.607304e-13 
Dy-157             0.000000e+00    0.000000e+00    0.000000e+00    0.000000e+00 
Dy-158             2.338879e-12    1.742654e-12    1.885777e-12    4.531017e-13 
Dy-159             0.000000e+00    0.000000e+00    0.000000e+00    0.000000e+00 
Dy-160             7.542571e-11    4.301488e-11    6.009325e-11    1.533246e-11 
Dy-161             4.785435e-10    3.497843e-10    3.854586e-10    9.308493e-11 
Dy-162             6.762833e-10    4.747974e-10    5.436668e-10    1.326165e-10 
Dy-163             6.424889e-10    4.663048e-10    5.173388e-10    1.251500e-10 
Dy-164             7.954910e-10    5.311557e-10    6.380368e-10    1.574543e-10 
Ho-165             5.846765e-10    4.243917e-10    4.707967e-10    1.138798e-10 
Er-162             2.157672e-12    1.608861e-12    1.739731e-12    4.179406e-13 
Er-163             0.000000e+00    0.000000e+00    0.000000e+00    0.000000e+00 
Er-164             2.565434e-11    1.912858e-11    2.068509e-11    4.969255e-12 
Er-165             0.000000e+00    0.000000e+00    0.000000e+00    0.000000e+00 
Er-166             5.688603e-10    4.044450e-10    4.576341e-10    1.112261e-10 
Er-167             3.848168e-10    2.775897e-10    3.097753e-10    7.504154e-11 
Er-168             4.930355e-10    3.262608e-10    3.953166e-10    9.771892e-11 
Er-169             0.000000e+00    0.000000e+00    0.000000e+00    0.000000e+00 
Er-170             2.671052e-10    1.839889e-10    2.144789e-10    5.262624e-11 
Tm-169             2.599847e-10    1.854256e-10    2.091659e-10    5.081877e-11 
Yb-168             2.123281e-12    1.583199e-12    1.712001e-12    4.112796e-13 
Yb-169             0.000000e+00    0.000000e+00    0.000000e+00    0.000000e+00 
Yb-170             6.675203e-11    3.746325e-11    5.317859e-11    1.357344e-11 
Yb-171             2.600922e-10    1.770138e-10    2.087819e-10    5.131026e-11 
Yb-172             4.208379e-10    2.721856e-10    3.371119e-10    8.372605e-11 
Yb-173             2.984280e-10    2.022849e-10    2.395426e-10    5.888539e-11 
Yb-174             6.616871e-10    4.014845e-10    5.285930e-10    1.330942e-10 
Yb-175             0.000000e+00    0.000000e+00    0.000000e+00    0.000000e+00 
Yb-176             2.313691e-10    1.627969e-10    1.859704e-10    4.539861e-11 
Lu-175             2.623546e-10    1.827895e-10    2.108443e-10    5.151031e-11 
Lu-176             1.462102e-11    4.876274e-12    1.146270e-11    3.158327e-12 
Hf-174             1.651313e-12    1.231253e-12    1.331453e-12    3.198602e-13 
Hf-175             0.000000e+00    0.000000e+00    0.000000e+00    0.000000e+00 
Hf-176             6.431828e-11    4.036188e-11    5.145957e-11    1.285871e-11 
Hf-177             2.074115e-10    1.437825e-10    1.666469e-10    4.076457e-11 
Hf-178             3.470284e-10    2.121343e-10    2.773007e-10    6.972770e-11 
Hf-179             1.645992e-10    1.065106e-10    1.318437e-10    3.275552e-11 
Hf-180             4.884194e-10    2.758446e-10    3.890448e-10    9.937464e-11 
Hf-181             0.000000e+00    0.000000e+00    0.000000e+00    0.000000e+00 
Hf-182             3.227975e-12    0.000000e+00    2.455317e-12    7.726587e-13 
Ta-180             3.260510e-14    2.429185e-14    2.628831e-14    6.316790e-15 
Ta-181             2.907585e-10    1.985674e-10    2.334472e-10    5.731124e-11 
W-180              1.131732e-12    8.394836e-13    9.122958e-13    2.194359e-13 
W-181              0.000000e+00    0.000000e+00    0.000000e+00    0.000000e+00 
W-182              3.004800e-10    1.877481e-10    2.403593e-10    6.012073e-11 
W-183              1.686519e-10    1.019725e-10    1.346975e-10    3.395441e-11 
W-184              3.752893e-10    2.194930e-10    2.993100e-10    7.597923e-11 
W-185              0.000000e+00    0.000000e+00    0.000000e+00    0.000000e+00 
W-186              3.041005e-10    2.058307e-10    2.439749e-10    6.012562e-11 
Re-185             1.579399e-10    1.047859e-10    1.266247e-10    3.131525e-11 
Re-186             0.000000e+00    0.000000e+00    0.000000e+00    0.000000e+00 
Re-187             2.452039e-10    1.773016e-10    1.973829e-10    4.782103e-11 
Os-184             9.534747e-13    7.108303e-13    7.687827e-13    1.846919e-13 
Os-185             0.000000e+00    0.000000e+00    0.000000e+00    0.000000e+00 
Os-186             1.065881e-10    5.778212e-11    8.479099e-11    2.179716e-11 
Os-187             8.866899e-11    5.998274e-11    7.117239e-11    1.749660e-11 
Os-188             7.127427e-10    4.873616e-10    5.722664e-10    1.404763e-10 
Os-189             8.135915e-10    5.973629e-10    6.554869e-10    1.581046e-10 
Os-190             1.374263e-09    9.765959e-10    1.105431e-09    2.688323e-10 
Os-191             0.000000e+00    0.000000e+00    0.000000e+00    0.000000e+00 
Os-192             2.086828e-09    1.532704e-09    1.681304e-09    4.055238e-10 
Ir-191             1.831956e-09    1.357372e-09    1.476633e-09    3.553227e-10 
Ir-192             0.000000e+00    0.000000e+00    0.000000e+00    0.000000e+00 
Ir-193             3.112095e-09    2.308350e-09    2.508623e-09    6.034721e-10 
Pt-190             1.352840e-12    1.008463e-12    1.090786e-12    2.620543e-13 
Pt-191             0.000000e+00    0.000000e+00    0.000000e+00    0.000000e+00 
Pt-192             9.459624e-11    5.850019e-11    7.564466e-11    1.895158e-11 
Pt-193             1.320836e-13    0.000000e+00    1.005890e-13    3.149462e-14 
Pt-194             3.397451e-09    2.489798e-09    2.737099e-09    6.603516e-10 
Pt-195             3.469469e-09    2.568263e-09    2.796472e-09    6.729969e-10 
Pt-196             2.717500e-09    1.926003e-09    2.186091e-09    5.314088e-10 
Pt-197             0.000000e+00    0.000000e+00    0.000000e+00    0.000000e+00 
Pt-198             7.490603e-10    5.521699e-10    6.036377e-10    1.454226e-10 
Au-197             1.495336e-09    1.083301e-09    1.204102e-09    2.912346e-10 
Au-198             0.000000e+00    0.000000e+00    0.000000e+00    0.000000e+00 
Au-199             0.000000e+00    0.000000e+00    0.000000e+00    0.000000e+00 
Hg-196             4.042581e-12    3.009384e-12    3.259345e-12    7.832357e-13 
Hg-197             0.000000e+00    0.000000e+00    0.000000e+00    0.000000e+00 
Hg-198             3.987349e-10    1.974950e-10    3.165410e-10    8.219388e-11 
Hg-199             5.130454e-10    3.359915e-10    4.113339e-10    1.017115e-10 
Hg-200             8.101324e-10    4.622210e-10    6.460157e-10    1.641167e-10 
Hg-201             4.346977e-10    2.651107e-10    3.474819e-10    8.721584e-11 
Hg-202             1.072202e-09    6.036257e-10    8.543001e-10    2.179024e-10 
Hg-203             0.000000e+00    0.000000e+00    0.000000e+00    0.000000e+00 
Hg-204             1.945095e-10    1.401373e-10    1.565769e-10    3.793263e-11 
Tl-203             5.426966e-10    3.220729e-10    4.331978e-10    1.094988e-10 
Tl-204             1.212479e-24    0.000000e+00    8.899894e-25    3.224897e-25 
Tl-205             1.209257e-09    7.763865e-10    9.682288e-10    2.410279e-10 
Pb-204             5.282301e-10    2.931006e-10    4.205103e-10    1.077198e-10 
Pb-205             1.461126e-12    0.000000e+00    1.111778e-12    3.493482e-13 
Pb-206             4.235585e-09    2.797732e-09    3.394782e-09    8.408026e-10 
Pb-207             4.473991e-09    3.089652e-09    3.593541e-09    8.804500e-10 
Pb-208             1.238213e-08    8.849766e-09    9.964661e-09    2.417464e-09 
Bi-209             1.203647e-09    8.718247e-10    9.693655e-10    2.342813e-10 
Bi-210             4.536899e-24    0.000000e+00    3.375862e-24    1.161037e-24 
