# Battino yields
# Model: m3z2m2
# Mini: 3.00
# Z: 2.00e-02
# Mfinal: 0.6557274571432732
# Mfinal (MESA): 0.6868290554247601
# Created by Daniel Boyea on 2024-12-06
isotope         wind_yield      initial_abundance wind_yield_mesaevo wind_yield_postmesa 
Neutron-1          2.344401e-99    1.000000e-99    2.313300e-99   3.110160e-101 
H-1                1.541294e+00    7.064434e-01    1.521032e+00    2.026196e-02 
H-2                6.104375e-06    1.370527e-05    6.026906e-06    7.746929e-08 
He-3               3.272938e-04    4.539991e-05    3.229797e-04    4.314057e-06 
He-4               7.110988e-01    2.734975e-01    7.016227e-01    9.476061e-03 
Be-7               1.394696e-10    1.000000e-99    1.372507e-10    2.218895e-12 
B-8                2.757803e-27    1.000000e-99    2.680934e-27    7.686954e-29 
Li-7               3.734624e-11    7.605094e-11    3.685451e-11    4.917279e-13 
C-11               2.976202e-26    1.000000e-99    2.915044e-26    6.115824e-28 
B-11               6.694987e-09    2.855891e-09    6.606164e-09    8.882278e-11 
C-12               3.506677e-02    3.424729e-03    3.450890e-02    5.578651e-04 
C-13               2.278409e-04    4.156115e-05    2.248368e-04    3.004045e-06 
N-13               1.910644e-19    1.000000e-99    1.841969e-19    6.867479e-21 
N-14               7.198551e-03    1.058808e-03    7.103496e-03    9.505592e-05 
C-14               6.804189e-08    1.000000e-99    6.679687e-08    1.245029e-09 
N-15               4.396709e-06    4.170720e-06    4.339124e-06    5.758530e-08 
O-16               3.232623e-02    9.624352e-03    3.185777e-02    4.684563e-04 
O-17               6.480537e-05    3.813070e-06    6.394937e-05    8.560004e-07 
O-18               3.469261e-05    2.171062e-05    3.423711e-05    4.554928e-07 
F-17               3.147448e-25    1.000000e-99    3.032579e-25    1.148689e-26 
F-18               5.842507e-27    1.000000e-99    5.629140e-27    2.133670e-28 
F-19               5.115994e-06    5.610951e-07    5.030289e-06    8.570488e-08 
Ne-20              4.291997e-03    1.817733e-03    4.234868e-03    5.712809e-05 
Ne-21              1.299257e-05    4.575277e-06    1.281127e-05    1.813023e-07 
Ne-22              2.807713e-03    1.470235e-04    2.759985e-03    4.772763e-05 
Na-22              1.351579e-15    1.000000e-99    1.326106e-15    2.547252e-17 
Na-23              1.531533e-04    3.999546e-05    1.510313e-04    2.122002e-06 
Mg-23              2.344401e-99    1.000000e-99    2.313300e-99   3.110160e-101 
Mg-24              1.393960e-03    5.862424e-04    1.375378e-03    1.858220e-05 
Mg-25              3.067836e-04    7.733092e-05    3.020819e-04    4.701706e-06 
Mg-26              4.698371e-04    8.848024e-05    4.622540e-04    7.583084e-06 
Al-26              1.892991e-07    1.000000e-99    1.864735e-07    2.825535e-09 
Al-27              1.568122e-04    6.481069e-05    1.547110e-04    2.101194e-06 
Si-27              2.344401e-99    1.000000e-99    2.313300e-99   3.110160e-101 
Si-28              1.745506e-03    7.452665e-04    1.722355e-03    2.315149e-05 
Si-29              9.369787e-05    3.919403e-05    9.244720e-05    1.250674e-06 
Si-30              6.906265e-05    2.672780e-05    6.811875e-05    9.438984e-07 
P-31               1.775656e-05    7.106317e-06    1.751579e-05    2.407710e-07 
S-31               2.344401e-99    1.000000e-99    2.313300e-99   3.110160e-101 
Be-8               2.344401e-99    1.000000e-99    2.313300e-99   3.110160e-101 
O-14               2.344401e-99    1.000000e-99    2.313300e-99   3.110160e-101 
O-15               1.392483e-24    1.000000e-99    1.355852e-24    3.663069e-26 
Na-21              2.133992e-31    1.000000e-99    2.055994e-31    7.799790e-33 
Al-25              2.344401e-99    1.000000e-99    2.313300e-99   3.110160e-101 
P-29               2.344401e-99    1.000000e-99    2.313300e-99   3.110160e-101 
P-30               2.344401e-99    1.000000e-99    2.313300e-99   3.110160e-101 
Pb-206             2.036664e-08    2.797732e-09    2.005706e-08    3.095815e-10 
Pb-207             1.783797e-08    3.089652e-09    1.756930e-08    2.686692e-10 
Bi-211             2.344401e-99    1.000000e-99    2.313300e-99   3.110160e-101 
Po-210             2.344401e-99    1.000000e-99    2.313300e-99   3.110160e-101 
F-20               2.344401e-99    1.000000e-99    2.313300e-99   3.110160e-101 
Ne-19              2.344401e-99    1.000000e-99    2.313300e-99   3.110160e-101 
Na-24              4.107489e-91    1.000000e-99    3.957332e-91    1.501568e-92 
Mg-27              2.344401e-99    1.000000e-99    2.313300e-99   3.110160e-101 
Mg-28              2.344401e-99    1.000000e-99    2.313300e-99   3.110160e-101 
Al-28              2.344401e-99    1.000000e-99    2.313300e-99   3.110160e-101 
Al-29              2.344401e-99    1.000000e-99    2.313300e-99   3.110160e-101 
Si-31              2.346882e-99    1.000000e-99    2.315690e-99   3.119228e-101 
Si-32              1.063265e-10    1.000000e-99    1.042028e-10    2.123677e-12 
P-32               2.414131e-14    1.000000e-99    2.365913e-14    4.821783e-16 
P-33               2.344401e-99    1.000000e-99    2.313300e-99   3.110160e-101 
P-34               2.344401e-99    1.000000e-99    2.313300e-99   3.110160e-101 
P-35               2.344401e-99    1.000000e-99    2.313300e-99   3.110160e-101 
S-32               9.343495e-04    4.010872e-04    9.219782e-04    1.237134e-05 
S-33               8.048460e-06    3.264811e-06    7.940406e-06    1.080538e-07 
S-34               4.596056e-05    1.890425e-05    4.534403e-05    6.165267e-07 
S-35               6.259197e-94    1.000000e-99    6.030363e-94    2.288345e-95 
S-36               3.861623e-07    8.072988e-08    3.802254e-07    5.936879e-09 
S-37               2.344401e-99    1.000000e-99    2.313300e-99   3.110160e-101 
S-38               2.344401e-99    1.000000e-99    2.313300e-99   3.110160e-101 
Cl-34              2.344401e-99    1.000000e-99    2.313300e-99   3.110160e-101 
Cl-35              1.578587e-05    6.821093e-06    1.557722e-05    2.086460e-07 
Cl-36              3.057540e-08    1.000000e-99    3.007386e-08    5.015350e-10 
Cl-37              6.472735e-06    2.305792e-06    6.382906e-06    8.982871e-08 
Cl-38              2.344401e-99    1.000000e-99    2.313300e-99   3.110160e-101 
Cl-39              2.344401e-99    1.000000e-99    2.313300e-99   3.110160e-101 
Cl-40              2.344401e-99    1.000000e-99    2.313300e-99   3.110160e-101 
Ar-35              2.344401e-99    1.000000e-99    2.313300e-99   3.110160e-101 
Ar-36              1.897184e-04    8.202156e-05    1.872115e-04    2.506908e-06 
Ar-37              6.202924e-10    1.000000e-99    6.089447e-10    1.134772e-11 
Ar-38              3.797684e-05    1.574147e-05    3.746872e-05    5.081184e-07 
Ar-39              7.068188e-08    1.000000e-99    6.941159e-08    1.270286e-09 
Ar-40              1.258300e-07    2.650196e-08    1.238541e-07    1.975856e-09 
Ar-41              2.344401e-99    1.000000e-99    2.313300e-99   3.110160e-101 
Ar-42              4.221493e-14    1.000000e-99    4.129933e-14    9.156057e-16 
Ar-43              2.344401e-99    1.000000e-99    2.313300e-99   3.110160e-101 
Ar-44              2.344401e-99    1.000000e-99    2.313300e-99   3.110160e-101 
K-38               2.344401e-99    1.000000e-99    2.313300e-99   3.110160e-101 
K-39               9.210330e-06    3.899726e-06    9.087843e-06    1.224866e-07 
K-40               5.037522e-08    5.005111e-10    4.952658e-08    8.486485e-10 
K-41               7.511779e-07    2.958666e-07    7.409944e-07    1.018344e-08 
K-42               1.847077e-18    1.000000e-99    1.807016e-18    4.006153e-20 
K-43               2.344401e-99    1.000000e-99    2.313300e-99   3.110160e-101 
K-44               2.344401e-99    1.000000e-99    2.313300e-99   3.110160e-101 
K-45               2.344401e-99    1.000000e-99    2.313300e-99   3.110160e-101 
K-46               2.344401e-99    1.000000e-99    2.313300e-99   3.110160e-101 
Ca-39              2.344401e-99    1.000000e-99    2.313300e-99   3.110160e-101 
Ca-40              1.677111e-04    7.225208e-05    1.654928e-04    2.218316e-06 
Ca-41              5.992802e-08    1.000000e-99    5.894546e-08    9.825599e-10 
Ca-42              1.295192e-06    5.063333e-07    1.277596e-06    1.759615e-08 
Ca-43              2.800803e-07    1.081646e-07    2.762575e-07    3.822879e-09 
Ca-44              4.039659e-06    1.710212e-06    3.985908e-06    5.375068e-08 
Ca-45              1.296828e-90    1.000000e-99    1.249419e-90    4.740972e-92 
Ca-46              1.382905e-08    3.428473e-09    1.361281e-08    2.162368e-10 
Ca-47              2.344401e-99    1.000000e-99    2.313300e-99   3.110160e-101 
Ca-48              3.913415e-07    1.672498e-07    3.861527e-07    5.188869e-09 
Ca-49              2.344401e-99    1.000000e-99    2.313300e-99   3.110160e-101 
Sc-43              2.344401e-99    1.000000e-99    2.313300e-99   3.110160e-101 
Sc-44              2.344401e-99    1.000000e-99    2.313300e-99   3.110160e-101 
Sc-45              1.493451e-07    5.413715e-08    1.472700e-07    2.075113e-09 
Sc-46              9.850837e-89    1.000000e-99    9.490699e-89    3.601390e-90 
Sc-47              2.344401e-99    1.000000e-99    2.313300e-99   3.110160e-101 
Sc-48              2.344401e-99    1.000000e-99    2.313300e-99   3.110160e-101 
Sc-49              2.344401e-99    1.000000e-99    2.313300e-99   3.110160e-101 
Sc-50              2.344401e-99    1.000000e-99    2.313300e-99   3.110160e-101 
Ti-44              1.086952e-22    1.000000e-99    1.068116e-22    1.883521e-24 
Ti-45              2.344401e-99    1.000000e-99    2.313300e-99   3.110160e-101 
Ti-46              7.674156e-07    3.231782e-07    7.571952e-07    1.022049e-08 
Ti-47              6.905919e-07    2.976998e-07    6.814499e-07    9.141977e-09 
Ti-48              6.914154e-06    3.013765e-06    6.822965e-06    9.118863e-08 
Ti-49              6.184287e-07    2.257335e-07    6.099275e-07    8.501197e-09 
Ti-50              6.566020e-07    2.208013e-07    6.473427e-07    9.259330e-09 
Ti-51              2.344401e-99    1.000000e-99    2.313300e-99   3.110160e-101 
Ti-52              2.344401e-99    1.000000e-99    2.313300e-99   3.110160e-101 
V-47               2.344401e-99    1.000000e-99    2.313300e-99   3.110160e-101 
V-48               2.344401e-99    1.000000e-99    2.313300e-99   3.110160e-101 
V-49               7.462537e-18    1.000000e-99    7.330016e-18    1.325207e-19 
V-50               2.313728e-09    1.015480e-09    2.283270e-09    3.045817e-11 
V-51               9.634854e-07    4.137779e-07    9.507309e-07    1.275449e-08 
V-52               2.344401e-99    1.000000e-99    2.313300e-99   3.110160e-101 
V-53               2.344401e-99    1.000000e-99    2.313300e-99   3.110160e-101 
Cr-48              2.344401e-99    1.000000e-99    2.313300e-99   3.110160e-101 
Cr-49              2.344401e-99    1.000000e-99    2.313300e-99   3.110160e-101 
Cr-50              1.883003e-06    8.265377e-07    1.858216e-06    2.478752e-08 
Cr-51              2.476636e-11    1.000000e-99    2.429894e-11    4.674129e-13 
Cr-52              3.846469e-05    1.657585e-05    3.795598e-05    5.087090e-07 
Cr-53              4.458544e-06    1.915622e-06    4.399525e-06    5.901931e-08 
Cr-54              1.511035e-06    4.857946e-07    1.489581e-06    2.145403e-08 
Cr-55              2.344401e-99    1.000000e-99    2.313300e-99   3.110160e-101 
Cr-56              2.344401e-99    1.000000e-99    2.313300e-99   3.110160e-101 
Mn-51              2.344401e-99    1.000000e-99    2.313300e-99   3.110160e-101 
Mn-52              2.344401e-99    1.000000e-99    2.313300e-99   3.110160e-101 
Mn-53              1.214685e-17    1.000000e-99    1.193316e-17    2.136907e-19 
Mn-54              5.529694e-18    1.000000e-99    5.430596e-18    9.909784e-20 
Mn-55              2.551846e-05    1.098109e-05    2.518127e-05    3.371940e-07 
Mn-56              2.344421e-99    1.000000e-99    2.313318e-99   3.110230e-101 
Mn-57              2.344401e-99    1.000000e-99    2.313300e-99   3.110160e-101 
Fe-52              2.344401e-99    1.000000e-99    2.313300e-99   3.110160e-101 
Fe-53              2.344401e-99    1.000000e-99    2.313300e-99   3.110160e-101 
Fe-54              1.855817e-04    8.118227e-05    1.831367e-04    2.444930e-06 
Fe-55              5.571464e-07    1.000000e-99    5.479529e-07    9.193521e-09 
Fe-56              3.058002e-03    1.321588e-03    3.017592e-03    4.040956e-05 
Fe-57              8.317220e-05    3.106624e-05    8.203534e-05    1.136856e-06 
Fe-58              2.984756e-05    4.206879e-06    2.937654e-05    4.710187e-07 
Fe-59              9.971493e-41    1.000000e-99    9.606854e-41    3.646390e-42 
Fe-60              6.523530e-07    1.000000e-99    6.398975e-07    1.245558e-08 
Fe-61              2.344401e-99    1.000000e-99    2.313300e-99   3.110160e-101 
Co-55              2.344401e-99    1.000000e-99    2.313300e-99   3.110160e-101 
Co-56              2.344401e-99    1.000000e-99    2.313300e-99   3.110160e-101 
Co-57              4.650367e-17    1.000000e-99    4.567203e-17    8.316351e-19 
Co-58              4.201189e-30    1.000000e-99    4.111657e-30    8.953191e-32 
Co-59              1.407209e-05    3.991489e-06    1.386627e-05    2.058237e-07 
Co-60              1.341068e-13    1.000000e-99    1.307401e-13    3.366662e-15 
Co-61              2.344401e-99    1.000000e-99    2.313300e-99   3.110160e-101 
Co-62              2.344401e-99    1.000000e-99    2.313300e-99   3.110160e-101 
Co-63              2.344401e-99    1.000000e-99    2.313300e-99   3.110160e-101 
Ni-56              2.344401e-99    1.000000e-99    2.313300e-99   3.110160e-101 
Ni-57              2.344401e-99    1.000000e-99    2.313300e-99   3.110160e-101 
Ni-58              1.305750e-04    5.710980e-05    1.288548e-04    1.720269e-06 
Ni-59              3.804714e-07    1.000000e-99    3.743083e-07    6.163037e-09 
Ni-60              5.607776e-05    2.275717e-05    5.532274e-05    7.550204e-07 
Ni-61              4.088011e-06    1.005726e-06    4.026593e-06    6.141821e-08 
Ni-62              1.118018e-05    3.259262e-06    1.101541e-05    1.647699e-07 
Ni-63              2.989556e-07    1.000000e-99    2.933591e-07    5.596461e-09 
Ni-64              4.171152e-06    8.568133e-07    4.103539e-06    6.761378e-08 
Ni-65              2.344401e-99    1.000000e-99    2.313300e-99   3.110160e-101 
Ni-66              2.344401e-99    1.000000e-99    2.313300e-99   3.110160e-101 
Ni-67              2.344401e-99    1.000000e-99    2.313300e-99   3.110160e-101 
Ni-68              2.344401e-99    1.000000e-99    2.313300e-99   3.110160e-101 
Cu-60              2.344401e-99    1.000000e-99    2.313300e-99   3.110160e-101 
Cu-61              2.344401e-99    1.000000e-99    2.313300e-99   3.110160e-101 
Cu-62              2.344401e-99    1.000000e-99    2.313300e-99   3.110160e-101 
Cu-63              2.481563e-06    6.600340e-07    2.444379e-06    3.718373e-08 
Cu-64              1.623636e-89    1.000000e-99    1.564281e-89    5.935497e-91 
Cu-65              1.370665e-06    3.034684e-07    1.348782e-06    2.188309e-08 
Cu-66              2.344401e-99    1.000000e-99    2.313300e-99   3.110160e-101 
Cu-67              2.344401e-99    1.000000e-99    2.313300e-99   3.110160e-101 
Cu-68              2.344401e-99    1.000000e-99    2.313300e-99   3.110160e-101 
Cu-69              2.344401e-99    1.000000e-99    2.313300e-99   3.110160e-101 
Cu-70              2.344401e-99    1.000000e-99    2.313300e-99   3.110160e-101 
Cu-71              2.344401e-99    1.000000e-99    2.313300e-99   3.110160e-101 
Zn-62              2.344401e-99    1.000000e-99    2.313300e-99   3.110160e-101 
Zn-63              2.344401e-99    1.000000e-99    2.313300e-99   3.110160e-101 
Zn-64              2.832966e-06    1.130751e-06    2.794518e-06    3.844746e-08 
Zn-65              3.972954e-09    1.000000e-99    3.898350e-09    7.460361e-11 
Zn-66              2.085036e-06    6.690076e-07    2.054360e-06    3.067612e-08 
Zn-67              3.456971e-07    9.980253e-08    3.404545e-07    5.242635e-09 
Zn-68              1.594392e-06    4.632262e-07    1.570027e-06    2.436534e-08 
Zn-69              2.344401e-99    1.000000e-99    2.313300e-99   3.110160e-101 
Zn-70              3.692142e-08    1.576786e-08    3.642878e-08    4.926371e-10 
Zn-71              2.344401e-99    1.000000e-99    2.313300e-99   3.110160e-101 
Zn-72              2.344401e-99    1.000000e-99    2.313300e-99   3.110160e-101 
Zn-73              2.344401e-99    1.000000e-99    2.313300e-99   3.110160e-101 
Zn-74              2.344401e-99    1.000000e-99    2.313300e-99   3.110160e-101 
Ga-65              2.344401e-99    1.000000e-99    2.313300e-99   3.110160e-101 
Ga-66              2.344401e-99    1.000000e-99    2.313300e-99   3.110160e-101 
Ga-67              2.344401e-99    1.000000e-99    2.313300e-99   3.110160e-101 
Ga-68              2.344401e-99    1.000000e-99    2.313300e-99   3.110160e-101 
Ga-69              1.757051e-07    4.550546e-08    1.729368e-07    2.768315e-09 
Ga-70              2.344401e-99    1.000000e-99    2.313300e-99   3.110160e-101 
Ga-71              1.150617e-07    3.107622e-08    1.132722e-07    1.789543e-09 
Ga-72              2.353983e-99    1.000000e-99    2.322531e-99   3.145192e-101 
Ga-73              2.344401e-99    1.000000e-99    2.313300e-99   3.110160e-101 
Ga-74              2.344401e-99    1.000000e-99    2.313300e-99   3.110160e-101 
Ga-75              2.344401e-99    1.000000e-99    2.313300e-99   3.110160e-101 
Ge-66              2.344401e-99    1.000000e-99    2.313300e-99   3.110160e-101 
Ge-67              2.344401e-99    1.000000e-99    2.313300e-99   3.110160e-101 
Ge-68              2.344401e-99    1.000000e-99    2.313300e-99   3.110160e-101 
Ge-69              2.344401e-99    1.000000e-99    2.313300e-99   3.110160e-101 
Ge-70              2.172182e-07    5.157185e-08    2.137228e-07    3.495378e-09 
Ge-71              3.215360e-87    1.000000e-99    3.097821e-87    1.175384e-88 
Ge-72              2.507981e-07    6.910333e-08    2.468964e-07    3.901721e-09 
Ge-73              7.152168e-08    1.954584e-08    7.040541e-08    1.116264e-09 
Ge-74              3.473073e-07    9.228454e-08    3.418490e-07    5.458311e-09 
Ge-75              2.344401e-99    1.000000e-99    2.313300e-99   3.110160e-101 
Ge-76              4.575006e-08    1.962921e-08    4.514082e-08    6.092390e-10 
Ge-77              2.344401e-99    1.000000e-99    2.313300e-99   3.110160e-101 
Ge-78              2.344401e-99    1.000000e-99    2.313300e-99   3.110160e-101 
As-69              2.344401e-99    1.000000e-99    2.313300e-99   3.110160e-101 
As-70              2.344401e-99    1.000000e-99    2.313300e-99   3.110160e-101 
As-71              2.344401e-99    1.000000e-99    2.313300e-99   3.110160e-101 
As-72              2.344401e-99    1.000000e-99    2.313300e-99   3.110160e-101 
As-73              2.344401e-99    1.000000e-99    2.313300e-99   3.110160e-101 
As-74              1.014069e-23    1.000000e-99    9.926424e-24    2.142691e-25 
As-75              4.616610e-08    1.430027e-08    4.547025e-08    6.958468e-10 
As-76              2.662566e-99    1.000000e-99    2.619834e-99   4.273236e-101 
As-77              2.344401e-99    1.000000e-99    2.313300e-99   3.110160e-101 
As-78              2.344401e-99    1.000000e-99    2.313300e-99   3.110160e-101 
As-79              2.344401e-99    1.000000e-99    2.313300e-99   3.110160e-101 
As-80              2.344401e-99    1.000000e-99    2.313300e-99   3.110160e-101 
As-81              2.344401e-99    1.000000e-99    2.313300e-99   3.110160e-101 
Se-72              2.344401e-99    1.000000e-99    2.313300e-99   3.110160e-101 
Se-73              2.344401e-99    1.000000e-99    2.313300e-99   3.110160e-101 
Se-74              2.715046e-09    1.197888e-09    2.679342e-09    3.570358e-11 
Se-75              2.344401e-99    1.000000e-99    2.313300e-99   3.110160e-101 
Se-76              5.870117e-08    1.296136e-08    5.774112e-08    9.600517e-10 
Se-77              3.558769e-08    1.070490e-08    3.504728e-08    5.404142e-10 
Se-78              1.427746e-07    3.376317e-08    1.404832e-07    2.291379e-09 
Se-79              1.160568e-08    1.000000e-99    1.138056e-08    2.251267e-10 
Se-80              2.249992e-07    7.226298e-08    2.216724e-07    3.326842e-09 
Se-81              2.344401e-99    1.000000e-99    2.313300e-99   3.110160e-101 
Se-82              3.022762e-08    1.303649e-08    2.982759e-08    4.000289e-10 
Se-83              2.344401e-99    1.000000e-99    2.313300e-99   3.110160e-101 
Se-84              2.344401e-99    1.000000e-99    2.313300e-99   3.110160e-101 
Br-74              2.344401e-99    1.000000e-99    2.313300e-99   3.110160e-101 
Br-75              2.344401e-99    1.000000e-99    2.313300e-99   3.110160e-101 
Br-76              2.344401e-99    1.000000e-99    2.313300e-99   3.110160e-101 
Br-77              2.344401e-99    1.000000e-99    2.313300e-99   3.110160e-101 
Br-78              2.344401e-99    1.000000e-99    2.313300e-99   3.110160e-101 
Br-79              3.350086e-08    1.389306e-08    3.304734e-08    4.535187e-10 
Br-80              2.344401e-99    1.000000e-99    2.313300e-99   3.110160e-101 
Br-81              4.193757e-08    1.385920e-08    4.132382e-08    6.137526e-10 
Br-82              2.354381e-99    1.000000e-99    2.322915e-99   3.146646e-101 
Br-83              2.344401e-99    1.000000e-99    2.313300e-99   3.110160e-101 
Br-84              2.344401e-99    1.000000e-99    2.313300e-99   3.110160e-101 
Br-85              2.344401e-99    1.000000e-99    2.313300e-99   3.110160e-101 
Br-86              2.344401e-99    1.000000e-99    2.313300e-99   3.110160e-101 
Br-87              2.344401e-99    1.000000e-99    2.313300e-99   3.110160e-101 
Kr-76              2.344401e-99    1.000000e-99    2.313300e-99   3.110160e-101 
Kr-77              2.344401e-99    1.000000e-99    2.313300e-99   3.110160e-101 
Kr-78              8.839280e-10    3.900193e-10    8.723042e-10    1.162379e-11 
Kr-79              2.344401e-99    1.000000e-99    2.313300e-99   3.110160e-101 
Kr-80              7.111660e-09    2.574713e-09    7.011520e-09    1.001400e-10 
Kr-81              5.521406e-10    1.000000e-99    5.424152e-10    9.725412e-12 
Kr-82              5.886091e-08    1.319540e-08    5.792999e-08    9.309185e-10 
Kr-83              4.065737e-08    1.324168e-08    4.006558e-08    5.917836e-10 
Kr-84              2.199329e-07    6.601984e-08    2.166764e-07    3.256543e-09 
Kr-85              2.399127e-12    1.000000e-99    2.343929e-12    5.519845e-14 
Kr-86              8.250894e-08    2.044383e-08    8.123751e-08    1.271435e-09 
Kr-87              2.344401e-99    1.000000e-99    2.313300e-99   3.110160e-101 
Kr-88              2.344401e-99    1.000000e-99    2.313300e-99   3.110160e-101 
Kr-89              2.344401e-99    1.000000e-99    2.313300e-99   3.110160e-101 
Kr-90              2.344401e-99    1.000000e-99    2.313300e-99   3.110160e-101 
Rb-79              2.344401e-99    1.000000e-99    2.313300e-99   3.110160e-101 
Rb-80              2.344401e-99    1.000000e-99    2.313300e-99   3.110160e-101 
Rb-81              2.344401e-99    1.000000e-99    2.313300e-99   3.110160e-101 
Rb-82              2.344401e-99    1.000000e-99    2.313300e-99   3.110160e-101 
Rb-83              2.344401e-99    1.000000e-99    2.313300e-99   3.110160e-101 
Rb-84              3.150782e-26    1.000000e-99    3.086630e-26    6.415168e-28 
Rb-85              4.839526e-08    1.282422e-08    4.765388e-08    7.413822e-10 
Rb-86              1.244780e-90    1.000000e-99    1.199273e-90    4.550693e-92 
Rb-87              2.916754e-08    5.062758e-09    2.868292e-08    4.846201e-10 
Rb-88              2.344401e-99    1.000000e-99    2.313300e-99   3.110160e-101 
Rb-89              2.344401e-99    1.000000e-99    2.313300e-99   3.110160e-101 
Rb-90              2.344401e-99    1.000000e-99    2.313300e-99   3.110160e-101 
Rb-91              2.344401e-99    1.000000e-99    2.313300e-99   3.110160e-101 
Sr-80              2.344401e-99    1.000000e-99    2.313300e-99   3.110160e-101 
Sr-81              2.344401e-99    1.000000e-99    2.313300e-99   3.110160e-101 
Sr-82              2.344401e-99    1.000000e-99    2.313300e-99   3.110160e-101 
Sr-83              2.344401e-99    1.000000e-99    2.313300e-99   3.110160e-101 
Sr-84              7.315079e-10    3.227999e-10    7.218886e-10    9.619342e-12 
Sr-85              2.344401e-99    1.000000e-99    2.313300e-99   3.110160e-101 
Sr-86              3.259636e-08    5.844553e-09    3.208495e-08    5.114049e-10 
Sr-87              2.241415e-08    4.443118e-09    2.207046e-08    3.436952e-10 
Sr-88              3.438059e-07    5.010796e-08    3.385153e-07    5.290599e-09 
Sr-89              2.421119e-94    1.000000e-99    2.332611e-94    8.850799e-96 
Sr-90              3.327209e-11    1.000000e-99    3.261975e-11    6.523333e-13 
Sr-91              2.344401e-99    1.000000e-99    2.313300e-99   3.110160e-101 
Sr-92              2.344401e-99    1.000000e-99    2.313300e-99   3.110160e-101 
Sr-93              2.344401e-99    1.000000e-99    2.313300e-99   3.110160e-101 
Sr-94              2.344401e-99    1.000000e-99    2.313300e-99   3.110160e-101 
Y-85               2.344401e-99    1.000000e-99    2.313300e-99   3.110160e-101 
Y-86               2.344401e-99    1.000000e-99    2.313300e-99   3.110160e-101 
Y-87               2.344401e-99    1.000000e-99    2.313300e-99   3.110160e-101 
Y-88               2.344401e-99    1.000000e-99    2.313300e-99   3.110160e-101 
Y-89               9.496640e-08    1.229343e-08    9.349571e-08    1.470686e-09 
Y-90               8.464353e-15    1.000000e-99    8.298401e-15    1.659523e-16 
Y-91               2.344401e-99    1.000000e-99    2.313300e-99   3.110160e-101 
Y-92               2.344401e-99    1.000000e-99    2.313300e-99   3.110160e-101 
Y-93               2.344401e-99    1.000000e-99    2.313300e-99   3.110160e-101 
Y-94               2.344401e-99    1.000000e-99    2.313300e-99   3.110160e-101 
Y-95               2.344401e-99    1.000000e-99    2.313300e-99   3.110160e-101 
Y-96               2.344401e-99    1.000000e-99    2.313300e-99   3.110160e-101 
Zr-86              2.344401e-99    1.000000e-99    2.313300e-99   3.110160e-101 
Zr-87              2.344401e-99    1.000000e-99    2.313300e-99   3.110160e-101 
Zr-88              2.344401e-99    1.000000e-99    2.313300e-99   3.110160e-101 
Zr-89              2.344401e-99    1.000000e-99    2.313300e-99   3.110160e-101 
Zr-90              9.951732e-08    1.534361e-08    9.801273e-08    1.504590e-09 
Zr-91              2.720968e-08    3.384023e-09    2.678995e-08    4.197264e-10 
Zr-92              4.356689e-08    5.226772e-09    4.289137e-08    6.755145e-10 
Zr-93              1.161387e-08    1.000000e-99    1.142330e-08    1.905682e-10 
Zr-94              5.143921e-08    5.413280e-09    5.064014e-08    7.990654e-10 
Zr-95              8.218961e-94    1.000000e-99    7.918487e-94    3.004745e-95 
Zr-96              6.346923e-09    8.903423e-10    6.242055e-09    1.048676e-10 
Zr-97              2.344401e-99    1.000000e-99    2.313300e-99   3.110160e-101 
Zr-98              2.344401e-99    1.000000e-99    2.313300e-99   3.110160e-101 
Nb-89              2.344401e-99    1.000000e-99    2.313300e-99   3.110160e-101 
Nb-90              2.344401e-99    1.000000e-99    2.313300e-99   3.110160e-101 
Nb-91              1.865866e-26    1.000000e-99    1.833888e-26    3.197716e-28 
Nb-92              2.344401e-99    1.000000e-99    2.313300e-99   3.110160e-101 
Nb-93              4.314411e-09    1.900054e-09    4.257663e-09    5.674779e-11 
Nb-94              8.852357e-14    1.000000e-99    8.718614e-14    1.337422e-15 
Nb-95              2.441873e-97    1.000000e-99    2.353143e-97    8.872973e-99 
Nb-96              2.344401e-99    1.000000e-99    2.313300e-99   3.110160e-101 
Nb-97              2.344401e-99    1.000000e-99    2.313300e-99   3.110160e-101 
Nb-98              2.344401e-99    1.000000e-99    2.313300e-99   3.110160e-101 
Nb-99              2.344401e-99    1.000000e-99    2.313300e-99   3.110160e-101 
Mo-90              2.344401e-99    1.000000e-99    2.313300e-99   3.110160e-101 
Mo-91              2.344401e-99    1.000000e-99    2.313300e-99   3.110160e-101 
Mo-92              2.302492e-09    1.012496e-09    2.272195e-09    3.029742e-11 
Mo-93              2.399297e-12    1.000000e-99    2.361716e-12    3.758069e-14 
Mo-94              1.531988e-09    6.447522e-10    1.511709e-09    2.027976e-11 
Mo-95              8.588817e-09    1.121895e-09    8.455378e-09    1.334388e-10 
Mo-96              1.260107e-08    1.187505e-09    1.240367e-08    1.973986e-10 
Mo-97              4.769087e-09    6.875272e-10    4.696129e-09    7.295873e-11 
Mo-98              1.462457e-08    1.754359e-09    1.439978e-08    2.247855e-10 
Mo-99              2.344401e-99    1.000000e-99    2.313300e-99   3.110160e-101 
Mo-100             2.529062e-09    7.146065e-10    2.492155e-09    3.690663e-11 
Mo-101             2.344401e-99    1.000000e-99    2.313300e-99   3.110160e-101 
Mo-102             2.344401e-99    1.000000e-99    2.313300e-99   3.110160e-101 
Tc-93              2.344401e-99    1.000000e-99    2.313300e-99   3.110160e-101 
Tc-94              2.344401e-99    1.000000e-99    2.313300e-99   3.110160e-101 
Tc-95              2.344401e-99    1.000000e-99    2.313300e-99   3.110160e-101 
Tc-96              2.344401e-99    1.000000e-99    2.313300e-99   3.110160e-101 
Tc-97              9.347317e-14    1.000000e-99    9.210457e-14    1.368606e-15 
Tc-98              3.294926e-14    1.000000e-99    3.247576e-14    4.735033e-16 
Tc-99              1.412357e-09    1.000000e-99    1.389458e-09    2.289903e-11 
Tc-100             2.344401e-99    1.000000e-99    2.313300e-99   3.110160e-101 
Tc-101             2.344401e-99    1.000000e-99    2.313300e-99   3.110160e-101 
Tc-102             2.344401e-99    1.000000e-99    2.313300e-99   3.110160e-101 
Tc-103             2.344401e-99    1.000000e-99    2.313300e-99   3.110160e-101 
Tc-104             2.344401e-99    1.000000e-99    2.313300e-99   3.110160e-101 
Tc-105             2.344401e-99    1.000000e-99    2.313300e-99   3.110160e-101 
Ru-94              2.344401e-99    1.000000e-99    2.313300e-99   3.110160e-101 
Ru-95              2.344401e-99    1.000000e-99    2.313300e-99   3.110160e-101 
Ru-96              6.632737e-10    2.925638e-10    6.545512e-10    8.722534e-12 
Ru-97              2.344401e-99    1.000000e-99    2.313300e-99   3.110160e-101 
Ru-98              2.290670e-10    1.007098e-10    2.260529e-10    3.014115e-12 
Ru-99              1.620655e-09    6.945400e-10    1.599201e-09    2.145431e-11 
Ru-100             6.495726e-09    6.927902e-10    6.395646e-09    1.000809e-10 
Ru-101             3.292420e-09    9.475089e-10    3.245621e-09    4.679932e-11 
Ru-102             1.123774e-08    1.769736e-09    1.106801e-08    1.697283e-10 
Ru-103             2.344401e-99    1.000000e-99    2.313300e-99   3.110160e-101 
Ru-104             3.094470e-09    1.064926e-09    3.051151e-09    4.331866e-11 
Ru-105             2.344401e-99    1.000000e-99    2.313300e-99   3.110160e-101 
Ru-106             2.458879e-30    1.000000e-99    2.406496e-30    5.238276e-32 
Rh-98              2.344401e-99    1.000000e-99    2.313300e-99   3.110160e-101 
Rh-99              2.344401e-99    1.000000e-99    2.313300e-99   3.110160e-101 
Rh-100             2.344401e-99    1.000000e-99    2.313300e-99   3.110160e-101 
Rh-101             2.344401e-99    1.000000e-99    2.313300e-99   3.110160e-101 
Rh-102             2.344401e-99    1.000000e-99    2.313300e-99   3.110160e-101 
Rh-103             3.687522e-09    1.054679e-09    3.635071e-09    5.245128e-11 
Rh-104             2.344401e-99    1.000000e-99    2.313300e-99   3.110160e-101 
Rh-105             2.344401e-99    1.000000e-99    2.313300e-99   3.110160e-101 
Rh-106             2.344401e-99    1.000000e-99    2.313300e-99   3.110160e-101 
Rh-107             2.344401e-99    1.000000e-99    2.313300e-99   3.110160e-101 
Rh-108             2.344401e-99    1.000000e-99    2.313300e-99   3.110160e-101 
Pd-99              2.344401e-99    1.000000e-99    2.313300e-99   3.110160e-101 
Pd-100             2.344401e-99    1.000000e-99    2.313300e-99   3.110160e-101 
Pd-101             2.344401e-99    1.000000e-99    2.313300e-99   3.110160e-101 
Pd-102             9.610962e-11    4.241146e-11    9.484578e-11    1.263843e-12 
Pd-103             2.344401e-99    1.000000e-99    2.313300e-99   3.110160e-101 
Pd-104             4.738905e-09    4.722820e-10    4.665639e-09    7.326648e-11 
Pd-105             3.191088e-09    9.557865e-10    3.145982e-09    4.510640e-11 
Pd-106             7.294583e-09    1.180942e-09    7.184610e-09    1.099724e-10 
Pd-107             9.034344e-10    1.000000e-99    8.888114e-10    1.462299e-11 
Pd-108             8.426284e-09    1.164921e-09    8.298097e-09    1.281873e-10 
Pd-109             2.344401e-99    1.000000e-99    2.313300e-99   3.110160e-101 
Pd-110             2.022239e-09    5.255369e-10    1.992443e-09    2.979652e-11 
Pd-111             2.344401e-99    1.000000e-99    2.313300e-99   3.110160e-101 
Pd-112             2.344401e-99    1.000000e-99    2.313300e-99   3.110160e-101 
Ag-101             2.344401e-99    1.000000e-99    2.313300e-99   3.110160e-101 
Ag-102             2.344401e-99    1.000000e-99    2.313300e-99   3.110160e-101 
Ag-103             2.344401e-99    1.000000e-99    2.313300e-99   3.110160e-101 
Ag-104             2.344401e-99    1.000000e-99    2.313300e-99   3.110160e-101 
Ag-105             2.344401e-99    1.000000e-99    2.313300e-99   3.110160e-101 
Ag-106             2.344401e-99    1.000000e-99    2.313300e-99   3.110160e-101 
Ag-107             1.776665e-09    7.840161e-10    1.753301e-09    2.336349e-11 
Ag-108             2.344401e-99    1.000000e-99    2.313300e-99   3.110160e-101 
Ag-109             3.360491e-09    7.419986e-10    3.311274e-09    4.921690e-11 
Ag-110             2.344401e-99    1.000000e-99    2.313300e-99   3.110160e-101 
Ag-111             2.344401e-99    1.000000e-99    2.313300e-99   3.110160e-101 
Ag-112             2.344401e-99    1.000000e-99    2.313300e-99   3.110160e-101 
Ag-113             2.344401e-99    1.000000e-99    2.313300e-99   3.110160e-101 
Cd-102             2.344401e-99    1.000000e-99    2.313300e-99   3.110160e-101 
Cd-103             2.344401e-99    1.000000e-99    2.313300e-99   3.110160e-101 
Cd-104             2.344401e-99    1.000000e-99    2.313300e-99   3.110160e-101 
Cd-105             2.344401e-99    1.000000e-99    2.313300e-99   3.110160e-101 
Cd-106             1.438214e-10    6.345981e-11    1.419301e-10    1.891271e-12 
Cd-107             2.344401e-99    1.000000e-99    2.313300e-99   3.110160e-101 
Cd-108             1.076429e-10    4.603590e-11    1.062220e-10    1.420885e-12 
Cd-109             1.232446e-29    1.000000e-99    1.204817e-29    2.762822e-31 
Cd-110             6.070776e-09    6.580184e-10    5.977614e-09    9.316185e-11 
Cd-111             3.208532e-09    6.804807e-10    3.161340e-09    4.719124e-11 
Cd-112             9.366588e-09    1.294369e-09    9.224238e-09    1.423500e-10 
Cd-113             3.375955e-09    6.613518e-10    3.325977e-09    4.997835e-11 
Cd-114             1.309008e-08    1.568640e-09    1.288968e-08    2.003968e-10 
Cd-115             1.615074e-95    1.000000e-99    1.556034e-95    5.904003e-97 
Cd-116             2.769247e-09    4.161239e-10    2.725410e-09    4.383716e-11 
Cd-117             2.344401e-99    1.000000e-99    2.313300e-99   3.110160e-101 
Cd-118             2.344401e-99    1.000000e-99    2.313300e-99   3.110160e-101 
In-106             2.344401e-99    1.000000e-99    2.313300e-99   3.110160e-101 
In-107             2.344401e-99    1.000000e-99    2.313300e-99   3.110160e-101 
In-108             2.344401e-99    1.000000e-99    2.313300e-99   3.110160e-101 
In-109             2.344401e-99    1.000000e-99    2.313300e-99   3.110160e-101 
In-110             2.344401e-99    1.000000e-99    2.313300e-99   3.110160e-101 
In-111             2.344401e-99    1.000000e-99    2.313300e-99   3.110160e-101 
In-112             2.344401e-99    1.000000e-99    2.313300e-99   3.110160e-101 
In-113             5.906148e-11    2.603851e-11    5.828473e-11    7.767547e-13 
In-114             2.344401e-99    1.000000e-99    2.313300e-99   3.110160e-101 
In-115             3.276280e-09    5.914896e-10    3.227409e-09    4.887157e-11 
In-116             2.344401e-99    1.000000e-99    2.313300e-99   3.110160e-101 
In-117             2.344401e-99    1.000000e-99    2.313300e-99   3.110160e-101 
In-118             2.344401e-99    1.000000e-99    2.313300e-99   3.110160e-101 
In-119             2.344401e-99    1.000000e-99    2.313300e-99   3.110160e-101 
Sn-108             2.344401e-99    1.000000e-99    2.313300e-99   3.110160e-101 
Sn-109             2.344401e-99    1.000000e-99    2.313300e-99   3.110160e-101 
Sn-110             2.344401e-99    1.000000e-99    2.313300e-99   3.110160e-101 
Sn-111             2.344401e-99    1.000000e-99    2.313300e-99   3.110160e-101 
Sn-112             2.768147e-10    1.221013e-10    2.731744e-10    3.640313e-12 
Sn-113             2.344401e-99    1.000000e-99    2.313300e-99   3.110160e-101 
Sn-114             1.922235e-10    8.434768e-11    1.896934e-10    2.530083e-12 
Sn-115             9.976418e-11    4.377039e-11    9.845097e-11    1.313213e-12 
Sn-116             1.601718e-08    1.893153e-09    1.577291e-08    2.442711e-10 
Sn-117             6.306620e-09    1.008332e-09    6.211668e-09    9.495213e-11 
Sn-118             2.694649e-08    3.209171e-09    2.653303e-08    4.134620e-10 
Sn-119             8.535414e-09    1.147018e-09    8.405329e-09    1.300853e-10 
Sn-120             4.079899e-08    4.391253e-09    4.016861e-08    6.303801e-10 
Sn-121             2.344401e-99    1.000000e-99    2.313300e-99   3.110160e-101 
Sn-122             5.808673e-09    6.340593e-10    5.713617e-09    9.505654e-11 
Sn-123             2.344401e-99    1.000000e-99    2.313300e-99   3.110160e-101 
Sn-124             1.907162e-09    8.059500e-10    1.881663e-09    2.549898e-11 
Sn-125             2.344401e-99    1.000000e-99    2.313300e-99   3.110160e-101 
Sn-126             9.828613e-14    1.000000e-99    9.624213e-14    2.044004e-15 
Sn-127             2.344401e-99    1.000000e-99    2.313300e-99   3.110160e-101 
Sn-128             2.344401e-99    1.000000e-99    2.313300e-99   3.110160e-101 
Sn-129             2.344401e-99    1.000000e-99    2.313300e-99   3.110160e-101 
Sn-130             2.344401e-99    1.000000e-99    2.313300e-99   3.110160e-101 
Sb-112             2.344401e-99    1.000000e-99    2.313300e-99   3.110160e-101 
Sb-113             2.344401e-99    1.000000e-99    2.313300e-99   3.110160e-101 
Sb-114             2.344401e-99    1.000000e-99    2.313300e-99   3.110160e-101 
Sb-115             2.344401e-99    1.000000e-99    2.313300e-99   3.110160e-101 
Sb-116             2.344401e-99    1.000000e-99    2.313300e-99   3.110160e-101 
Sb-117             2.344401e-99    1.000000e-99    2.313300e-99   3.110160e-101 
Sb-118             2.344401e-99    1.000000e-99    2.313300e-99   3.110160e-101 
Sb-119             2.344401e-99    1.000000e-99    2.313300e-99   3.110160e-101 
Sb-120             2.344401e-99    1.000000e-99    2.313300e-99   3.110160e-101 
Sb-121             3.924093e-09    6.317758e-10    3.864792e-09    5.930051e-11 
Sb-122             2.344401e-99    1.000000e-99    2.313300e-99   3.110160e-101 
Sb-123             1.767562e-09    4.802859e-10    1.741665e-09    2.589701e-11 
Sb-124             2.344401e-99    1.000000e-99    2.313300e-99   3.110160e-101 
Sb-125             2.632487e-22    1.000000e-99    2.555065e-22    7.742188e-24 
Sb-126             3.649206e-20    1.000000e-99    3.573773e-20    7.543303e-22 
Sb-127             2.344401e-99    1.000000e-99    2.313300e-99   3.110160e-101 
Sb-128             2.344401e-99    1.000000e-99    2.313300e-99   3.110160e-101 
Sb-129             2.344401e-99    1.000000e-99    2.313300e-99   3.110160e-101 
Sb-130             2.344401e-99    1.000000e-99    2.313300e-99   3.110160e-101 
Sb-131             2.344401e-99    1.000000e-99    2.313300e-99   3.110160e-101 
Sb-132             2.344401e-99    1.000000e-99    2.313300e-99   3.110160e-101 
Sb-133             2.344401e-99    1.000000e-99    2.313300e-99   3.110160e-101 
Te-114             2.344401e-99    1.000000e-99    2.313300e-99   3.110160e-101 
Te-115             2.344401e-99    1.000000e-99    2.313300e-99   3.110160e-101 
Te-116             2.344401e-99    1.000000e-99    2.313300e-99   3.110160e-101 
Te-117             2.344401e-99    1.000000e-99    2.313300e-99   3.110160e-101 
Te-118             2.344401e-99    1.000000e-99    2.313300e-99   3.110160e-101 
Te-119             2.344401e-99    1.000000e-99    2.313300e-99   3.110160e-101 
Te-120             3.689644e-11    1.628304e-11    3.641125e-11    4.851854e-13 
Te-121             2.344401e-99    1.000000e-99    2.313300e-99   3.110160e-101 
Te-122             4.670682e-09    4.488662e-10    4.598270e-09    7.241197e-11 
Te-123             1.594346e-09    1.578606e-10    1.569709e-09    2.463700e-11 
Te-124             9.325775e-09    8.440945e-10    9.180556e-09    1.452188e-10 
Te-125             5.296456e-09    1.261335e-09    5.219437e-09    7.701876e-11 
Te-126             2.164151e-08    3.375270e-09    2.131537e-08    3.261461e-10 
Te-127             2.344401e-99    1.000000e-99    2.313300e-99   3.110160e-101 
Te-128             1.496577e-08    5.732895e-09    1.476186e-08    2.039101e-10 
Te-129             2.344401e-99    1.000000e-99    2.313300e-99   3.110160e-101 
Te-130             1.432490e-08    6.210550e-09    1.413571e-08    1.891863e-10 
Te-131             2.344401e-99    1.000000e-99    2.313300e-99   3.110160e-101 
Te-132             2.344401e-99    1.000000e-99    2.313300e-99   3.110160e-101 
Te-133             2.344401e-99    1.000000e-99    2.313300e-99   3.110160e-101 
Te-134             2.344401e-99    1.000000e-99    2.313300e-99   3.110160e-101 
I-117              2.344401e-99    1.000000e-99    2.313300e-99   3.110160e-101 
I-118              2.344401e-99    1.000000e-99    2.313300e-99   3.110160e-101 
I-119              2.344401e-99    1.000000e-99    2.313300e-99   3.110160e-101 
I-120              2.344401e-99    1.000000e-99    2.313300e-99   3.110160e-101 
I-121              2.344401e-99    1.000000e-99    2.313300e-99   3.110160e-101 
I-122              2.344401e-99    1.000000e-99    2.313300e-99   3.110160e-101 
I-123              2.344401e-99    1.000000e-99    2.313300e-99   3.110160e-101 
I-124              2.344401e-99    1.000000e-99    2.313300e-99   3.110160e-101 
I-125              2.344401e-99    1.000000e-99    2.313300e-99   3.110160e-101 
I-126              2.344401e-99    1.000000e-99    2.313300e-99   3.110160e-101 
I-127              5.163540e-09    1.459105e-09    5.090116e-09    7.342455e-11 
I-128              2.344401e-99    1.000000e-99    2.313300e-99   3.110160e-101 
I-129              5.103865e-11    1.000000e-99    5.019234e-11    8.463113e-13 
I-130              2.344401e-99    1.000000e-99    2.313300e-99   3.110160e-101 
I-131              2.344401e-99    1.000000e-99    2.313300e-99   3.110160e-101 
I-132              2.344401e-99    1.000000e-99    2.313300e-99   3.110160e-101 
I-133              2.344401e-99    1.000000e-99    2.313300e-99   3.110160e-101 
I-134              2.344401e-99    1.000000e-99    2.313300e-99   3.110160e-101 
I-135              2.344401e-99    1.000000e-99    2.313300e-99   3.110160e-101 
Xe-118             2.344401e-99    1.000000e-99    2.313300e-99   3.110160e-101 
Xe-119             2.344401e-99    1.000000e-99    2.313300e-99   3.110160e-101 
Xe-120             2.344401e-99    1.000000e-99    2.313300e-99   3.110160e-101 
Xe-121             2.344401e-99    1.000000e-99    2.313300e-99   3.110160e-101 
Xe-122             2.344401e-99    1.000000e-99    2.313300e-99   3.110160e-101 
Xe-123             2.344401e-99    1.000000e-99    2.313300e-99   3.110160e-101 
Xe-124             5.006488e-11    2.209501e-11    4.940653e-11    6.583485e-13 
Xe-125             2.344401e-99    1.000000e-99    2.313300e-99   3.110160e-101 
Xe-126             4.418147e-11    1.949268e-11    4.360047e-11    5.809973e-13 
Xe-127             2.344401e-99    1.000000e-99    2.313300e-99   3.110160e-101 
Xe-128             5.201188e-09    3.942736e-10    5.120126e-09    8.106280e-11 
Xe-129             1.293627e-08    4.892977e-09    1.276063e-08    1.756379e-10 
Xe-130             1.108101e-08    7.865029e-10    1.090817e-08    1.728448e-10 
Xe-131             1.255032e-08    3.944670e-09    1.237479e-08    1.755274e-10 
Xe-132             3.004338e-08    4.806204e-09    2.959264e-08    4.507357e-10 
Xe-133             2.344419e-99    1.000000e-99    2.313317e-99   3.110225e-101 
Xe-134             7.316863e-09    1.787989e-09    7.206094e-09    1.107681e-10 
Xe-135             2.344401e-99    1.000000e-99    2.313300e-99   3.110160e-101 
Xe-136             3.494283e-09    1.478416e-09    3.447713e-09    4.656984e-11 
Xe-137             2.344401e-99    1.000000e-99    2.313300e-99   3.110160e-101 
Xe-138             2.344401e-99    1.000000e-99    2.313300e-99   3.110160e-101 
Cs-123             2.344401e-99    1.000000e-99    2.313300e-99   3.110160e-101 
Cs-124             2.344401e-99    1.000000e-99    2.313300e-99   3.110160e-101 
Cs-125             2.344401e-99    1.000000e-99    2.313300e-99   3.110160e-101 
Cs-126             2.344401e-99    1.000000e-99    2.313300e-99   3.110160e-101 
Cs-127             2.344401e-99    1.000000e-99    2.313300e-99   3.110160e-101 
Cs-128             2.344401e-99    1.000000e-99    2.313300e-99   3.110160e-101 
Cs-129             2.344401e-99    1.000000e-99    2.313300e-99   3.110160e-101 
Cs-130             2.344401e-99    1.000000e-99    2.313300e-99   3.110160e-101 
Cs-131             2.344401e-99    1.000000e-99    2.313300e-99   3.110160e-101 
Cs-132             2.344401e-99    1.000000e-99    2.313300e-99   3.110160e-101 
Cs-133             5.995326e-09    1.426049e-09    5.908307e-09    8.701818e-11 
Cs-134             4.943629e-24    1.000000e-99    4.791090e-24    1.525385e-25 
Cs-135             2.396982e-09    1.000000e-99    2.356848e-09    4.013370e-11 
Cs-136             2.346004e-99    1.000000e-99    2.314843e-99   3.116017e-101 
Cs-137             4.587252e-11    1.000000e-99    4.498263e-11    8.898966e-13 
Cs-138             2.344401e-99    1.000000e-99    2.313300e-99   3.110160e-101 
Cs-139             2.344401e-99    1.000000e-99    2.313300e-99   3.110160e-101 
Ba-124             2.344401e-99    1.000000e-99    2.313300e-99   3.110160e-101 
Ba-125             2.344401e-99    1.000000e-99    2.313300e-99   3.110160e-101 
Ba-126             2.344401e-99    1.000000e-99    2.313300e-99   3.110160e-101 
Ba-127             2.344401e-99    1.000000e-99    2.313300e-99   3.110160e-101 
Ba-128             2.344401e-99    1.000000e-99    2.313300e-99   3.110160e-101 
Ba-129             2.344401e-99    1.000000e-99    2.313300e-99   3.110160e-101 
Ba-130             4.110992e-11    1.814312e-11    4.056933e-11    5.405913e-13 
Ba-131             2.344401e-99    1.000000e-99    2.313300e-99   3.110160e-101 
Ba-132             3.993566e-11    1.762128e-11    3.941050e-11    5.251591e-13 
Ba-133             2.964997e-21    1.000000e-99    2.896255e-21    6.874128e-23 
Ba-134             6.763624e-09    4.272326e-10    6.658573e-09    1.050511e-10 
Ba-135             4.545636e-09    1.173907e-09    4.480828e-09    6.480775e-11 
Ba-136             2.178422e-08    1.408826e-09    2.144556e-08    3.386538e-10 
Ba-137             2.157392e-08    2.029834e-09    2.123819e-08    3.357279e-10 
Ba-138             2.022114e-07    1.305194e-08    1.990382e-07    3.173138e-09 
Ba-139             2.344401e-99    1.000000e-99    2.313300e-99   3.110160e-101 
Ba-140             2.344401e-99    1.000000e-99    2.313300e-99   3.110160e-101 
Ba-141             2.344401e-99    1.000000e-99    2.313300e-99   3.110160e-101 
Ba-142             2.344401e-99    1.000000e-99    2.313300e-99   3.110160e-101 
La-127             2.344401e-99    1.000000e-99    2.313300e-99   3.110160e-101 
La-128             2.344401e-99    1.000000e-99    2.313300e-99   3.110160e-101 
La-129             2.344401e-99    1.000000e-99    2.313300e-99   3.110160e-101 
La-130             2.344401e-99    1.000000e-99    2.313300e-99   3.110160e-101 
La-131             2.344401e-99    1.000000e-99    2.313300e-99   3.110160e-101 
La-132             2.344401e-99    1.000000e-99    2.313300e-99   3.110160e-101 
La-133             2.344401e-99    1.000000e-99    2.313300e-99   3.110160e-101 
La-134             2.344401e-99    1.000000e-99    2.313300e-99   3.110160e-101 
La-135             2.344401e-99    1.000000e-99    2.313300e-99   3.110160e-101 
La-136             2.344401e-99    1.000000e-99    2.313300e-99   3.110160e-101 
La-137             2.939320e-17    1.000000e-99    2.894618e-17    4.470153e-19 
La-138             3.616711e-12    1.604073e-12    3.569151e-12    4.756079e-14 
La-139             2.355780e-08    1.790218e-09    2.318978e-08    3.680227e-10 
La-140             2.344401e-99    1.000000e-99    2.313300e-99   3.110160e-101 
La-141             2.344401e-99    1.000000e-99    2.313300e-99   3.110160e-101 
La-142             2.344401e-99    1.000000e-99    2.313300e-99   3.110160e-101 
La-143             2.344401e-99    1.000000e-99    2.313300e-99   3.110160e-101 
Ce-130             2.344401e-99    1.000000e-99    2.313300e-99   3.110160e-101 
Ce-131             2.344401e-99    1.000000e-99    2.313300e-99   3.110160e-101 
Ce-132             2.344401e-99    1.000000e-99    2.313300e-99   3.110160e-101 
Ce-133             2.344401e-99    1.000000e-99    2.313300e-99   3.110160e-101 
Ce-134             2.344401e-99    1.000000e-99    2.313300e-99   3.110160e-101 
Ce-135             2.344401e-99    1.000000e-99    2.313300e-99   3.110160e-101 
Ce-136             1.899607e-11    8.381751e-12    1.874627e-11    2.498013e-13 
Ce-137             2.344401e-99    1.000000e-99    2.313300e-99   3.110160e-101 
Ce-138             2.604072e-11    1.147719e-11    2.569824e-11    3.424851e-13 
Ce-139             2.344401e-99    1.000000e-99    2.313300e-99   3.110160e-101 
Ce-140             5.563667e-08    4.103022e-09    5.477578e-08    8.608904e-10 
Ce-141             2.355466e-99    1.000000e-99    2.323960e-99   3.150612e-101 
Ce-142             3.237697e-09    5.229277e-10    3.186188e-09    5.150874e-11 
Ce-143             2.344401e-99    1.000000e-99    2.313300e-99   3.110160e-101 
Ce-144             7.763314e-30    1.000000e-99    7.597880e-30    1.654335e-31 
Ce-145             2.344401e-99    1.000000e-99    2.313300e-99   3.110160e-101 
Ce-146             2.344401e-99    1.000000e-99    2.313300e-99   3.110160e-101 
Pr-133             2.344401e-99    1.000000e-99    2.313300e-99   3.110160e-101 
Pr-134             2.344401e-99    1.000000e-99    2.313300e-99   3.110160e-101 
Pr-135             2.344401e-99    1.000000e-99    2.313300e-99   3.110160e-101 
Pr-136             2.344401e-99    1.000000e-99    2.313300e-99   3.110160e-101 
Pr-137             2.344401e-99    1.000000e-99    2.313300e-99   3.110160e-101 
Pr-138             2.344401e-99    1.000000e-99    2.313300e-99   3.110160e-101 
Pr-139             2.344401e-99    1.000000e-99    2.313300e-99   3.110160e-101 
Pr-140             2.344401e-99    1.000000e-99    2.313300e-99   3.110160e-101 
Pr-141             6.508787e-09    6.910381e-10    6.408553e-09    1.002339e-10 
Pr-142             2.344401e-99    1.000000e-99    2.313300e-99   3.110160e-101 
Pr-143             2.344401e-99    1.000000e-99    2.313300e-99   3.110160e-101 
Pr-144             2.344401e-99    1.000000e-99    2.313300e-99   3.110160e-101 
Pr-145             2.344401e-99    1.000000e-99    2.313300e-99   3.110160e-101 
Pr-146             2.344401e-99    1.000000e-99    2.313300e-99   3.110160e-101 
Pr-147             2.344401e-99    1.000000e-99    2.313300e-99   3.110160e-101 
Pr-148             2.344401e-99    1.000000e-99    2.313300e-99   3.110160e-101 
Pr-149             2.344401e-99    1.000000e-99    2.313300e-99   3.110160e-101 
Nd-134             2.344401e-99    1.000000e-99    2.313300e-99   3.110160e-101 
Nd-135             2.344401e-99    1.000000e-99    2.313300e-99   3.110160e-101 
Nd-136             2.344401e-99    1.000000e-99    2.313300e-99   3.110160e-101 
Nd-137             2.344401e-99    1.000000e-99    2.313300e-99   3.110160e-101 
Nd-138             2.344401e-99    1.000000e-99    2.313300e-99   3.110160e-101 
Nd-139             2.344401e-99    1.000000e-99    2.313300e-99   3.110160e-101 
Nd-140             2.344401e-99    1.000000e-99    2.313300e-99   3.110160e-101 
Nd-141             2.344401e-99    1.000000e-99    2.313300e-99   3.110160e-101 
Nd-142             1.280051e-08    9.919756e-10    1.260423e-08    1.962778e-10 
Nd-143             2.871875e-09    4.483556e-10    2.828685e-09    4.318986e-11 
Nd-144             7.897120e-09    8.826112e-10    7.775627e-09    1.214929e-10 
Nd-145             1.802341e-09    3.095487e-10    1.775336e-09    2.700449e-11 
Nd-146             6.568999e-09    6.447718e-10    6.467337e-09    1.016627e-10 
Nd-147             2.344402e-99    1.000000e-99    2.313300e-99   3.110162e-101 
Nd-148             1.386247e-09    2.185025e-10    1.364864e-09    2.138355e-11 
Nd-149             2.344401e-99    1.000000e-99    2.313300e-99   3.110160e-101 
Nd-150             5.060116e-10    2.168256e-10    4.992867e-10    6.724873e-12 
Nd-151             2.344401e-99    1.000000e-99    2.313300e-99   3.110160e-101 
Nd-152             2.344401e-99    1.000000e-99    2.313300e-99   3.110160e-101 
Pm-137             2.344401e-99    1.000000e-99    2.313300e-99   3.110160e-101 
Pm-138             2.344401e-99    1.000000e-99    2.313300e-99   3.110160e-101 
Pm-139             2.344401e-99    1.000000e-99    2.313300e-99   3.110160e-101 
Pm-140             2.344401e-99    1.000000e-99    2.313300e-99   3.110160e-101 
Pm-141             2.344401e-99    1.000000e-99    2.313300e-99   3.110160e-101 
Pm-142             2.344401e-99    1.000000e-99    2.313300e-99   3.110160e-101 
Pm-143             2.344401e-99    1.000000e-99    2.313300e-99   3.110160e-101 
Pm-144             2.344401e-99    1.000000e-99    2.313300e-99   3.110160e-101 
Pm-145             5.327121e-17    1.000000e-99    5.230130e-17    9.699081e-19 
Pm-146             3.944769e-26    1.000000e-99    3.851880e-26    9.288885e-28 
Pm-147             9.417607e-22    1.000000e-99    9.142996e-22    2.746109e-23 
Pm-148             2.344401e-99    1.000000e-99    2.313300e-99   3.110160e-101 
Pm-149             2.344401e-99    1.000000e-99    2.313300e-99   3.110160e-101 
Pm-150             2.344401e-99    1.000000e-99    2.313300e-99   3.110160e-101 
Pm-151             2.344401e-99    1.000000e-99    2.313300e-99   3.110160e-101 
Pm-152             2.344401e-99    1.000000e-99    2.313300e-99   3.110160e-101 
Pm-153             2.344401e-99    1.000000e-99    2.313300e-99   3.110160e-101 
Pm-154             2.344401e-99    1.000000e-99    2.313300e-99   3.110160e-101 
Sm-140             2.344401e-99    1.000000e-99    2.313300e-99   3.110160e-101 
Sm-141             2.344401e-99    1.000000e-99    2.313300e-99   3.110160e-101 
Sm-142             2.344401e-99    1.000000e-99    2.313300e-99   3.110160e-101 
Sm-143             2.344401e-99    1.000000e-99    2.313300e-99   3.110160e-101 
Sm-144             8.368987e-11    3.683532e-11    8.258885e-11    1.101017e-12 
Sm-145             1.017934e-29    1.000000e-99    9.962420e-30    2.169212e-31 
Sm-146             8.487212e-14    1.000000e-99    8.354899e-14    1.323128e-15 
Sm-147             1.014585e-09    1.834427e-10    9.994392e-10    1.514538e-11 
Sm-148             1.325700e-09    1.384631e-10    1.305485e-09    2.021517e-11 
Sm-149             6.153016e-10    1.713731e-10    6.065266e-10    8.775079e-12 
Sm-150             1.204721e-09    9.213125e-11    1.185933e-09    1.878883e-11 
Sm-151             2.016780e-11    1.000000e-99    1.983072e-11    3.370840e-13 
Sm-152             1.642351e-09    3.383156e-10    1.618144e-09    2.420741e-11 
Sm-153             2.344401e-99    1.000000e-99    2.313300e-99   3.110160e-101 
Sm-154             1.035587e-09    2.916240e-10    1.020648e-09    1.493885e-11 
Sm-155             2.344401e-99    1.000000e-99    2.313300e-99   3.110160e-101 
Sm-156             2.344401e-99    1.000000e-99    2.313300e-99   3.110160e-101 
Sm-157             2.344401e-99    1.000000e-99    2.313300e-99   3.110160e-101 
Sm-158             2.344401e-99    1.000000e-99    2.313300e-99   3.110160e-101 
Eu-143             2.344401e-99    1.000000e-99    2.313300e-99   3.110160e-101 
Eu-144             2.344401e-99    1.000000e-99    2.313300e-99   3.110160e-101 
Eu-145             2.344401e-99    1.000000e-99    2.313300e-99   3.110160e-101 
Eu-146             2.344401e-99    1.000000e-99    2.313300e-99   3.110160e-101 
Eu-147             2.344401e-99    1.000000e-99    2.313300e-99   3.110160e-101 
Eu-148             2.344401e-99    1.000000e-99    2.313300e-99   3.110160e-101 
Eu-149             2.344401e-99    1.000000e-99    2.313300e-99   3.110160e-101 
Eu-150             2.344401e-99    1.000000e-99    2.313300e-99   3.110160e-101 
Eu-151             5.878912e-10    2.036004e-10    5.797957e-10    8.095509e-12 
Eu-152             8.492937e-18    1.000000e-99    8.331453e-18    1.614837e-19 
Eu-153             6.814474e-10    2.251965e-10    6.719735e-10    9.473858e-12 
Eu-154             1.189628e-16    1.000000e-99    1.164466e-16    2.516252e-18 
Eu-155             3.021551e-18    1.000000e-99    2.946853e-18    7.469749e-20 
Eu-156             2.344401e-99    1.000000e-99    2.313300e-99   3.110160e-101 
Eu-157             2.344401e-99    1.000000e-99    2.313300e-99   3.110160e-101 
Eu-158             2.344401e-99    1.000000e-99    2.313300e-99   3.110160e-101 
Eu-159             2.344401e-99    1.000000e-99    2.313300e-99   3.110160e-101 
Gd-144             2.344401e-99    1.000000e-99    2.313300e-99   3.110160e-101 
Gd-145             2.344401e-99    1.000000e-99    2.313300e-99   3.110160e-101 
Gd-146             2.344401e-99    1.000000e-99    2.313300e-99   3.110160e-101 
Gd-147             2.344401e-99    1.000000e-99    2.313300e-99   3.110160e-101 
Gd-148             2.344401e-99    1.000000e-99    2.313300e-99   3.110160e-101 
Gd-149             2.344401e-99    1.000000e-99    2.313300e-99   3.110160e-101 
Gd-150             2.344401e-99    1.000000e-99    2.313300e-99   3.110160e-101 
Gd-151             2.344401e-99    1.000000e-99    2.313300e-99   3.110160e-101 
Gd-152             2.358603e-11    2.947193e-12    2.322398e-11    3.620455e-13 
Gd-153             6.362613e-30    1.000000e-99    6.227018e-30    1.355951e-31 
Gd-154             4.152833e-10    3.209515e-11    4.088172e-10    6.466097e-12 
Gd-155             7.102901e-10    2.192151e-10    7.002859e-10    1.000415e-11 
Gd-156             1.427602e-09    3.051047e-10    1.406570e-09    2.103217e-11 
Gd-157             8.714548e-10    2.348264e-10    8.589541e-10    1.250078e-11 
Gd-158             2.140301e-09    3.749720e-10    2.108206e-09    3.209498e-11 
Gd-159             2.344401e-99    1.000000e-99    2.313300e-99   3.110160e-101 
Gd-160             1.027239e-09    3.342894e-10    1.012720e-09    1.451916e-11 
Gd-161             2.344401e-99    1.000000e-99    2.313300e-99   3.110160e-101 
Gd-162             2.344401e-99    1.000000e-99    2.313300e-99   3.110160e-101 
Tb-147             2.344401e-99    1.000000e-99    2.313300e-99   3.110160e-101 
Tb-148             2.344401e-99    1.000000e-99    2.313300e-99   3.110160e-101 
Tb-149             2.344401e-99    1.000000e-99    2.313300e-99   3.110160e-101 
Tb-150             2.344401e-99    1.000000e-99    2.313300e-99   3.110160e-101 
Tb-151             2.344401e-99    1.000000e-99    2.313300e-99   3.110160e-101 
Tb-152             2.344401e-99    1.000000e-99    2.313300e-99   3.110160e-101 
Tb-153             2.344401e-99    1.000000e-99    2.313300e-99   3.110160e-101 
Tb-154             2.344401e-99    1.000000e-99    2.313300e-99   3.110160e-101 
Tb-155             2.344401e-99    1.000000e-99    2.313300e-99   3.110160e-101 
Tb-156             2.344401e-99    1.000000e-99    2.313300e-99   3.110160e-101 
Tb-157             2.008257e-13    1.000000e-99    1.974200e-13    3.405672e-15 
Tb-158             4.652635e-14    1.000000e-99    4.575424e-14    7.721069e-16 
Tb-159             9.127350e-10    2.764904e-10    8.998529e-10    1.288210e-11 
Tb-160             2.048787e-97    1.000000e-99    1.974429e-97    7.435811e-99 
Tb-161             2.344401e-99    1.000000e-99    2.313300e-99   3.110160e-101 
Tb-162             2.344401e-99    1.000000e-99    2.313300e-99   3.110160e-101 
Tb-163             2.344401e-99    1.000000e-99    2.313300e-99   3.110160e-101 
Tb-164             2.344401e-99    1.000000e-99    2.313300e-99   3.110160e-101 
Tb-165             2.344401e-99    1.000000e-99    2.313300e-99   3.110160e-101 
Dy-148             2.344401e-99    1.000000e-99    2.313300e-99   3.110160e-101 
Dy-149             2.344401e-99    1.000000e-99    2.313300e-99   3.110160e-101 
Dy-150             2.344401e-99    1.000000e-99    2.313300e-99   3.110160e-101 
Dy-151             2.344401e-99    1.000000e-99    2.313300e-99   3.110160e-101 
Dy-152             2.344401e-99    1.000000e-99    2.313300e-99   3.110160e-101 
Dy-153             2.344401e-99    1.000000e-99    2.313300e-99   3.110160e-101 
Dy-154             2.344401e-99    1.000000e-99    2.313300e-99   3.110160e-101 
Dy-155             2.344401e-99    1.000000e-99    2.313300e-99   3.110160e-101 
Dy-156             2.274174e-12    1.003681e-12    2.244269e-12    2.990514e-14 
Dy-157             2.344401e-99    1.000000e-99    2.313300e-99   3.110160e-101 
Dy-158             3.991113e-12    1.742654e-12    3.938493e-12    5.261979e-14 
Dy-159             2.344401e-99    1.000000e-99    2.313300e-99   3.110160e-101 
Dy-160             5.174595e-10    4.301488e-11    5.093854e-10    8.074032e-12 
Dy-161             1.030706e-09    3.497843e-10    1.016408e-09    1.429824e-11 
Dy-162             2.021167e-09    4.747974e-10    1.991662e-09    2.950551e-11 
Dy-163             1.253266e-09    4.663048e-10    1.236203e-09    1.706281e-11 
Dy-164             2.601044e-09    5.311557e-10    2.562587e-09    3.845653e-11 
Dy-165             2.344401e-99    1.000000e-99    2.313300e-99   3.110160e-101 
Dy-166             2.344401e-99    1.000000e-99    2.313300e-99   3.110160e-101 
Dy-167             2.344401e-99    1.000000e-99    2.313300e-99   3.110160e-101 
Dy-168             2.344401e-99    1.000000e-99    2.313300e-99   3.110160e-101 
Ho-153             2.344401e-99    1.000000e-99    2.313300e-99   3.110160e-101 
Ho-154             2.344401e-99    1.000000e-99    2.313300e-99   3.110160e-101 
Ho-155             2.344401e-99    1.000000e-99    2.313300e-99   3.110160e-101 
Ho-156             2.344401e-99    1.000000e-99    2.313300e-99   3.110160e-101 
Ho-157             2.344401e-99    1.000000e-99    2.313300e-99   3.110160e-101 
Ho-158             2.344401e-99    1.000000e-99    2.313300e-99   3.110160e-101 
Ho-159             2.344401e-99    1.000000e-99    2.313300e-99   3.110160e-101 
Ho-160             2.344401e-99    1.000000e-99    2.313300e-99   3.110160e-101 
Ho-161             2.344401e-99    1.000000e-99    2.313300e-99   3.110160e-101 
Ho-162             2.344401e-99    1.000000e-99    2.313300e-99   3.110160e-101 
Ho-163             1.014596e-10    1.000000e-99    9.978722e-11    1.672408e-12 
Ho-164             2.344401e-99    1.000000e-99    2.313300e-99   3.110160e-101 
Ho-165             1.349771e-09    4.243917e-10    1.330840e-09    1.893088e-11 
Ho-166             2.344401e-99    1.000000e-99    2.313300e-99   3.110160e-101 
Ho-167             2.344401e-99    1.000000e-99    2.313300e-99   3.110160e-101 
Ho-168             2.344401e-99    1.000000e-99    2.313300e-99   3.110160e-101 
Ho-169             2.344401e-99    1.000000e-99    2.313300e-99   3.110160e-101 
Er-154             2.344401e-99    1.000000e-99    2.313300e-99   3.110160e-101 
Er-155             2.344401e-99    1.000000e-99    2.313300e-99   3.110160e-101 
Er-156             2.344401e-99    1.000000e-99    2.313300e-99   3.110160e-101 
Er-157             2.344401e-99    1.000000e-99    2.313300e-99   3.110160e-101 
Er-158             2.344401e-99    1.000000e-99    2.313300e-99   3.110160e-101 
Er-159             2.344401e-99    1.000000e-99    2.313300e-99   3.110160e-101 
Er-160             2.344401e-99    1.000000e-99    2.313300e-99   3.110160e-101 
Er-161             2.344401e-99    1.000000e-99    2.313300e-99   3.110160e-101 
Er-162             3.645412e-12    1.608861e-12    3.597475e-12    4.793676e-14 
Er-163             2.344401e-99    1.000000e-99    2.313300e-99   3.110160e-101 
Er-164             2.302469e-10    1.912858e-11    2.266358e-10    3.611023e-12 
Er-165             2.344401e-99    1.000000e-99    2.313300e-99   3.110160e-101 
Er-166             1.518509e-09    4.044450e-10    1.496760e-09    2.174917e-11 
Er-167             9.130705e-10    2.775897e-10    9.002185e-10    1.285196e-11 
Er-168             1.900764e-09    3.262608e-10    1.872342e-09    2.842142e-11 
Er-169             2.344401e-99    1.000000e-99    2.313300e-99   3.110160e-101 
Er-170             1.050211e-09    1.839889e-10    1.034269e-09    1.594237e-11 
Er-171             2.344401e-99    1.000000e-99    2.313300e-99   3.110160e-101 
Er-172             2.344401e-99    1.000000e-99    2.313300e-99   3.110160e-101 
Er-173             2.344401e-99    1.000000e-99    2.313300e-99   3.110160e-101 
Er-174             2.344401e-99    1.000000e-99    2.313300e-99   3.110160e-101 
Er-175             2.344401e-99    1.000000e-99    2.313300e-99   3.110160e-101 
Tm-159             2.344401e-99    1.000000e-99    2.313300e-99   3.110160e-101 
Tm-160             2.344401e-99    1.000000e-99    2.313300e-99   3.110160e-101 
Tm-161             2.344401e-99    1.000000e-99    2.313300e-99   3.110160e-101 
Tm-162             2.344401e-99    1.000000e-99    2.313300e-99   3.110160e-101 
Tm-163             2.344401e-99    1.000000e-99    2.313300e-99   3.110160e-101 
Tm-164             2.344401e-99    1.000000e-99    2.313300e-99   3.110160e-101 
Tm-165             2.344401e-99    1.000000e-99    2.313300e-99   3.110160e-101 
Tm-166             2.344401e-99    1.000000e-99    2.313300e-99   3.110160e-101 
Tm-167             2.344401e-99    1.000000e-99    2.313300e-99   3.110160e-101 
Tm-168             2.344401e-99    1.000000e-99    2.313300e-99   3.110160e-101 
Tm-169             6.629730e-10    1.854256e-10    6.535307e-10    9.442209e-12 
Tm-170             6.870467e-33    1.000000e-99    6.723959e-33    1.465083e-34 
Tm-171             7.547965e-26    1.000000e-99    7.306155e-26    2.418103e-27 
Tm-172             2.344401e-99    1.000000e-99    2.313300e-99   3.110160e-101 
Tm-173             2.344401e-99    1.000000e-99    2.313300e-99   3.110160e-101 
Tm-174             2.344401e-99    1.000000e-99    2.313300e-99   3.110160e-101 
Tm-175             2.344401e-99    1.000000e-99    2.313300e-99   3.110160e-101 
Tm-176             2.344401e-99    1.000000e-99    2.313300e-99   3.110160e-101 
Yb-160             2.344401e-99    1.000000e-99    2.313300e-99   3.110160e-101 
Yb-161             2.344401e-99    1.000000e-99    2.313300e-99   3.110160e-101 
Yb-162             2.344401e-99    1.000000e-99    2.313300e-99   3.110160e-101 
Yb-163             2.344401e-99    1.000000e-99    2.313300e-99   3.110160e-101 
Yb-164             2.344401e-99    1.000000e-99    2.313300e-99   3.110160e-101 
Yb-165             2.344401e-99    1.000000e-99    2.313300e-99   3.110160e-101 
Yb-166             2.344401e-99    1.000000e-99    2.313300e-99   3.110160e-101 
Yb-167             2.344401e-99    1.000000e-99    2.313300e-99   3.110160e-101 
Yb-168             3.587272e-12    1.583199e-12    3.540100e-12    4.717224e-14 
Yb-169             2.344401e-99    1.000000e-99    2.313300e-99   3.110160e-101 
Yb-170             4.081372e-10    3.746325e-11    4.018258e-10    6.311319e-12 
Yb-171             9.175224e-10    1.770138e-10    9.038838e-10    1.363859e-11 
Yb-172             1.794248e-09    2.721856e-10    1.767173e-09    2.707488e-11 
Yb-173             1.036734e-09    2.022849e-10    1.021389e-09    1.534577e-11 
Yb-174             3.503100e-09    4.014845e-10    3.449451e-09    5.364879e-11 
Yb-175             2.344401e-99    1.000000e-99    2.313300e-99   3.110160e-101 
Yb-176             1.383294e-09    1.627969e-10    1.361992e-09    2.130218e-11 
Yb-177             2.344401e-99    1.000000e-99    2.313300e-99   3.110160e-101 
Yb-178             2.344401e-99    1.000000e-99    2.313300e-99   3.110160e-101 
Yb-179             2.344401e-99    1.000000e-99    2.313300e-99   3.110160e-101 
Yb-180             2.344401e-99    1.000000e-99    2.313300e-99   3.110160e-101 
Lu-165             2.344401e-99    1.000000e-99    2.313300e-99   3.110160e-101 
Lu-166             2.344401e-99    1.000000e-99    2.313300e-99   3.110160e-101 
Lu-167             2.344401e-99    1.000000e-99    2.313300e-99   3.110160e-101 
Lu-168             2.344401e-99    1.000000e-99    2.313300e-99   3.110160e-101 
Lu-169             2.344401e-99    1.000000e-99    2.313300e-99   3.110160e-101 
Lu-170             2.344401e-99    1.000000e-99    2.313300e-99   3.110160e-101 
Lu-171             2.344401e-99    1.000000e-99    2.313300e-99   3.110160e-101 
Lu-172             2.344401e-99    1.000000e-99    2.313300e-99   3.110160e-101 
Lu-173             2.344401e-99    1.000000e-99    2.313300e-99   3.110160e-101 
Lu-174             2.344401e-99    1.000000e-99    2.313300e-99   3.110160e-101 
Lu-175             7.814235e-10    1.827895e-10    7.700690e-10    1.135450e-11 
Lu-176             1.833161e-10    4.876274e-12    1.804024e-10    2.913648e-12 
Lu-177             2.344401e-99    1.000000e-99    2.313300e-99   3.110160e-101 
Lu-178             2.344401e-99    1.000000e-99    2.313300e-99   3.110160e-101 
Lu-179             2.344401e-99    1.000000e-99    2.313300e-99   3.110160e-101 
Lu-180             2.344401e-99    1.000000e-99    2.313300e-99   3.110160e-101 
Lu-181             2.344401e-99    1.000000e-99    2.313300e-99   3.110160e-101 
Lu-182             2.344401e-99    1.000000e-99    2.313300e-99   3.110160e-101 
Hf-166             2.344401e-99    1.000000e-99    2.313300e-99   3.110160e-101 
Hf-167             2.344401e-99    1.000000e-99    2.313300e-99   3.110160e-101 
Hf-168             2.344401e-99    1.000000e-99    2.313300e-99   3.110160e-101 
Hf-169             2.344401e-99    1.000000e-99    2.313300e-99   3.110160e-101 
Hf-170             2.344401e-99    1.000000e-99    2.313300e-99   3.110160e-101 
Hf-171             2.344401e-99    1.000000e-99    2.313300e-99   3.110160e-101 
Hf-172             2.344401e-99    1.000000e-99    2.313300e-99   3.110160e-101 
Hf-173             2.344401e-99    1.000000e-99    2.313300e-99   3.110160e-101 
Hf-174             2.789828e-12    1.231253e-12    2.753142e-12    3.668594e-14 
Hf-175             2.344401e-99    1.000000e-99    2.313300e-99   3.110160e-101 
Hf-176             1.947361e-10    4.036188e-11    1.918781e-10    2.857965e-12 
Hf-177             6.575856e-10    1.437825e-10    6.479551e-10    9.630447e-12 
Hf-178             1.888540e-09    2.121343e-10    1.859581e-09    2.895954e-11 
Hf-179             7.332067e-10    1.065106e-10    7.221275e-10    1.107921e-11 
Hf-180             3.266553e-09    2.758446e-10    3.215982e-09    5.057091e-11 
Hf-181             2.354877e-99    1.000000e-99    2.323392e-99   3.148458e-101 
Hf-182             1.595644e-10    1.000000e-99    1.568590e-10    2.705428e-12 
Hf-183             2.344401e-99    1.000000e-99    2.313300e-99   3.110160e-101 
Hf-184             2.344401e-99    1.000000e-99    2.313300e-99   3.110160e-101 
Hf-185             2.344401e-99    1.000000e-99    2.313300e-99   3.110160e-101 
Ta-169             2.344401e-99    1.000000e-99    2.313300e-99   3.110160e-101 
Ta-170             2.344401e-99    1.000000e-99    2.313300e-99   3.110160e-101 
Ta-171             2.344401e-99    1.000000e-99    2.313300e-99   3.110160e-101 
Ta-172             2.344401e-99    1.000000e-99    2.313300e-99   3.110160e-101 
Ta-173             2.344401e-99    1.000000e-99    2.313300e-99   3.110160e-101 
Ta-174             2.344401e-99    1.000000e-99    2.313300e-99   3.110160e-101 
Ta-175             2.344401e-99    1.000000e-99    2.313300e-99   3.110160e-101 
Ta-176             2.344401e-99    1.000000e-99    2.313300e-99   3.110160e-101 
Ta-177             2.344401e-99    1.000000e-99    2.313300e-99   3.110160e-101 
Ta-178             2.344401e-99    1.000000e-99    2.313300e-99   3.110160e-101 
Ta-179             1.007451e-26    1.000000e-99    9.758661e-27    3.158492e-28 
Ta-180             5.590661e-14    2.429185e-14    5.516908e-14    7.375383e-16 
Ta-181             1.005001e-09    1.985674e-10    9.901732e-10    1.482796e-11 
Ta-182             6.174955e-18    1.000000e-99    6.070153e-18    1.048023e-19 
Ta-183             2.344401e-99    1.000000e-99    2.313300e-99   3.110160e-101 
Ta-184             2.344401e-99    1.000000e-99    2.313300e-99   3.110160e-101 
Ta-185             2.344401e-99    1.000000e-99    2.313300e-99   3.110160e-101 
Ta-186             2.344401e-99    1.000000e-99    2.313300e-99   3.110160e-101 
W-172              2.344401e-99    1.000000e-99    2.313300e-99   3.110160e-101 
W-173              2.344401e-99    1.000000e-99    2.313300e-99   3.110160e-101 
W-174              2.344401e-99    1.000000e-99    2.313300e-99   3.110160e-101 
W-175              2.344401e-99    1.000000e-99    2.313300e-99   3.110160e-101 
W-176              2.344401e-99    1.000000e-99    2.313300e-99   3.110160e-101 
W-177              2.344401e-99    1.000000e-99    2.313300e-99   3.110160e-101 
W-178              2.344401e-99    1.000000e-99    2.313300e-99   3.110160e-101 
W-179              2.344401e-99    1.000000e-99    2.313300e-99   3.110160e-101 
W-180              2.070874e-12    8.394836e-13    2.043139e-12    2.773519e-14 
W-181              2.344401e-99    1.000000e-99    2.313300e-99   3.110160e-101 
W-182              1.404509e-09    1.877481e-10    1.383342e-09    2.116690e-11 
W-183              9.289331e-10    1.019725e-10    9.147247e-10    1.420837e-11 
W-184              2.290504e-09    2.194930e-10    2.255320e-09    3.518399e-11 
W-185              5.938237e-79    1.000000e-99    5.811591e-79    1.266458e-80 
W-186              1.319584e-09    2.058307e-10    1.299573e-09    2.001041e-11 
W-187              2.344401e-99    1.000000e-99    2.313300e-99   3.110160e-101 
W-188              2.344401e-99    1.000000e-99    2.313300e-99   3.110160e-101 
W-189              2.344401e-99    1.000000e-99    2.313300e-99   3.110160e-101 
W-190              2.344401e-99    1.000000e-99    2.313300e-99   3.110160e-101 
Re-175             2.344401e-99    1.000000e-99    2.313300e-99   3.110160e-101 
Re-176             2.344401e-99    1.000000e-99    2.313300e-99   3.110160e-101 
Re-177             2.344401e-99    1.000000e-99    2.313300e-99   3.110160e-101 
Re-178             2.344401e-99    1.000000e-99    2.313300e-99   3.110160e-101 
Re-179             2.344401e-99    1.000000e-99    2.313300e-99   3.110160e-101 
Re-180             2.344401e-99    1.000000e-99    2.313300e-99   3.110160e-101 
Re-181             2.344401e-99    1.000000e-99    2.313300e-99   3.110160e-101 
Re-182             2.344401e-99    1.000000e-99    2.313300e-99   3.110160e-101 
Re-183             2.344401e-99    1.000000e-99    2.313300e-99   3.110160e-101 
Re-184             2.344401e-99    1.000000e-99    2.313300e-99   3.110160e-101 
Re-185             6.451383e-10    1.047859e-10    6.354866e-10    9.651655e-12 
Re-186             2.344401e-99    1.000000e-99    2.313300e-99   3.110160e-101 
Re-187             6.241741e-10    1.773016e-10    6.152676e-10    8.906532e-12 
Re-188             2.344401e-99    1.000000e-99    2.313300e-99   3.110160e-101 
Re-189             2.344401e-99    1.000000e-99    2.313300e-99   3.110160e-101 
Re-190             2.344401e-99    1.000000e-99    2.313300e-99   3.110160e-101 
Re-191             2.344401e-99    1.000000e-99    2.313300e-99   3.110160e-101 
Os-179             2.344401e-99    1.000000e-99    2.313300e-99   3.110160e-101 
Os-180             2.344401e-99    1.000000e-99    2.313300e-99   3.110160e-101 
Os-181             2.344401e-99    1.000000e-99    2.313300e-99   3.110160e-101 
Os-182             2.344401e-99    1.000000e-99    2.313300e-99   3.110160e-101 
Os-183             2.344401e-99    1.000000e-99    2.313300e-99   3.110160e-101 
Os-184             1.610673e-12    7.108303e-13    1.589493e-12    2.118020e-14 
Os-185             2.344401e-99    1.000000e-99    2.313300e-99   3.110160e-101 
Os-186             7.349188e-10    5.778212e-11    7.236029e-10    1.131583e-11 
Os-187             3.022470e-10    5.998274e-11    2.978331e-10    4.413955e-12 
Os-188             2.507649e-09    4.873616e-10    2.470586e-09    3.706298e-11 
Os-189             1.654522e-09    5.973629e-10    1.631880e-09    2.264177e-11 
Os-190             3.712219e-09    9.765959e-10    3.658990e-09    5.322825e-11 
Os-191             2.344402e-99    1.000000e-99    2.313300e-99   3.110162e-101 
Os-192             4.330815e-09    1.532704e-09    4.271023e-09    5.979202e-11 
Os-193             2.344401e-99    1.000000e-99    2.313300e-99   3.110160e-101 
Os-194             1.556695e-16    1.000000e-99    1.519627e-16    3.706771e-18 
Os-195             2.344401e-99    1.000000e-99    2.313300e-99   3.110160e-101 
Os-196             2.344401e-99    1.000000e-99    2.313300e-99   3.110160e-101 
Ir-181             2.344401e-99    1.000000e-99    2.313300e-99   3.110160e-101 
Ir-182             2.344401e-99    1.000000e-99    2.313300e-99   3.110160e-101 
Ir-183             2.344401e-99    1.000000e-99    2.313300e-99   3.110160e-101 
Ir-184             2.344401e-99    1.000000e-99    2.313300e-99   3.110160e-101 
Ir-185             2.344401e-99    1.000000e-99    2.313300e-99   3.110160e-101 
Ir-186             2.344401e-99    1.000000e-99    2.313300e-99   3.110160e-101 
Ir-187             2.344401e-99    1.000000e-99    2.313300e-99   3.110160e-101 
Ir-188             2.344401e-99    1.000000e-99    2.313300e-99   3.110160e-101 
Ir-189             2.344401e-99    1.000000e-99    2.313300e-99   3.110160e-101 
Ir-190             2.344401e-99    1.000000e-99    2.313300e-99   3.110160e-101 
Ir-191             3.343955e-09    1.357372e-09    3.299191e-09    4.476356e-11 
Ir-192             4.002518e-64    1.000000e-99    3.917152e-64    8.536675e-66 
Ir-193             5.610918e-09    2.308350e-09    5.535978e-09    7.494054e-11 
Ir-194             5.659914e-20    1.000000e-99    5.525127e-20    1.347870e-21 
Ir-195             2.344401e-99    1.000000e-99    2.313300e-99   3.110160e-101 
Ir-196             2.344401e-99    1.000000e-99    2.313300e-99   3.110160e-101 
Ir-197             2.344401e-99    1.000000e-99    2.313300e-99   3.110160e-101 
Pt-184             2.344401e-99    1.000000e-99    2.313300e-99   3.110160e-101 
Pt-185             2.344401e-99    1.000000e-99    2.313300e-99   3.110160e-101 
Pt-186             2.344401e-99    1.000000e-99    2.313300e-99   3.110160e-101 
Pt-187             2.344401e-99    1.000000e-99    2.313300e-99   3.110160e-101 
Pt-188             2.344401e-99    1.000000e-99    2.313300e-99   3.110160e-101 
Pt-189             2.344401e-99    1.000000e-99    2.313300e-99   3.110160e-101 
Pt-190             2.285131e-12    1.008463e-12    2.255082e-12    3.004932e-14 
Pt-191             2.344401e-99    1.000000e-99    2.313300e-99   3.110160e-101 
Pt-192             4.641188e-10    5.850019e-11    4.570664e-10    7.052346e-12 
Pt-193             6.062399e-12    1.000000e-99    5.959111e-12    1.032877e-13 
Pt-194             6.872789e-09    2.489798e-09    6.778568e-09    9.422146e-11 
Pt-195             6.307829e-09    2.568263e-09    6.223384e-09    8.444469e-11 
Pt-196             6.509347e-09    1.926003e-09    6.417406e-09    9.194057e-11 
Pt-197             2.344401e-99    1.000000e-99    2.313300e-99   3.110160e-101 
Pt-198             1.456223e-09    5.521699e-10    1.436251e-09    1.997229e-11 
Pt-199             2.344401e-99    1.000000e-99    2.313300e-99   3.110160e-101 
Pt-200             2.344401e-99    1.000000e-99    2.313300e-99   3.110160e-101 
Pt-201             2.344401e-99    1.000000e-99    2.313300e-99   3.110160e-101 
Pt-202             2.344401e-99    1.000000e-99    2.313300e-99   3.110160e-101 
Au-185             2.344401e-99    1.000000e-99    2.313300e-99   3.110160e-101 
Au-186             2.344401e-99    1.000000e-99    2.313300e-99   3.110160e-101 
Au-187             2.344401e-99    1.000000e-99    2.313300e-99   3.110160e-101 
Au-188             2.344401e-99    1.000000e-99    2.313300e-99   3.110160e-101 
Au-189             2.344401e-99    1.000000e-99    2.313300e-99   3.110160e-101 
Au-190             2.344401e-99    1.000000e-99    2.313300e-99   3.110160e-101 
Au-191             2.344401e-99    1.000000e-99    2.313300e-99   3.110160e-101 
Au-192             2.344401e-99    1.000000e-99    2.313300e-99   3.110160e-101 
Au-193             2.344401e-99    1.000000e-99    2.313300e-99   3.110160e-101 
Au-194             2.344401e-99    1.000000e-99    2.313300e-99   3.110160e-101 
Au-195             7.821008e-96    1.000000e-99    7.654138e-96    1.668701e-97 
Au-196             2.344401e-99    1.000000e-99    2.313300e-99   3.110160e-101 
Au-197             3.111246e-09    1.083301e-09    3.068402e-09    4.284397e-11 
Au-198             2.344401e-99    1.000000e-99    2.313300e-99   3.110160e-101 
Au-199             2.344401e-99    1.000000e-99    2.313300e-99   3.110160e-101 
Au-200             2.344401e-99    1.000000e-99    2.313300e-99   3.110160e-101 
Au-201             2.344401e-99    1.000000e-99    2.313300e-99   3.110160e-101 
Au-202             2.344401e-99    1.000000e-99    2.313300e-99   3.110160e-101 
Au-203             2.344401e-99    1.000000e-99    2.313300e-99   3.110160e-101 
Hg-189             2.344401e-99    1.000000e-99    2.313300e-99   3.110160e-101 
Hg-190             2.344401e-99    1.000000e-99    2.313300e-99   3.110160e-101 
Hg-191             2.344401e-99    1.000000e-99    2.313300e-99   3.110160e-101 
Hg-192             2.344401e-99    1.000000e-99    2.313300e-99   3.110160e-101 
Hg-193             2.344401e-99    1.000000e-99    2.313300e-99   3.110160e-101 
Hg-194             2.344401e-99    1.000000e-99    2.313300e-99   3.110160e-101 
Hg-195             2.344401e-99    1.000000e-99    2.313300e-99   3.110160e-101 
Hg-196             6.822945e-12    3.009384e-12    6.733218e-12    8.972754e-14 
Hg-197             2.344401e-99    1.000000e-99    2.313300e-99   3.110160e-101 
Hg-198             2.368340e-09    1.974950e-10    2.331792e-09    3.654808e-11 
Hg-199             1.696893e-09    3.359915e-10    1.671869e-09    2.502408e-11 
Hg-200             4.132183e-09    4.622210e-10    4.068816e-09    6.336749e-11 
Hg-201             1.953475e-09    2.651107e-10    1.923789e-09    2.968672e-11 
Hg-202             6.405768e-09    6.036257e-10    6.306484e-09    9.928405e-11 
Hg-203             2.344401e-99    1.000000e-99    2.313300e-99   3.110160e-101 
Hg-204             4.975503e-10    1.401373e-10    4.903148e-10    7.235437e-12 
Hg-205             2.344401e-99    1.000000e-99    2.313300e-99   3.110160e-101 
Hg-206             2.344401e-99    1.000000e-99    2.313300e-99   3.110160e-101 
Hg-207             2.344401e-99    1.000000e-99    2.313300e-99   3.110160e-101 
Hg-208             2.344401e-99    1.000000e-99    2.313300e-99   3.110160e-101 
Tl-192             2.344401e-99    1.000000e-99    2.313300e-99   3.110160e-101 
Tl-193             2.344401e-99    1.000000e-99    2.313300e-99   3.110160e-101 
Tl-194             2.344401e-99    1.000000e-99    2.313300e-99   3.110160e-101 
Tl-195             2.344401e-99    1.000000e-99    2.313300e-99   3.110160e-101 
Tl-196             2.344401e-99    1.000000e-99    2.313300e-99   3.110160e-101 
Tl-197             2.344401e-99    1.000000e-99    2.313300e-99   3.110160e-101 
Tl-198             2.344401e-99    1.000000e-99    2.313300e-99   3.110160e-101 
Tl-199             2.344401e-99    1.000000e-99    2.313300e-99   3.110160e-101 
Tl-200             2.344401e-99    1.000000e-99    2.313300e-99   3.110160e-101 
Tl-201             2.344401e-99    1.000000e-99    2.313300e-99   3.110160e-101 
Tl-202             2.344401e-99    1.000000e-99    2.313300e-99   3.110160e-101 
Tl-203             3.041259e-09    3.220729e-10    2.994261e-09    4.699739e-11 
Tl-204             5.238499e-19    1.000000e-99    5.100944e-19    1.375553e-20 
Tl-205             5.182015e-09    7.763865e-10    5.103830e-09    7.818456e-11 
Tl-206             2.344401e-99    1.000000e-99    2.313300e-99   3.110160e-101 
Tl-207             2.344401e-99    1.000000e-99    2.313300e-99   3.110160e-101 
Tl-208             2.344401e-99    1.000000e-99    2.313300e-99   3.110160e-101 
Tl-209             2.344401e-99    1.000000e-99    2.313300e-99   3.110160e-101 
Tl-210             2.344401e-99    1.000000e-99    2.313300e-99   3.110160e-101 
Pb-193             2.344401e-99    1.000000e-99    2.313300e-99   3.110160e-101 
Pb-194             2.344401e-99    1.000000e-99    2.313300e-99   3.110160e-101 
Pb-195             2.344401e-99    1.000000e-99    2.313300e-99   3.110160e-101 
Pb-196             2.344401e-99    1.000000e-99    2.313300e-99   3.110160e-101 
Pb-197             2.344401e-99    1.000000e-99    2.313300e-99   3.110160e-101 
Pb-198             2.344401e-99    1.000000e-99    2.313300e-99   3.110160e-101 
Pb-199             2.344401e-99    1.000000e-99    2.313300e-99   3.110160e-101 
Pb-200             2.344401e-99    1.000000e-99    2.313300e-99   3.110160e-101 
Pb-201             2.344401e-99    1.000000e-99    2.313300e-99   3.110160e-101 
Pb-202             2.344401e-99    1.000000e-99    2.313300e-99   3.110160e-101 
Pb-203             2.344401e-99    1.000000e-99    2.313300e-99   3.110160e-101 
Pb-204             3.499114e-09    2.931006e-10    3.444840e-09    5.427410e-11 
Pb-205             5.004534e-11    1.000000e-99    4.921485e-11    8.304919e-13 
Pb-208             3.354778e-08    8.849766e-09    3.305968e-08    4.880976e-10 
Pb-209             2.344401e-99    1.000000e-99    2.313300e-99   3.110160e-101 
Pb-210             1.267298e-17    1.000000e-99    1.240826e-17    2.647208e-19 
Pb-211             2.344401e-99    1.000000e-99    2.313300e-99   3.110160e-101 
Bi-202             2.344401e-99    1.000000e-99    2.313300e-99   3.110160e-101 
Bi-203             2.344401e-99    1.000000e-99    2.313300e-99   3.110160e-101 
Bi-204             2.344401e-99    1.000000e-99    2.313300e-99   3.110160e-101 
Bi-205             2.344401e-99    1.000000e-99    2.313300e-99   3.110160e-101 
Bi-206             2.344401e-99    1.000000e-99    2.313300e-99   3.110160e-101 
Bi-207             2.344401e-99    1.000000e-99    2.313300e-99   3.110160e-101 
Bi-208             2.344401e-99    1.000000e-99    2.313300e-99   3.110160e-101 
Bi-209             2.248826e-09    8.718247e-10    2.218100e-09    3.072627e-11 
Bi-210             2.904356e-11    1.000000e-99    2.853780e-11    5.057593e-13 
Al-26m1            1.276524e-31    1.000000e-99    1.229867e-31    4.665703e-33 
Kr-85m1            2.344401e-99    1.000000e-99    2.313300e-99   3.110160e-101 
Cd-115m1           2.344401e-99    1.000000e-99    2.313300e-99   3.110160e-101 
Lu-176m1           2.344401e-99    1.000000e-99    2.313300e-99   3.110160e-101 
Ta-180m1           2.344401e-99    1.000000e-99    2.313300e-99   3.110160e-101 
