# Battino yields
# Model: m2z1m2
# Mini: 2.00
# Z: 1.00e-02
# Mfinal: 0.6321890095153473
# Mfinal (MESA): 0.8079007179639568
# Created by Daniel Boyea on 2024-12-06
isotope         wind_yield      initial_abundance wind_yield_mesaevo wind_yield_postmesa 
Neutron-1          1.367810e-99    1.000000e-99    1.192098e-99   1.757118e-100 
H-1                9.484036e-01    7.290144e-01    8.270114e-01    1.213922e-01 
H-2                4.837145e-06    1.414315e-05    4.227015e-06    6.101300e-07 
He-3               3.739068e-04    4.331343e-05    3.258978e-04    4.800907e-05 
He-4               3.873011e-01    2.609281e-01    3.374434e-01    4.985770e-02 
Be-7               9.382271e-11    1.000000e-99    7.822638e-11    1.559633e-11 
B-8                1.073967e-27    1.000000e-99    9.032392e-28    1.707275e-28 
Li-7               1.572621e-11    3.802547e-11    1.365948e-11    2.066733e-12 
C-11               1.335912e-27    1.000000e-99    1.094980e-27    2.409326e-28 
B-11               1.953159e-09    1.427945e-09    1.702252e-09    2.509068e-10 
C-12               1.333274e-02    1.712364e-03    1.139411e-02    1.938624e-03 
C-13               6.695315e-05    2.078058e-05    5.833959e-05    8.613563e-06 
N-13               2.409435e-21    1.000000e-99    2.100468e-21    3.089667e-22 
N-14               1.903612e-03    5.294040e-04    1.658184e-03    2.454279e-04 
C-14               1.818506e-08    1.000000e-99    1.544938e-08    2.735677e-09 
N-15               1.339748e-06    2.085360e-06    1.169051e-06    1.706966e-07 
O-16               1.178512e-02    4.812176e-03    1.017519e-02    1.609933e-03 
O-17               2.218764e-05    1.906535e-06    1.933274e-05    2.854899e-06 
O-18               1.046565e-05    1.085531e-05    9.128433e-06    1.337214e-06 
F-17               6.851375e-39    1.000000e-99    5.906342e-39    9.450335e-40 
F-18               1.786157e-70    1.000000e-99    1.554019e-70    2.321380e-71 
F-19               1.185229e-06    2.805476e-07    1.011848e-06    1.733819e-07 
Ne-20              1.253615e-03    9.088664e-04    1.092337e-03    1.612778e-04 
Ne-21              3.444952e-06    2.287638e-06    2.996736e-06    4.482155e-07 
Ne-22              6.442105e-04    7.351177e-05    5.484276e-04    9.578289e-05 
Na-22              3.940124e-18    1.000000e-99    2.930726e-18    1.009398e-18 
Na-23              3.890380e-05    1.999773e-05    3.381446e-05    5.089341e-06 
Mg-23              1.367810e-99    1.000000e-99    1.192098e-99   1.757118e-100 
Mg-24              4.058927e-04    2.931212e-04    3.536419e-04    5.225075e-05 
Mg-25              6.926997e-05    3.866546e-05    5.996311e-05    9.306865e-06 
Mg-26              9.366497e-05    4.424012e-05    8.082799e-05    1.283698e-05 
Al-26              8.567269e-08    1.000000e-99    7.353629e-08    1.213640e-08 
Al-27              4.537013e-05    3.240535e-05    3.952222e-05    5.847909e-06 
Si-27              1.367810e-99    1.000000e-99    1.192098e-99   1.757118e-100 
Si-28              5.094861e-04    3.726333e-04    4.440411e-04    6.544507e-05 
Si-29              2.708421e-05    1.959701e-05    2.359889e-05    3.485316e-06 
Si-30              1.932474e-05    1.336390e-05    1.682028e-05    2.504461e-06 
P-31               5.044266e-06    3.553159e-06    4.392363e-06    6.519029e-07 
S-31               1.367810e-99    1.000000e-99    1.192098e-99   1.757118e-100 
Be-8               1.367810e-99    1.000000e-99    1.192098e-99   1.757118e-100 
O-14               1.367810e-99    1.000000e-99    1.192098e-99   1.757118e-100 
O-15               4.074732e-25    1.000000e-99    3.552272e-25    5.224601e-26 
Na-21              1.367810e-99    1.000000e-99    1.192098e-99   1.757118e-100 
Al-25              1.367810e-99    1.000000e-99    1.192098e-99   1.757118e-100 
P-29               1.367810e-99    1.000000e-99    1.192098e-99   1.757118e-100 
P-30               1.367810e-99    1.000000e-99    1.192098e-99   1.757118e-100 
Pb-206             1.180532e-08    1.398866e-09    1.004247e-08    1.762853e-09 
Pb-207             1.170975e-08    1.544826e-09    9.957064e-09    1.752683e-09 
Bi-211             1.367810e-99    1.000000e-99    1.192098e-99   1.757118e-100 
Po-210             1.367810e-99    1.000000e-99    1.192098e-99   1.757118e-100 
F-20               1.367810e-99    1.000000e-99    1.192098e-99   1.757118e-100 
Ne-19              1.367810e-99    1.000000e-99    1.192098e-99   1.757118e-100 
Na-24              1.367810e-99    1.000000e-99    1.192098e-99   1.757118e-100 
Mg-27              1.367810e-99    1.000000e-99    1.192098e-99   1.757118e-100 
Mg-28              1.367810e-99    1.000000e-99    1.192098e-99   1.757118e-100 
Al-28              1.367810e-99    1.000000e-99    1.192098e-99   1.757118e-100 
Al-29              1.367810e-99    1.000000e-99    1.192098e-99   1.757118e-100 
Si-31              1.367810e-99    1.000000e-99    1.192098e-99   1.757118e-100 
Si-32              4.134937e-12    1.000000e-99    3.483470e-12    6.514676e-13 
P-32               9.388325e-16    1.000000e-99    7.909176e-16    1.479149e-16 
P-33               1.367810e-99    1.000000e-99    1.192098e-99   1.757118e-100 
P-34               1.367810e-99    1.000000e-99    1.192098e-99   1.757118e-100 
P-35               1.367810e-99    1.000000e-99    1.192098e-99   1.757118e-100 
S-32               2.733219e-04    2.005436e-04    2.382308e-04    3.509104e-05 
S-33               2.302594e-06    1.632406e-06    2.005412e-06    2.971811e-07 
S-34               1.319128e-05    9.452124e-06    1.149108e-05    1.700202e-06 
S-35               1.367810e-99    1.000000e-99    1.192098e-99   1.757118e-100 
S-36               8.944338e-08    4.036494e-08    7.725874e-08    1.218464e-08 
S-37               1.367810e-99    1.000000e-99    1.192098e-99   1.757118e-100 
S-38               1.367810e-99    1.000000e-99    1.192098e-99   1.757118e-100 
Cl-34              1.367810e-99    1.000000e-99    1.192098e-99   1.757118e-100 
Cl-35              4.627794e-06    3.410546e-06    4.034036e-06    5.937576e-07 
Cl-36              5.647722e-09    1.000000e-99    4.811651e-09    8.360709e-10 
Cl-37              1.791392e-06    1.152896e-06    1.557269e-06    2.341231e-07 
Cl-38              1.367810e-99    1.000000e-99    1.192098e-99   1.757118e-100 
Cl-39              1.367810e-99    1.000000e-99    1.192098e-99   1.757118e-100 
Cl-40              1.367810e-99    1.000000e-99    1.192098e-99   1.757118e-100 
Ar-35              1.367810e-99    1.000000e-99    1.192098e-99   1.757118e-100 
Ar-36              5.564120e-05    4.101078e-05    4.850255e-05    7.138654e-06 
Ar-37              1.605044e-11    1.000000e-99    1.345875e-11    2.591689e-12 
Ar-38              1.095337e-05    7.870737e-06    9.542494e-06    1.410873e-06 
Ar-39              7.267821e-09    1.000000e-99    6.165966e-09    1.101855e-09 
Ar-40              2.761869e-08    1.325098e-08    2.387015e-08    3.748540e-09 
Ar-41              1.367810e-99    1.000000e-99    1.192098e-99   1.757118e-100 
Ar-42              2.749612e-16    1.000000e-99    2.291264e-16    4.583479e-17 
Ar-43              1.367810e-99    1.000000e-99    1.192098e-99   1.757118e-100 
Ar-44              1.367810e-99    1.000000e-99    1.192098e-99   1.757118e-100 
K-38               1.367810e-99    1.000000e-99    1.192098e-99   1.757118e-100 
K-39               2.683599e-06    1.949863e-06    2.338538e-06    3.450612e-07 
K-40               9.456941e-09    2.502556e-10    8.058207e-09    1.398734e-09 
K-41               2.148782e-07    1.479333e-07    1.870393e-07    2.783890e-08 
K-42               1.203069e-20    1.000000e-99    1.002523e-20    2.005461e-21 
K-43               1.367810e-99    1.000000e-99    1.192098e-99   1.757118e-100 
K-44               1.367810e-99    1.000000e-99    1.192098e-99   1.757118e-100 
K-45               1.367810e-99    1.000000e-99    1.192098e-99   1.757118e-100 
K-46               1.367810e-99    1.000000e-99    1.192098e-99   1.757118e-100 
Ca-39              1.367810e-99    1.000000e-99    1.192098e-99   1.757118e-100 
Ca-40              4.911844e-05    3.612604e-05    4.281454e-05    6.303901e-06 
Ca-41              1.104941e-08    1.000000e-99    9.413635e-09    1.635779e-09 
Ca-42              3.681846e-07    2.531666e-07    3.204677e-07    4.771687e-08 
Ca-43              7.916372e-08    5.408230e-08    6.889335e-08    1.027037e-08 
Ca-44              1.176501e-06    8.551058e-07    1.025231e-06    1.512703e-07 
Ca-45              1.367810e-99    1.000000e-99    1.192098e-99   1.757118e-100 
Ca-46              2.967492e-09    1.714236e-09    2.571661e-09    3.958309e-10 
Ca-47              1.367810e-99    1.000000e-99    1.192098e-99   1.757118e-100 
Ca-48              1.142547e-07    8.362492e-08    9.957992e-08    1.467475e-08 
Ca-49              1.367810e-99    1.000000e-99    1.192098e-99   1.757118e-100 
Sc-43              1.367810e-99    1.000000e-99    1.192098e-99   1.757118e-100 
Sc-44              1.367810e-99    1.000000e-99    1.192098e-99   1.757118e-100 
Sc-45              4.079654e-08    2.706858e-08    3.547813e-08    5.318407e-09 
Sc-46              1.367810e-99    1.000000e-99    1.192098e-99   1.757118e-100 
Sc-47              1.367810e-99    1.000000e-99    1.192098e-99   1.757118e-100 
Sc-48              1.367810e-99    1.000000e-99    1.192098e-99   1.757118e-100 
Sc-49              1.367810e-99    1.000000e-99    1.192098e-99   1.757118e-100 
Sc-50              1.367810e-99    1.000000e-99    1.192098e-99   1.757118e-100 
Ti-44              8.571521e-24    1.000000e-99    7.288875e-24    1.282646e-24 
Ti-45              1.367810e-99    1.000000e-99    1.192098e-99   1.757118e-100 
Ti-46              2.235082e-07    1.615891e-07    1.947478e-07    2.876035e-08 
Ti-47              2.023201e-07    1.488499e-07    1.763538e-07    2.596635e-08 
Ti-48              2.034116e-06    1.506883e-06    1.773344e-06    2.607720e-07 
Ti-49              1.702960e-07    1.128667e-07    1.481021e-07    2.219384e-08 
Ti-50              1.763930e-07    1.104007e-07    1.532172e-07    2.317580e-08 
Ti-51              1.367810e-99    1.000000e-99    1.192098e-99   1.757118e-100 
Ti-52              1.367810e-99    1.000000e-99    1.192098e-99   1.757118e-100 
V-47               1.367810e-99    1.000000e-99    1.192098e-99   1.757118e-100 
V-48               1.367810e-99    1.000000e-99    1.192098e-99   1.757118e-100 
V-49               4.421572e-19    1.000000e-99    3.746141e-19    6.754314e-20 
V-50               6.825720e-10    5.077401e-10    5.951246e-10    8.744734e-11 
V-51               2.818526e-07    2.068889e-07    2.456671e-07    3.618551e-08 
V-52               1.367810e-99    1.000000e-99    1.192098e-99   1.757118e-100 
V-53               1.367810e-99    1.000000e-99    1.192098e-99   1.757118e-100 
Cr-48              1.367810e-99    1.000000e-99    1.192098e-99   1.757118e-100 
Cr-49              1.367810e-99    1.000000e-99    1.192098e-99   1.757118e-100 
Cr-50              5.555185e-07    4.132688e-07    4.843495e-07    7.116899e-08 
Cr-51              3.424609e-13    1.000000e-99    2.858190e-13    5.664184e-14 
Cr-52              1.126907e-05    8.287925e-06    9.822798e-06    1.446271e-06 
Cr-53              1.303682e-06    9.578109e-07    1.136332e-06    1.673494e-07 
Cr-54              3.976013e-07    2.428973e-07    3.452068e-07    5.239455e-08 
Cr-55              1.367810e-99    1.000000e-99    1.192098e-99   1.757118e-100 
Cr-56              1.367810e-99    1.000000e-99    1.192098e-99   1.757118e-100 
Mn-51              1.367810e-99    1.000000e-99    1.192098e-99   1.757118e-100 
Mn-52              1.367810e-99    1.000000e-99    1.192098e-99   1.757118e-100 
Mn-53              8.120923e-19    1.000000e-99    6.888337e-19    1.232586e-19 
Mn-54              2.831136e-19    1.000000e-99    2.394022e-19    4.371139e-20 
Mn-55              7.491405e-06    5.490547e-06    6.529582e-06    9.618229e-07 
Mn-56              1.367810e-99    1.000000e-99    1.192098e-99   1.757118e-100 
Mn-57              1.367810e-99    1.000000e-99    1.192098e-99   1.757118e-100 
Fe-52              1.367810e-99    1.000000e-99    1.192098e-99   1.757118e-100 
Fe-53              1.367810e-99    1.000000e-99    1.192098e-99   1.757118e-100 
Fe-54              5.467383e-05    4.059113e-05    4.766716e-05    7.006675e-06 
Fe-55              8.692079e-08    1.000000e-99    7.392758e-08    1.299321e-08 
Fe-56              8.969880e-04    6.607938e-04    7.818997e-04    1.150884e-04 
Fe-57              2.305908e-05    1.553312e-05    2.006086e-05    2.998218e-06 
Fe-58              6.385370e-06    2.103439e-06    5.494632e-06    8.907378e-07 
Fe-59              1.367810e-99    1.000000e-99    1.192098e-99   1.757118e-100 
Fe-60              6.765104e-08    1.000000e-99    5.740516e-08    1.024588e-08 
Fe-61              1.367810e-99    1.000000e-99    1.192098e-99   1.757118e-100 
Co-55              1.367810e-99    1.000000e-99    1.192098e-99   1.757118e-100 
Co-56              1.367810e-99    1.000000e-99    1.192098e-99   1.757118e-100 
Co-57              2.226614e-18    1.000000e-99    1.881606e-18    3.450076e-19 
Co-58              1.367810e-99    1.000000e-99    1.192098e-99   1.757118e-100 
Co-59              3.547178e-06    1.995744e-06    3.074938e-06    4.722401e-07 
Co-60              2.104637e-17    1.000000e-99    1.707038e-17    3.975995e-18 
Co-61              1.367810e-99    1.000000e-99    1.192098e-99   1.757118e-100 
Co-62              1.367810e-99    1.000000e-99    1.192098e-99   1.757118e-100 
Co-63              1.367810e-99    1.000000e-99    1.192098e-99   1.757118e-100 
Ni-56              1.367810e-99    1.000000e-99    1.192098e-99   1.757118e-100 
Ni-57              1.367810e-99    1.000000e-99    1.192098e-99   1.757118e-100 
Ni-58              3.847099e-05    2.855490e-05    3.354063e-05    4.930353e-06 
Ni-59              6.662601e-08    1.000000e-99    5.672784e-08    9.898165e-09 
Ni-60              1.609278e-05    1.137858e-05    1.401487e-05    2.077904e-06 
Ni-61              9.896404e-07    5.028628e-07    8.562906e-07    1.333498e-07 
Ni-62              2.810309e-06    1.629631e-06    2.436859e-06    3.734507e-07 
Ni-63              2.458384e-08    1.000000e-99    2.079037e-08    3.793466e-09 
Ni-64              8.994613e-07    4.284067e-07    7.768863e-07    1.225750e-07 
Ni-65              1.367810e-99    1.000000e-99    1.192098e-99   1.757118e-100 
Ni-66              1.367810e-99    1.000000e-99    1.192098e-99   1.757118e-100 
Ni-67              1.367810e-99    1.000000e-99    1.192098e-99   1.757118e-100 
Ni-68              1.367810e-99    1.000000e-99    1.192098e-99   1.757118e-100 
Cu-60              1.367810e-99    1.000000e-99    1.192098e-99   1.757118e-100 
Cu-61              1.367810e-99    1.000000e-99    1.192098e-99   1.757118e-100 
Cu-62              1.367810e-99    1.000000e-99    1.192098e-99   1.757118e-100 
Cu-63              6.375564e-07    3.300170e-07    5.517810e-07    8.577540e-08 
Cu-64              1.367810e-99    1.000000e-99    1.192098e-99   1.757118e-100 
Cu-65              3.085873e-07    1.517342e-07    2.666653e-07    4.192200e-08 
Cu-66              1.367810e-99    1.000000e-99    1.192098e-99   1.757118e-100 
Cu-67              1.367810e-99    1.000000e-99    1.192098e-99   1.757118e-100 
Cu-68              1.367810e-99    1.000000e-99    1.192098e-99   1.757118e-100 
Cu-69              1.367810e-99    1.000000e-99    1.192098e-99   1.757118e-100 
Cu-70              1.367810e-99    1.000000e-99    1.192098e-99   1.757118e-100 
Cu-71              1.367810e-99    1.000000e-99    1.192098e-99   1.757118e-100 
Zn-62              1.367810e-99    1.000000e-99    1.192098e-99   1.757118e-100 
Zn-63              1.367810e-99    1.000000e-99    1.192098e-99   1.757118e-100 
Zn-64              8.156914e-07    5.653757e-07    7.099959e-07    1.056955e-07 
Zn-65              2.375708e-10    1.000000e-99    2.000549e-10    3.751593e-11 
Zn-66              5.300946e-07    3.345038e-07    4.602783e-07    6.981624e-08 
Zn-67              8.349451e-08    4.990126e-08    7.240473e-08    1.108978e-08 
Zn-68              3.785227e-07    2.316131e-07    3.283560e-07    5.016673e-08 
Zn-69              1.367810e-99    1.000000e-99    1.192098e-99   1.757118e-100 
Zn-70              1.068830e-08    7.883928e-09    9.316884e-09    1.371414e-09 
Zn-71              1.367810e-99    1.000000e-99    1.192098e-99   1.757118e-100 
Zn-72              1.367810e-99    1.000000e-99    1.192098e-99   1.757118e-100 
Zn-73              1.367810e-99    1.000000e-99    1.192098e-99   1.757118e-100 
Zn-74              1.367810e-99    1.000000e-99    1.192098e-99   1.757118e-100 
Ga-65              1.367810e-99    1.000000e-99    1.192098e-99   1.757118e-100 
Ga-66              1.367810e-99    1.000000e-99    1.192098e-99   1.757118e-100 
Ga-67              1.367810e-99    1.000000e-99    1.192098e-99   1.757118e-100 
Ga-68              1.367810e-99    1.000000e-99    1.192098e-99   1.757118e-100 
Ga-69              3.948085e-08    2.275273e-08    3.420069e-08    5.280160e-09 
Ga-70              1.367810e-99    1.000000e-99    1.192098e-99   1.757118e-100 
Ga-71              2.674746e-08    1.553811e-08    2.317874e-08    3.568717e-09 
Ga-72              1.367810e-99    1.000000e-99    1.192098e-99   1.757118e-100 
Ga-73              1.367810e-99    1.000000e-99    1.192098e-99   1.757118e-100 
Ga-74              1.367810e-99    1.000000e-99    1.192098e-99   1.757118e-100 
Ga-75              1.367810e-99    1.000000e-99    1.192098e-99   1.757118e-100 
Ge-66              1.367810e-99    1.000000e-99    1.192098e-99   1.757118e-100 
Ge-67              1.367810e-99    1.000000e-99    1.192098e-99   1.757118e-100 
Ge-68              1.367810e-99    1.000000e-99    1.192098e-99   1.757118e-100 
Ge-69              1.367810e-99    1.000000e-99    1.192098e-99   1.757118e-100 
Ge-70              4.681112e-08    2.578593e-08    4.051065e-08    6.300466e-09 
Ge-71              1.367810e-99    1.000000e-99    1.192098e-99   1.757118e-100 
Ge-72              5.739563e-08    3.455166e-08    4.976974e-08    7.625892e-09 
Ge-73              1.621369e-08    9.772918e-09    1.405974e-08    2.153951e-09 
Ge-74              7.730975e-08    4.614227e-08    6.703335e-08    1.027639e-08 
Ge-75              1.367810e-99    1.000000e-99    1.192098e-99   1.757118e-100 
Ge-76              1.327994e-08    9.814606e-09    1.157659e-08    1.703347e-09 
Ge-77              1.367810e-99    1.000000e-99    1.192098e-99   1.757118e-100 
Ge-78              1.367810e-99    1.000000e-99    1.192098e-99   1.757118e-100 
As-69              1.367810e-99    1.000000e-99    1.192098e-99   1.757118e-100 
As-70              1.367810e-99    1.000000e-99    1.192098e-99   1.757118e-100 
As-71              1.367810e-99    1.000000e-99    1.192098e-99   1.757118e-100 
As-72              1.367810e-99    1.000000e-99    1.192098e-99   1.757118e-100 
As-73              1.367810e-99    1.000000e-99    1.192098e-99   1.757118e-100 
As-74              2.184358e-25    1.000000e-99    1.829685e-25    3.546738e-26 
As-75              1.111414e-08    7.150134e-09    9.653747e-09    1.460396e-09 
As-76              1.367810e-99    1.000000e-99    1.192098e-99   1.757118e-100 
As-77              1.367810e-99    1.000000e-99    1.192098e-99   1.757118e-100 
As-78              1.367810e-99    1.000000e-99    1.192098e-99   1.757118e-100 
As-79              1.367810e-99    1.000000e-99    1.192098e-99   1.757118e-100 
As-80              1.367810e-99    1.000000e-99    1.192098e-99   1.757118e-100 
As-81              1.367810e-99    1.000000e-99    1.192098e-99   1.757118e-100 
Se-72              1.367810e-99    1.000000e-99    1.192098e-99   1.757118e-100 
Se-73              1.367810e-99    1.000000e-99    1.192098e-99   1.757118e-100 
Se-74              8.023095e-10    5.989442e-10    6.995779e-10    1.027316e-10 
Se-75              1.367810e-99    1.000000e-99    1.192098e-99   1.757118e-100 
Se-76              1.197900e-08    6.480681e-09    1.036600e-08    1.613004e-09 
Se-77              8.448478e-09    5.352451e-09    7.336162e-09    1.112316e-09 
Se-78              3.024303e-08    1.688158e-08    2.619339e-08    4.049642e-09 
Se-79              1.360929e-09    1.000000e-99    1.154542e-09    2.063861e-10 
Se-80              5.544229e-08    3.613149e-08    4.818641e-08    7.255887e-09 
Se-81              1.367810e-99    1.000000e-99    1.192098e-99   1.757118e-100 
Se-82              8.846219e-09    6.518246e-09    7.711187e-09    1.135032e-09 
Se-83              1.367810e-99    1.000000e-99    1.192098e-99   1.757118e-100 
Se-84              1.367810e-99    1.000000e-99    1.192098e-99   1.757118e-100 
Br-74              1.367810e-99    1.000000e-99    1.192098e-99   1.757118e-100 
Br-75              1.367810e-99    1.000000e-99    1.192098e-99   1.757118e-100 
Br-76              1.367810e-99    1.000000e-99    1.192098e-99   1.757118e-100 
Br-77              1.367810e-99    1.000000e-99    1.192098e-99   1.757118e-100 
Br-78              1.367810e-99    1.000000e-99    1.192098e-99   1.757118e-100 
Br-79              9.481844e-09    6.946531e-09    8.264007e-09    1.217837e-09 
Br-80              1.367810e-99    1.000000e-99    1.192098e-99   1.757118e-100 
Br-81              1.051639e-08    6.929600e-09    9.142732e-09    1.373662e-09 
Br-82              1.367810e-99    1.000000e-99    1.192098e-99   1.757118e-100 
Br-83              1.367810e-99    1.000000e-99    1.192098e-99   1.757118e-100 
Br-84              1.367810e-99    1.000000e-99    1.192098e-99   1.757118e-100 
Br-85              1.367810e-99    1.000000e-99    1.192098e-99   1.757118e-100 
Br-86              1.367810e-99    1.000000e-99    1.192098e-99   1.757118e-100 
Br-87              1.367810e-99    1.000000e-99    1.192098e-99   1.757118e-100 
Kr-76              1.367810e-99    1.000000e-99    1.192098e-99   1.757118e-100 
Kr-77              1.367810e-99    1.000000e-99    1.192098e-99   1.757118e-100 
Kr-78              2.612064e-10    1.950096e-10    2.277605e-10    3.344586e-11 
Kr-79              1.367810e-99    1.000000e-99    1.192098e-99   1.757118e-100 
Kr-80              1.918786e-09    1.287356e-09    1.669197e-09    2.495895e-10 
Kr-81              1.072734e-10    1.000000e-99    9.140042e-11    1.587301e-11 
Kr-82              1.278066e-08    6.597702e-09    1.105997e-08    1.720691e-09 
Kr-83              1.031566e-08    6.620838e-09    8.963865e-09    1.351798e-09 
Kr-84              5.353314e-08    3.300992e-08    4.648090e-08    7.052238e-09 
Kr-85              3.993897e-15    1.000000e-99    3.301428e-15    6.924691e-16 
Kr-86              1.771595e-08    1.022191e-08    1.535743e-08    2.358527e-09 
Kr-87              1.367810e-99    1.000000e-99    1.192098e-99   1.757118e-100 
Kr-88              1.367810e-99    1.000000e-99    1.192098e-99   1.757118e-100 
Kr-89              1.367810e-99    1.000000e-99    1.192098e-99   1.757118e-100 
Kr-90              1.367810e-99    1.000000e-99    1.192098e-99   1.757118e-100 
Rb-79              1.367810e-99    1.000000e-99    1.192098e-99   1.757118e-100 
Rb-80              1.367810e-99    1.000000e-99    1.192098e-99   1.757118e-100 
Rb-81              1.367810e-99    1.000000e-99    1.192098e-99   1.757118e-100 
Rb-82              1.367810e-99    1.000000e-99    1.192098e-99   1.757118e-100 
Rb-83              1.367810e-99    1.000000e-99    1.192098e-99   1.757118e-100 
Rb-84              9.716292e-28    1.000000e-99    8.189809e-28    1.526483e-28 
Rb-85              1.087212e-08    6.412108e-09    9.430459e-09    1.441666e-09 
Rb-86              1.367810e-99    1.000000e-99    1.192098e-99   1.757118e-100 
Rb-87              5.099681e-09    2.531379e-09    4.405290e-09    6.943908e-10 
Rb-88              1.367810e-99    1.000000e-99    1.192098e-99   1.757118e-100 
Rb-89              1.367810e-99    1.000000e-99    1.192098e-99   1.757118e-100 
Rb-90              1.367810e-99    1.000000e-99    1.192098e-99   1.757118e-100 
Rb-91              1.367810e-99    1.000000e-99    1.192098e-99   1.757118e-100 
Sr-80              1.367810e-99    1.000000e-99    1.192098e-99   1.757118e-100 
Sr-81              1.367810e-99    1.000000e-99    1.192098e-99   1.757118e-100 
Sr-82              1.367810e-99    1.000000e-99    1.192098e-99   1.757118e-100 
Sr-83              1.367810e-99    1.000000e-99    1.192098e-99   1.757118e-100 
Sr-84              2.161645e-10    1.614000e-10    1.884864e-10    2.767815e-11 
Sr-85              1.367810e-99    1.000000e-99    1.192098e-99   1.757118e-100 
Sr-86              7.024300e-09    2.922276e-09    6.062808e-09    9.614917e-10 
Sr-87              5.031079e-09    2.221559e-09    4.346729e-09    6.843499e-10 
Sr-88              6.897741e-08    2.505398e-08    5.943782e-08    9.539593e-09 
Sr-89              1.367810e-99    1.000000e-99    1.192098e-99   1.757118e-100 
Sr-90              3.551146e-13    1.000000e-99    2.971531e-13    5.796148e-14 
Sr-91              1.367810e-99    1.000000e-99    1.192098e-99   1.757118e-100 
Sr-92              1.367810e-99    1.000000e-99    1.192098e-99   1.757118e-100 
Sr-93              1.367810e-99    1.000000e-99    1.192098e-99   1.757118e-100 
Sr-94              1.367810e-99    1.000000e-99    1.192098e-99   1.757118e-100 
Y-85               1.367810e-99    1.000000e-99    1.192098e-99   1.757118e-100 
Y-86               1.367810e-99    1.000000e-99    1.192098e-99   1.757118e-100 
Y-87               1.367810e-99    1.000000e-99    1.192098e-99   1.757118e-100 
Y-88               1.367810e-99    1.000000e-99    1.192098e-99   1.757118e-100 
Y-89               1.835138e-08    6.146713e-09    1.579504e-08    2.556337e-09 
Y-90               9.034045e-17    1.000000e-99    7.559517e-17    1.474529e-17 
Y-91               1.367810e-99    1.000000e-99    1.192098e-99   1.757118e-100 
Y-92               1.367810e-99    1.000000e-99    1.192098e-99   1.757118e-100 
Y-93               1.367810e-99    1.000000e-99    1.192098e-99   1.757118e-100 
Y-94               1.367810e-99    1.000000e-99    1.192098e-99   1.757118e-100 
Y-95               1.367810e-99    1.000000e-99    1.192098e-99   1.757118e-100 
Y-96               1.367810e-99    1.000000e-99    1.192098e-99   1.757118e-100 
Zr-86              1.367810e-99    1.000000e-99    1.192098e-99   1.757118e-100 
Zr-87              1.367810e-99    1.000000e-99    1.192098e-99   1.757118e-100 
Zr-88              1.367810e-99    1.000000e-99    1.192098e-99   1.757118e-100 
Zr-89              1.367810e-99    1.000000e-99    1.192098e-99   1.757118e-100 
Zr-90              2.049196e-08    7.671807e-09    1.766213e-08    2.829828e-09 
Zr-91              5.167905e-09    1.692011e-09    4.446168e-09    7.217366e-10 
Zr-92              8.144680e-09    2.613386e-09    7.004355e-09    1.140325e-09 
Zr-93              1.678822e-09    1.000000e-99    1.428420e-09    2.504025e-10 
Zr-94              9.503384e-09    2.706640e-09    8.164184e-09    1.339199e-09 
Zr-95              1.367810e-99    1.000000e-99    1.192098e-99   1.757118e-100 
Zr-96              9.549630e-10    4.451712e-10    8.235532e-10    1.314098e-10 
Zr-97              1.367810e-99    1.000000e-99    1.192098e-99   1.757118e-100 
Zr-98              1.367810e-99    1.000000e-99    1.192098e-99   1.757118e-100 
Nb-89              1.367810e-99    1.000000e-99    1.192098e-99   1.757118e-100 
Nb-90              1.367810e-99    1.000000e-99    1.192098e-99   1.757118e-100 
Nb-91              1.149735e-27    1.000000e-99    9.748608e-28    1.748744e-28 
Nb-92              1.367810e-99    1.000000e-99    1.192098e-99   1.757118e-100 
Nb-93              1.275561e-09    9.500268e-10    1.112181e-09    1.633802e-10 
Nb-94              3.008702e-14    1.000000e-99    2.557592e-14    4.511102e-15 
Nb-95              1.367810e-99    1.000000e-99    1.192098e-99   1.757118e-100 
Nb-96              1.367810e-99    1.000000e-99    1.192098e-99   1.757118e-100 
Nb-97              1.367810e-99    1.000000e-99    1.192098e-99   1.757118e-100 
Nb-98              1.367810e-99    1.000000e-99    1.192098e-99   1.757118e-100 
Nb-99              1.367810e-99    1.000000e-99    1.192098e-99   1.757118e-100 
Mo-90              1.367810e-99    1.000000e-99    1.192098e-99   1.757118e-100 
Mo-91              1.367810e-99    1.000000e-99    1.192098e-99   1.757118e-100 
Mo-92              6.797463e-10    5.062481e-10    5.926773e-10    8.706894e-11 
Mo-93              5.000880e-13    1.000000e-99    4.263678e-13    7.372015e-14 
Mo-94              4.552100e-10    3.223761e-10    3.964956e-10    5.871437e-11 
Mo-95              1.567969e-09    5.609476e-10    1.349479e-09    2.184895e-10 
Mo-96              2.248787e-09    5.937527e-10    1.930581e-09    3.182064e-10 
Mo-97              9.404636e-10    3.437636e-10    8.100542e-10    1.304093e-10 
Mo-98              2.852690e-09    8.771795e-10    2.452569e-09    4.001215e-10 
Mo-99              1.367810e-99    1.000000e-99    1.192098e-99   1.757118e-100 
Mo-100             5.692333e-10    3.573033e-10    4.940798e-10    7.515348e-11 
Mo-101             1.367810e-99    1.000000e-99    1.192098e-99   1.757118e-100 
Mo-102             1.367810e-99    1.000000e-99    1.192098e-99   1.757118e-100 
Tc-93              1.367810e-99    1.000000e-99    1.192098e-99   1.757118e-100 
Tc-94              1.367810e-99    1.000000e-99    1.192098e-99   1.757118e-100 
Tc-95              1.367810e-99    1.000000e-99    1.192098e-99   1.757118e-100 
Tc-96              1.367810e-99    1.000000e-99    1.192098e-99   1.757118e-100 
Tc-97              2.713223e-14    1.000000e-99    2.321273e-14    3.919506e-15 
Tc-98              1.140599e-14    1.000000e-99    9.754486e-15    1.651502e-15 
Tc-99              2.226684e-10    1.000000e-99    1.894761e-10    3.319234e-11 
Tc-100             1.367810e-99    1.000000e-99    1.192098e-99   1.757118e-100 
Tc-101             1.367810e-99    1.000000e-99    1.192098e-99   1.757118e-100 
Tc-102             1.367810e-99    1.000000e-99    1.192098e-99   1.757118e-100 
Tc-103             1.367810e-99    1.000000e-99    1.192098e-99   1.757118e-100 
Tc-104             1.367810e-99    1.000000e-99    1.192098e-99   1.757118e-100 
Tc-105             1.367810e-99    1.000000e-99    1.192098e-99   1.757118e-100 
Ru-94              1.367810e-99    1.000000e-99    1.192098e-99   1.757118e-100 
Ru-95              1.367810e-99    1.000000e-99    1.192098e-99   1.757118e-100 
Ru-96              1.959949e-10    1.462819e-10    1.708980e-10    2.509693e-11 
Ru-97              1.367810e-99    1.000000e-99    1.192098e-99   1.757118e-100 
Ru-98              6.762951e-11    5.035491e-11    5.896652e-11    8.662993e-12 
Ru-99              4.713147e-10    3.472700e-10    4.108504e-10    6.046436e-11 
Ru-100             1.256754e-09    3.463951e-10    1.079463e-09    1.772917e-10 
Ru-101             8.132527e-10    4.737544e-10    7.053911e-10    1.078616e-10 
Ru-102             2.316161e-09    8.848682e-10    1.996032e-09    3.201282e-10 
Ru-103             1.367810e-99    1.000000e-99    1.192098e-99   1.757118e-100 
Ru-104             7.839608e-10    5.324628e-10    6.818281e-10    1.021328e-10 
Ru-105             1.367810e-99    1.000000e-99    1.192098e-99   1.757118e-100 
Ru-106             1.367810e-99    1.000000e-99    1.192098e-99   1.757118e-100 
Rh-98              1.367810e-99    1.000000e-99    1.192098e-99   1.757118e-100 
Rh-99              1.367810e-99    1.000000e-99    1.192098e-99   1.757118e-100 
Rh-100             1.367810e-99    1.000000e-99    1.192098e-99   1.757118e-100 
Rh-101             1.367810e-99    1.000000e-99    1.192098e-99   1.757118e-100 
Rh-102             1.367810e-99    1.000000e-99    1.192098e-99   1.757118e-100 
Rh-103             9.086076e-10    5.273393e-10    7.880301e-10    1.205774e-10 
Rh-104             1.367810e-99    1.000000e-99    1.192098e-99   1.757118e-100 
Rh-105             1.367810e-99    1.000000e-99    1.192098e-99   1.757118e-100 
Rh-106             1.367810e-99    1.000000e-99    1.192098e-99   1.757118e-100 
Rh-107             1.367810e-99    1.000000e-99    1.192098e-99   1.757118e-100 
Rh-108             1.367810e-99    1.000000e-99    1.192098e-99   1.757118e-100 
Pd-99              1.367810e-99    1.000000e-99    1.192098e-99   1.757118e-100 
Pd-100             1.367810e-99    1.000000e-99    1.192098e-99   1.757118e-100 
Pd-101             1.367810e-99    1.000000e-99    1.192098e-99   1.757118e-100 
Pd-102             2.840090e-11    2.120573e-11    2.476439e-11    3.636506e-12 
Pd-103             1.367810e-99    1.000000e-99    1.192098e-99   1.757118e-100 
Pd-104             9.006506e-10    2.361410e-10    7.732655e-10    1.273851e-10 
Pd-105             7.982532e-10    4.778933e-10    6.927374e-10    1.055158e-10 
Pd-106             1.508341e-09    5.904708e-10    1.300276e-09    2.080654e-10 
Pd-107             1.408703e-10    1.000000e-99    1.199037e-10    2.096655e-11 
Pd-108             1.689474e-09    5.824605e-10    1.454266e-09    2.352081e-10 
Pd-109             1.367810e-99    1.000000e-99    1.192098e-99   1.757118e-100 
Pd-110             4.358308e-10    2.627684e-10    3.779279e-10    5.790290e-11 
Pd-111             1.367810e-99    1.000000e-99    1.192098e-99   1.757118e-100 
Pd-112             1.367810e-99    1.000000e-99    1.192098e-99   1.757118e-100 
Ag-101             1.367810e-99    1.000000e-99    1.192098e-99   1.757118e-100 
Ag-102             1.367810e-99    1.000000e-99    1.192098e-99   1.757118e-100 
Ag-103             1.367810e-99    1.000000e-99    1.192098e-99   1.757118e-100 
Ag-104             1.367810e-99    1.000000e-99    1.192098e-99   1.757118e-100 
Ag-105             1.367810e-99    1.000000e-99    1.192098e-99   1.757118e-100 
Ag-106             1.367810e-99    1.000000e-99    1.192098e-99   1.757118e-100 
Ag-107             5.249788e-10    3.920080e-10    4.577600e-10    6.721885e-11 
Ag-108             1.367810e-99    1.000000e-99    1.192098e-99   1.757118e-100 
Ag-109             7.608755e-10    3.709993e-10    6.579731e-10    1.029024e-10 
Ag-110             1.367810e-99    1.000000e-99    1.192098e-99   1.757118e-100 
Ag-111             1.367810e-99    1.000000e-99    1.192098e-99   1.757118e-100 
Ag-112             1.367810e-99    1.000000e-99    1.192098e-99   1.757118e-100 
Ag-113             1.367810e-99    1.000000e-99    1.192098e-99   1.757118e-100 
Cd-102             1.367810e-99    1.000000e-99    1.192098e-99   1.757118e-100 
Cd-103             1.367810e-99    1.000000e-99    1.192098e-99   1.757118e-100 
Cd-104             1.367810e-99    1.000000e-99    1.192098e-99   1.757118e-100 
Cd-105             1.367810e-99    1.000000e-99    1.192098e-99   1.757118e-100 
Cd-106             4.250002e-11    3.172991e-11    3.705817e-11    5.441852e-12 
Cd-107             1.367810e-99    1.000000e-99    1.192098e-99   1.757118e-100 
Cd-108             3.177646e-11    2.301795e-11    2.769099e-11    4.085466e-12 
Cd-109             1.367810e-99    1.000000e-99    1.192098e-99   1.757118e-100 
Cd-110             1.183611e-09    3.290092e-10    1.016802e-09    1.668090e-10 
Cd-111             7.167501e-10    3.402404e-10    6.195408e-10    9.720930e-11 
Cd-112             1.878117e-09    6.471847e-10    1.616587e-09    2.615301e-10 
Cd-113             7.390579e-10    3.306759e-10    6.382642e-10    1.007936e-10 
Cd-114             2.556631e-09    7.843201e-10    2.197881e-09    3.587502e-10 
Cd-115             1.367810e-99    1.000000e-99    1.192098e-99   1.757118e-100 
Cd-116             4.491903e-10    2.080620e-10    3.873358e-10    6.185450e-11 
Cd-117             1.367810e-99    1.000000e-99    1.192098e-99   1.757118e-100 
Cd-118             1.367810e-99    1.000000e-99    1.192098e-99   1.757118e-100 
In-106             1.367810e-99    1.000000e-99    1.192098e-99   1.757118e-100 
In-107             1.367810e-99    1.000000e-99    1.192098e-99   1.757118e-100 
In-108             1.367810e-99    1.000000e-99    1.192098e-99   1.757118e-100 
In-109             1.367810e-99    1.000000e-99    1.192098e-99   1.757118e-100 
In-110             1.367810e-99    1.000000e-99    1.192098e-99   1.757118e-100 
In-111             1.367810e-99    1.000000e-99    1.192098e-99   1.757118e-100 
In-112             1.367810e-99    1.000000e-99    1.192098e-99   1.757118e-100 
In-113             1.745123e-11    1.301925e-11    1.521649e-11    2.234738e-12 
In-114             1.367810e-99    1.000000e-99    1.192098e-99   1.757118e-100 
In-115             6.994186e-10    2.957448e-10    6.034902e-10    9.592841e-11 
In-116             1.367810e-99    1.000000e-99    1.192098e-99   1.757118e-100 
In-117             1.367810e-99    1.000000e-99    1.192098e-99   1.757118e-100 
In-118             1.367810e-99    1.000000e-99    1.192098e-99   1.757118e-100 
In-119             1.367810e-99    1.000000e-99    1.192098e-99   1.757118e-100 
Sn-108             1.367810e-99    1.000000e-99    1.192098e-99   1.757118e-100 
Sn-109             1.367810e-99    1.000000e-99    1.192098e-99   1.757118e-100 
Sn-110             1.367810e-99    1.000000e-99    1.192098e-99   1.757118e-100 
Sn-111             1.367810e-99    1.000000e-99    1.192098e-99   1.757118e-100 
Sn-112             8.179760e-11    6.105063e-11    7.132351e-11    1.047408e-11 
Sn-113             1.367810e-99    1.000000e-99    1.192098e-99   1.757118e-100 
Sn-114             5.673388e-11    4.217384e-11    4.946491e-11    7.268967e-12 
Sn-115             2.943895e-11    2.188520e-11    2.566711e-11    3.771838e-12 
Sn-116             3.191163e-09    9.465767e-10    2.742821e-09    4.483430e-10 
Sn-117             1.307864e-09    5.041662e-10    1.127146e-09    1.807180e-10 
Sn-118             5.241151e-09    1.604585e-09    4.504592e-09    7.365588e-10 
Sn-119             1.703827e-09    5.735089e-10    1.465810e-09    2.380171e-10 
Sn-120             7.786215e-09    2.195627e-09    6.685059e-09    1.101156e-09 
Sn-121             1.367810e-99    1.000000e-99    1.192098e-99   1.757118e-100 
Sn-122             8.605088e-10    3.170297e-10    7.392291e-10    1.212797e-10 
Sn-123             1.367810e-99    1.000000e-99    1.192098e-99   1.757118e-100 
Sn-124             5.472518e-10    4.029750e-10    4.770077e-10    7.024418e-11 
Sn-125             1.367810e-99    1.000000e-99    1.192098e-99   1.757118e-100 
Sn-126             2.530285e-15    1.000000e-99    2.130305e-15    3.999801e-16 
Sn-127             1.367810e-99    1.000000e-99    1.192098e-99   1.757118e-100 
Sn-128             1.367810e-99    1.000000e-99    1.192098e-99   1.757118e-100 
Sn-129             1.367810e-99    1.000000e-99    1.192098e-99   1.757118e-100 
Sn-130             1.367810e-99    1.000000e-99    1.192098e-99   1.757118e-100 
Sb-112             1.367810e-99    1.000000e-99    1.192098e-99   1.757118e-100 
Sb-113             1.367810e-99    1.000000e-99    1.192098e-99   1.757118e-100 
Sb-114             1.367810e-99    1.000000e-99    1.192098e-99   1.757118e-100 
Sb-115             1.367810e-99    1.000000e-99    1.192098e-99   1.757118e-100 
Sb-116             1.367810e-99    1.000000e-99    1.192098e-99   1.757118e-100 
Sb-117             1.367810e-99    1.000000e-99    1.192098e-99   1.757118e-100 
Sb-118             1.367810e-99    1.000000e-99    1.192098e-99   1.757118e-100 
Sb-119             1.367810e-99    1.000000e-99    1.192098e-99   1.757118e-100 
Sb-120             1.367810e-99    1.000000e-99    1.192098e-99   1.757118e-100 
Sb-121             8.088195e-10    3.158879e-10    6.968686e-10    1.119509e-10 
Sb-122             1.367810e-99    1.000000e-99    1.192098e-99   1.757118e-100 
Sb-123             3.991290e-10    2.401430e-10    3.460932e-10    5.303585e-11 
Sb-124             1.367810e-99    1.000000e-99    1.192098e-99   1.757118e-100 
Sb-125             1.855826e-28    1.000000e-99    1.486742e-28    3.690847e-29 
Sb-126             9.538867e-22    1.000000e-99    8.030760e-22    1.508107e-22 
Sb-127             1.367810e-99    1.000000e-99    1.192098e-99   1.757118e-100 
Sb-128             1.367810e-99    1.000000e-99    1.192098e-99   1.757118e-100 
Sb-129             1.367810e-99    1.000000e-99    1.192098e-99   1.757118e-100 
Sb-130             1.367810e-99    1.000000e-99    1.192098e-99   1.757118e-100 
Sb-131             1.367810e-99    1.000000e-99    1.192098e-99   1.757118e-100 
Sb-132             1.367810e-99    1.000000e-99    1.192098e-99   1.757118e-100 
Sb-133             1.367810e-99    1.000000e-99    1.192098e-99   1.757118e-100 
Te-114             1.367810e-99    1.000000e-99    1.192098e-99   1.757118e-100 
Te-115             1.367810e-99    1.000000e-99    1.192098e-99   1.757118e-100 
Te-116             1.367810e-99    1.000000e-99    1.192098e-99   1.757118e-100 
Te-117             1.367810e-99    1.000000e-99    1.192098e-99   1.757118e-100 
Te-118             1.367810e-99    1.000000e-99    1.192098e-99   1.757118e-100 
Te-119             1.367810e-99    1.000000e-99    1.192098e-99   1.757118e-100 
Te-120             1.090299e-11    8.141518e-12    9.506967e-12    1.396026e-12 
Te-121             1.367810e-99    1.000000e-99    1.192098e-99   1.757118e-100 
Te-122             8.834083e-10    2.244331e-10    7.578961e-10    1.255122e-10 
Te-123             3.063996e-10    7.893032e-11    2.629321e-10    4.346749e-11 
Te-124             1.749598e-09    4.220472e-10    1.500190e-09    2.494085e-10 
Te-125             1.238834e-09    6.306673e-10    1.071775e-09    1.670592e-10 
Te-126             4.554377e-09    1.687635e-09    3.922065e-09    6.323124e-10 
Te-127             1.367810e-99    1.000000e-99    1.192098e-99   1.757118e-100 
Te-128             4.097268e-09    2.866447e-09    3.566969e-09    5.302993e-10 
Te-129             1.367810e-99    1.000000e-99    1.192098e-99   1.757118e-100 
Te-130             4.203557e-09    3.105275e-09    3.664433e-09    5.391244e-10 
Te-131             1.367810e-99    1.000000e-99    1.192098e-99   1.757118e-100 
Te-132             1.367810e-99    1.000000e-99    1.192098e-99   1.757118e-100 
Te-133             1.367810e-99    1.000000e-99    1.192098e-99   1.757118e-100 
Te-134             1.367810e-99    1.000000e-99    1.192098e-99   1.757118e-100 
I-117              1.367810e-99    1.000000e-99    1.192098e-99   1.757118e-100 
I-118              1.367810e-99    1.000000e-99    1.192098e-99   1.757118e-100 
I-119              1.367810e-99    1.000000e-99    1.192098e-99   1.757118e-100 
I-120              1.367810e-99    1.000000e-99    1.192098e-99   1.757118e-100 
I-121              1.367810e-99    1.000000e-99    1.192098e-99   1.757118e-100 
I-122              1.367810e-99    1.000000e-99    1.192098e-99   1.757118e-100 
I-123              1.367810e-99    1.000000e-99    1.192098e-99   1.757118e-100 
I-124              1.367810e-99    1.000000e-99    1.192098e-99   1.757118e-100 
I-125              1.367810e-99    1.000000e-99    1.192098e-99   1.757118e-100 
I-126              1.367810e-99    1.000000e-99    1.192098e-99   1.757118e-100 
I-127              1.281015e-09    7.295526e-10    1.110462e-09    1.705528e-10 
I-128              1.367810e-99    1.000000e-99    1.192098e-99   1.757118e-100 
I-129              8.189499e-12    1.000000e-99    6.939634e-12    1.249865e-12 
I-130              1.367810e-99    1.000000e-99    1.192098e-99   1.757118e-100 
I-131              1.367810e-99    1.000000e-99    1.192098e-99   1.757118e-100 
I-132              1.367810e-99    1.000000e-99    1.192098e-99   1.757118e-100 
I-133              1.367810e-99    1.000000e-99    1.192098e-99   1.757118e-100 
I-134              1.367810e-99    1.000000e-99    1.192098e-99   1.757118e-100 
I-135              1.367810e-99    1.000000e-99    1.192098e-99   1.757118e-100 
Xe-118             1.367810e-99    1.000000e-99    1.192098e-99   1.757118e-100 
Xe-119             1.367810e-99    1.000000e-99    1.192098e-99   1.757118e-100 
Xe-120             1.367810e-99    1.000000e-99    1.192098e-99   1.757118e-100 
Xe-121             1.367810e-99    1.000000e-99    1.192098e-99   1.757118e-100 
Xe-122             1.367810e-99    1.000000e-99    1.192098e-99   1.757118e-100 
Xe-123             1.367810e-99    1.000000e-99    1.192098e-99   1.757118e-100 
Xe-124             1.479423e-11    1.104751e-11    1.289997e-11    1.894256e-12 
Xe-125             1.367810e-99    1.000000e-99    1.192098e-99   1.757118e-100 
Xe-126             1.305596e-11    9.746338e-12    1.138421e-11    1.671754e-12 
Xe-127             1.367810e-99    1.000000e-99    1.192098e-99   1.757118e-100 
Xe-128             9.766426e-10    1.971368e-10    8.363614e-10    1.402812e-10 
Xe-129             3.576663e-09    2.446488e-09    3.112294e-09    4.643686e-10 
Xe-130             2.082354e-09    3.932515e-10    1.782666e-09    2.996877e-10 
Xe-131             3.247837e-09    1.972335e-09    2.819098e-09    4.287381e-10 
Xe-132             6.445996e-09    2.403102e-09    5.551699e-09    8.942972e-10 
Xe-133             1.367810e-99    1.000000e-99    1.192098e-99   1.757118e-100 
Xe-134             1.501520e-09    8.939944e-10    1.301105e-09    2.004153e-10 
Xe-135             1.367810e-99    1.000000e-99    1.192098e-99   1.757118e-100 
Xe-136             1.011378e-09    7.392078e-10    8.814327e-10    1.299452e-10 
Xe-137             1.367810e-99    1.000000e-99    1.192098e-99   1.757118e-100 
Xe-138             1.367810e-99    1.000000e-99    1.192098e-99   1.757118e-100 
Cs-123             1.367810e-99    1.000000e-99    1.192098e-99   1.757118e-100 
Cs-124             1.367810e-99    1.000000e-99    1.192098e-99   1.757118e-100 
Cs-125             1.367810e-99    1.000000e-99    1.192098e-99   1.757118e-100 
Cs-126             1.367810e-99    1.000000e-99    1.192098e-99   1.757118e-100 
Cs-127             1.367810e-99    1.000000e-99    1.192098e-99   1.757118e-100 
Cs-128             1.367810e-99    1.000000e-99    1.192098e-99   1.757118e-100 
Cs-129             1.367810e-99    1.000000e-99    1.192098e-99   1.757118e-100 
Cs-130             1.367810e-99    1.000000e-99    1.192098e-99   1.757118e-100 
Cs-131             1.367810e-99    1.000000e-99    1.192098e-99   1.757118e-100 
Cs-132             1.367810e-99    1.000000e-99    1.192098e-99   1.757118e-100 
Cs-133             1.412374e-09    7.130246e-10    1.221632e-09    1.907418e-10 
Cs-134             2.292956e-31    1.000000e-99    1.823991e-31    4.689652e-32 
Cs-135             3.109246e-10    1.000000e-99    2.635954e-10    4.732919e-11 
Cs-136             1.367810e-99    1.000000e-99    1.192098e-99   1.757118e-100 
Cs-137             5.025591e-13    1.000000e-99    4.194055e-13    8.315358e-14 
Cs-138             1.367810e-99    1.000000e-99    1.192098e-99   1.757118e-100 
Cs-139             1.367810e-99    1.000000e-99    1.192098e-99   1.757118e-100 
Ba-124             1.367810e-99    1.000000e-99    1.192098e-99   1.757118e-100 
Ba-125             1.367810e-99    1.000000e-99    1.192098e-99   1.757118e-100 
Ba-126             1.367810e-99    1.000000e-99    1.192098e-99   1.757118e-100 
Ba-127             1.367810e-99    1.000000e-99    1.192098e-99   1.757118e-100 
Ba-128             1.367810e-99    1.000000e-99    1.192098e-99   1.757118e-100 
Ba-129             1.367810e-99    1.000000e-99    1.192098e-99   1.757118e-100 
Ba-130             1.214800e-11    9.071559e-12    1.059257e-11    1.555430e-12 
Ba-131             1.367810e-99    1.000000e-99    1.192098e-99   1.757118e-100 
Ba-132             1.180120e-11    8.810638e-12    1.029013e-11    1.511067e-12 
Ba-133             1.418462e-24    1.000000e-99    1.151523e-24    2.669386e-25 
Ba-134             1.316452e-09    2.136163e-10    1.126426e-09    1.900262e-10 
Ba-135             1.135483e-09    5.869537e-10    9.829227e-10    1.525599e-10 
Ba-136             4.259805e-09    7.044131e-10    3.643450e-09    6.163554e-10 
Ba-137             4.175637e-09    1.014917e-09    3.579371e-09    5.962661e-10 
Ba-138             4.573728e-08    6.525970e-09    3.902522e-08    6.712064e-09 
Ba-139             1.367810e-99    1.000000e-99    1.192098e-99   1.757118e-100 
Ba-140             1.367810e-99    1.000000e-99    1.192098e-99   1.757118e-100 
Ba-141             1.367810e-99    1.000000e-99    1.192098e-99   1.757118e-100 
Ba-142             1.367810e-99    1.000000e-99    1.192098e-99   1.757118e-100 
La-127             1.367810e-99    1.000000e-99    1.192098e-99   1.757118e-100 
La-128             1.367810e-99    1.000000e-99    1.192098e-99   1.757118e-100 
La-129             1.367810e-99    1.000000e-99    1.192098e-99   1.757118e-100 
La-130             1.367810e-99    1.000000e-99    1.192098e-99   1.757118e-100 
La-131             1.367810e-99    1.000000e-99    1.192098e-99   1.757118e-100 
La-132             1.367810e-99    1.000000e-99    1.192098e-99   1.757118e-100 
La-133             1.367810e-99    1.000000e-99    1.192098e-99   1.757118e-100 
La-134             1.367810e-99    1.000000e-99    1.192098e-99   1.757118e-100 
La-135             1.367810e-99    1.000000e-99    1.192098e-99   1.757118e-100 
La-136             1.367810e-99    1.000000e-99    1.192098e-99   1.757118e-100 
La-137             8.312006e-18    1.000000e-99    7.079429e-18    1.232578e-18 
La-138             1.065339e-12    8.020363e-13    9.289302e-13    1.364088e-13 
La-139             5.558898e-09    8.951090e-10    4.745425e-09    8.134735e-10 
La-140             1.367810e-99    1.000000e-99    1.192098e-99   1.757118e-100 
La-141             1.367810e-99    1.000000e-99    1.192098e-99   1.757118e-100 
La-142             1.367810e-99    1.000000e-99    1.192098e-99   1.757118e-100 
La-143             1.367810e-99    1.000000e-99    1.192098e-99   1.757118e-100 
Ce-130             1.367810e-99    1.000000e-99    1.192098e-99   1.757118e-100 
Ce-131             1.367810e-99    1.000000e-99    1.192098e-99   1.757118e-100 
Ce-132             1.367810e-99    1.000000e-99    1.192098e-99   1.757118e-100 
Ce-133             1.367810e-99    1.000000e-99    1.192098e-99   1.757118e-100 
Ce-134             1.367810e-99    1.000000e-99    1.192098e-99   1.757118e-100 
Ce-135             1.367810e-99    1.000000e-99    1.192098e-99   1.757118e-100 
Ce-136             5.613460e-12    4.190875e-12    4.894692e-12    7.187682e-13 
Ce-137             1.367810e-99    1.000000e-99    1.192098e-99   1.757118e-100 
Ce-138             7.695013e-12    5.738597e-12    6.709616e-12    9.853973e-13 
Ce-139             1.367810e-99    1.000000e-99    1.192098e-99   1.757118e-100 
Ce-140             1.596495e-08    2.051511e-09    1.361182e-08    2.353131e-09 
Ce-141             1.367810e-99    1.000000e-99    1.192098e-99   1.757118e-100 
Ce-142             6.632810e-10    2.614638e-10    5.692473e-10    9.403369e-11 
Ce-143             1.367810e-99    1.000000e-99    1.192098e-99   1.757118e-100 
Ce-144             1.367810e-99    1.000000e-99    1.192098e-99   1.757118e-100 
Ce-145             1.367810e-99    1.000000e-99    1.192098e-99   1.757118e-100 
Ce-146             1.367810e-99    1.000000e-99    1.192098e-99   1.757118e-100 
Pr-133             1.367810e-99    1.000000e-99    1.192098e-99   1.757118e-100 
Pr-134             1.367810e-99    1.000000e-99    1.192098e-99   1.757118e-100 
Pr-135             1.367810e-99    1.000000e-99    1.192098e-99   1.757118e-100 
Pr-136             1.367810e-99    1.000000e-99    1.192098e-99   1.757118e-100 
Pr-137             1.367810e-99    1.000000e-99    1.192098e-99   1.757118e-100 
Pr-138             1.367810e-99    1.000000e-99    1.192098e-99   1.757118e-100 
Pr-139             1.367810e-99    1.000000e-99    1.192098e-99   1.757118e-100 
Pr-140             1.367810e-99    1.000000e-99    1.192098e-99   1.757118e-100 
Pr-141             1.791660e-09    3.455191e-10    1.530492e-09    2.611683e-10 
Pr-142             1.367810e-99    1.000000e-99    1.192098e-99   1.757118e-100 
Pr-143             1.367810e-99    1.000000e-99    1.192098e-99   1.757118e-100 
Pr-144             1.367810e-99    1.000000e-99    1.192098e-99   1.757118e-100 
Pr-145             1.367810e-99    1.000000e-99    1.192098e-99   1.757118e-100 
Pr-146             1.367810e-99    1.000000e-99    1.192098e-99   1.757118e-100 
Pr-147             1.367810e-99    1.000000e-99    1.192098e-99   1.757118e-100 
Pr-148             1.367810e-99    1.000000e-99    1.192098e-99   1.757118e-100 
Pr-149             1.367810e-99    1.000000e-99    1.192098e-99   1.757118e-100 
Nd-134             1.367810e-99    1.000000e-99    1.192098e-99   1.757118e-100 
Nd-135             1.367810e-99    1.000000e-99    1.192098e-99   1.757118e-100 
Nd-136             1.367810e-99    1.000000e-99    1.192098e-99   1.757118e-100 
Nd-137             1.367810e-99    1.000000e-99    1.192098e-99   1.757118e-100 
Nd-138             1.367810e-99    1.000000e-99    1.192098e-99   1.757118e-100 
Nd-139             1.367810e-99    1.000000e-99    1.192098e-99   1.757118e-100 
Nd-140             1.367810e-99    1.000000e-99    1.192098e-99   1.757118e-100 
Nd-141             1.367810e-99    1.000000e-99    1.192098e-99   1.757118e-100 
Nd-142             4.043686e-09    4.959878e-10    3.446904e-09    5.967823e-10 
Nd-143             8.439973e-10    2.241778e-10    7.228518e-10    1.211455e-10 
Nd-144             2.318904e-09    4.413056e-10    1.979943e-09    3.389604e-10 
Nd-145             5.291842e-10    1.547744e-10    4.535753e-10    7.560890e-11 
Nd-146             1.984973e-09    3.223859e-10    1.692953e-09    2.920198e-10 
Nd-147             1.367810e-99    1.000000e-99    1.192098e-99   1.757118e-100 
Nd-148             3.652292e-10    1.092513e-10    3.125429e-10    5.268636e-11 
Nd-149             1.367810e-99    1.000000e-99    1.192098e-99   1.757118e-100 
Nd-150             1.470529e-10    1.084128e-10    1.281659e-10    1.888705e-11 
Nd-151             1.367810e-99    1.000000e-99    1.192098e-99   1.757118e-100 
Nd-152             1.367810e-99    1.000000e-99    1.192098e-99   1.757118e-100 
Pm-137             1.367810e-99    1.000000e-99    1.192098e-99   1.757118e-100 
Pm-138             1.367810e-99    1.000000e-99    1.192098e-99   1.757118e-100 
Pm-139             1.367810e-99    1.000000e-99    1.192098e-99   1.757118e-100 
Pm-140             1.367810e-99    1.000000e-99    1.192098e-99   1.757118e-100 
Pm-141             1.367810e-99    1.000000e-99    1.192098e-99   1.757118e-100 
Pm-142             1.367810e-99    1.000000e-99    1.192098e-99   1.757118e-100 
Pm-143             1.367810e-99    1.000000e-99    1.192098e-99   1.757118e-100 
Pm-144             1.367810e-99    1.000000e-99    1.192098e-99   1.757118e-100 
Pm-145             9.729557e-19    1.000000e-99    8.124235e-19    1.605323e-19 
Pm-146             2.250190e-30    1.000000e-99    1.820317e-30    4.298724e-31 
Pm-147             2.854483e-27    1.000000e-99    2.233309e-27    6.211743e-28 
Pm-148             1.367810e-99    1.000000e-99    1.192098e-99   1.757118e-100 
Pm-149             1.367810e-99    1.000000e-99    1.192098e-99   1.757118e-100 
Pm-150             1.367810e-99    1.000000e-99    1.192098e-99   1.757118e-100 
Pm-151             1.367810e-99    1.000000e-99    1.192098e-99   1.757118e-100 
Pm-152             1.367810e-99    1.000000e-99    1.192098e-99   1.757118e-100 
Pm-153             1.367810e-99    1.000000e-99    1.192098e-99   1.757118e-100 
Pm-154             1.367810e-99    1.000000e-99    1.192098e-99   1.757118e-100 
Sm-140             1.367810e-99    1.000000e-99    1.192098e-99   1.757118e-100 
Sm-141             1.367810e-99    1.000000e-99    1.192098e-99   1.757118e-100 
Sm-142             1.367810e-99    1.000000e-99    1.192098e-99   1.757118e-100 
Sm-143             1.367810e-99    1.000000e-99    1.192098e-99   1.757118e-100 
Sm-144             2.471576e-11    1.841766e-11    2.155019e-11    3.165571e-12 
Sm-145             1.367810e-99    1.000000e-99    1.192098e-99   1.757118e-100 
Sm-146             1.802346e-14    1.000000e-99    1.536248e-14    2.660981e-15 
Sm-147             3.050314e-10    9.172133e-11    2.614838e-10    4.354764e-11 
Sm-148             4.327429e-10    6.923156e-11    3.695131e-10    6.322977e-11 
Sm-149             1.845578e-10    8.568655e-11    1.592258e-10    2.533202e-11 
Sm-150             3.763621e-10    4.606563e-11    3.205513e-10    5.581078e-11 
Sm-151             3.468507e-12    1.000000e-99    2.923692e-12    5.448150e-13 
Sm-152             5.044298e-10    1.691578e-10    4.330637e-10    7.136615e-11 
Sm-153             1.367810e-99    1.000000e-99    1.192098e-99   1.757118e-100 
Sm-154             2.908250e-10    1.458120e-10    2.509624e-10    3.986257e-11 
Sm-155             1.367810e-99    1.000000e-99    1.192098e-99   1.757118e-100 
Sm-156             1.367810e-99    1.000000e-99    1.192098e-99   1.757118e-100 
Sm-157             1.367810e-99    1.000000e-99    1.192098e-99   1.757118e-100 
Sm-158             1.367810e-99    1.000000e-99    1.192098e-99   1.757118e-100 
Eu-143             1.367810e-99    1.000000e-99    1.192098e-99   1.757118e-100 
Eu-144             1.367810e-99    1.000000e-99    1.192098e-99   1.757118e-100 
Eu-145             1.367810e-99    1.000000e-99    1.192098e-99   1.757118e-100 
Eu-146             1.367810e-99    1.000000e-99    1.192098e-99   1.757118e-100 
Eu-147             1.367810e-99    1.000000e-99    1.192098e-99   1.757118e-100 
Eu-148             1.367810e-99    1.000000e-99    1.192098e-99   1.757118e-100 
Eu-149             1.367810e-99    1.000000e-99    1.192098e-99   1.757118e-100 
Eu-150             1.367810e-99    1.000000e-99    1.192098e-99   1.757118e-100 
Eu-151             1.792072e-10    1.018002e-10    1.552331e-10    2.397410e-11 
Eu-152             1.343847e-19    1.000000e-99    1.115941e-19    2.279057e-20 
Eu-153             2.046583e-10    1.125982e-10    1.771333e-10    2.752496e-11 
Eu-154             5.064600e-19    1.000000e-99    4.150651e-19    9.139497e-20 
Eu-155             4.897979e-22    1.000000e-99    3.960740e-22    9.372390e-23 
Eu-156             1.367810e-99    1.000000e-99    1.192098e-99   1.757118e-100 
Eu-157             1.367810e-99    1.000000e-99    1.192098e-99   1.757118e-100 
Eu-158             1.367810e-99    1.000000e-99    1.192098e-99   1.757118e-100 
Eu-159             1.367810e-99    1.000000e-99    1.192098e-99   1.757118e-100 
Gd-144             1.367810e-99    1.000000e-99    1.192098e-99   1.757118e-100 
Gd-145             1.367810e-99    1.000000e-99    1.192098e-99   1.757118e-100 
Gd-146             1.367810e-99    1.000000e-99    1.192098e-99   1.757118e-100 
Gd-147             1.367810e-99    1.000000e-99    1.192098e-99   1.757118e-100 
Gd-148             1.367810e-99    1.000000e-99    1.192098e-99   1.757118e-100 
Gd-149             1.367810e-99    1.000000e-99    1.192098e-99   1.757118e-100 
Gd-150             1.367810e-99    1.000000e-99    1.192098e-99   1.757118e-100 
Gd-151             1.367810e-99    1.000000e-99    1.192098e-99   1.757118e-100 
Gd-152             6.144336e-12    1.473596e-12    5.265422e-12    8.789143e-13 
Gd-153             1.367810e-99    1.000000e-99    1.192098e-99   1.757118e-100 
Gd-154             1.304604e-10    1.604757e-11    1.111625e-10    1.929788e-11 
Gd-155             2.119852e-10    1.096075e-10    1.832017e-10    2.878354e-11 
Gd-156             4.302497e-10    1.525524e-10    3.695976e-10    6.065217e-11 
Gd-157             2.612258e-10    1.174132e-10    2.252176e-10    3.600821e-11 
Gd-158             6.525472e-10    1.874860e-10    5.591356e-10    9.341160e-11 
Gd-159             1.367810e-99    1.000000e-99    1.192098e-99   1.757118e-100 
Gd-160             2.864537e-10    1.671447e-10    2.480123e-10    3.844144e-11 
Gd-161             1.367810e-99    1.000000e-99    1.192098e-99   1.757118e-100 
Gd-162             1.367810e-99    1.000000e-99    1.192098e-99   1.757118e-100 
Tb-147             1.367810e-99    1.000000e-99    1.192098e-99   1.757118e-100 
Tb-148             1.367810e-99    1.000000e-99    1.192098e-99   1.757118e-100 
Tb-149             1.367810e-99    1.000000e-99    1.192098e-99   1.757118e-100 
Tb-150             1.367810e-99    1.000000e-99    1.192098e-99   1.757118e-100 
Tb-151             1.367810e-99    1.000000e-99    1.192098e-99   1.757118e-100 
Tb-152             1.367810e-99    1.000000e-99    1.192098e-99   1.757118e-100 
Tb-153             1.367810e-99    1.000000e-99    1.192098e-99   1.757118e-100 
Tb-154             1.367810e-99    1.000000e-99    1.192098e-99   1.757118e-100 
Tb-155             1.367810e-99    1.000000e-99    1.192098e-99   1.757118e-100 
Tb-156             1.367810e-99    1.000000e-99    1.192098e-99   1.757118e-100 
Tb-157             2.779434e-14    1.000000e-99    2.354990e-14    4.244438e-15 
Tb-158             8.178940e-15    1.000000e-99    6.931971e-15    1.246969e-15 
Tb-159             2.738779e-10    1.382452e-10    2.366211e-10    3.725679e-11 
Tb-160             1.367810e-99    1.000000e-99    1.192098e-99   1.757118e-100 
Tb-161             1.367810e-99    1.000000e-99    1.192098e-99   1.757118e-100 
Tb-162             1.367810e-99    1.000000e-99    1.192098e-99   1.757118e-100 
Tb-163             1.367810e-99    1.000000e-99    1.192098e-99   1.757118e-100 
Tb-164             1.367810e-99    1.000000e-99    1.192098e-99   1.757118e-100 
Tb-165             1.367810e-99    1.000000e-99    1.192098e-99   1.757118e-100 
Dy-148             1.367810e-99    1.000000e-99    1.192098e-99   1.757118e-100 
Dy-149             1.367810e-99    1.000000e-99    1.192098e-99   1.757118e-100 
Dy-150             1.367810e-99    1.000000e-99    1.192098e-99   1.757118e-100 
Dy-151             1.367810e-99    1.000000e-99    1.192098e-99   1.757118e-100 
Dy-152             1.367810e-99    1.000000e-99    1.192098e-99   1.757118e-100 
Dy-153             1.367810e-99    1.000000e-99    1.192098e-99   1.757118e-100 
Dy-154             1.367810e-99    1.000000e-99    1.192098e-99   1.757118e-100 
Dy-155             1.367810e-99    1.000000e-99    1.192098e-99   1.757118e-100 
Dy-156             6.720160e-13    5.018403e-13    5.859712e-13    8.604481e-14 
Dy-157             1.367810e-99    1.000000e-99    1.192098e-99   1.757118e-100 
Dy-158             1.175228e-12    8.713271e-13    1.024573e-12    1.506545e-13 
Dy-159             1.367810e-99    1.000000e-99    1.192098e-99   1.757118e-100 
Dy-160             1.610359e-10    2.150744e-11    1.372222e-10    2.381374e-11 
Dy-161             3.069516e-10    1.748921e-10    2.658425e-10    4.110904e-11 
Dy-162             6.126920e-10    2.373987e-10    5.269873e-10    8.570467e-11 
Dy-163             3.797400e-10    2.331524e-10    3.294704e-10    5.026961e-11 
Dy-164             8.192550e-10    2.655778e-10    7.029319e-10    1.163231e-10 
Dy-165             1.367810e-99    1.000000e-99    1.192098e-99   1.757118e-100 
Dy-166             1.367810e-99    1.000000e-99    1.192098e-99   1.757118e-100 
Dy-167             1.367810e-99    1.000000e-99    1.192098e-99   1.757118e-100 
Dy-168             1.367810e-99    1.000000e-99    1.192098e-99   1.757118e-100 
Ho-153             1.367810e-99    1.000000e-99    1.192098e-99   1.757118e-100 
Ho-154             1.367810e-99    1.000000e-99    1.192098e-99   1.757118e-100 
Ho-155             1.367810e-99    1.000000e-99    1.192098e-99   1.757118e-100 
Ho-156             1.367810e-99    1.000000e-99    1.192098e-99   1.757118e-100 
Ho-157             1.367810e-99    1.000000e-99    1.192098e-99   1.757118e-100 
Ho-158             1.367810e-99    1.000000e-99    1.192098e-99   1.757118e-100 
Ho-159             1.367810e-99    1.000000e-99    1.192098e-99   1.757118e-100 
Ho-160             1.367810e-99    1.000000e-99    1.192098e-99   1.757118e-100 
Ho-161             1.367810e-99    1.000000e-99    1.192098e-99   1.757118e-100 
Ho-162             1.367810e-99    1.000000e-99    1.192098e-99   1.757118e-100 
Ho-163             2.753178e-11    1.000000e-99    2.329055e-11    4.241234e-12 
Ho-164             1.367810e-99    1.000000e-99    1.192098e-99   1.757118e-100 
Ho-165             4.083554e-10    2.121958e-10    3.530500e-10    5.530545e-11 
Ho-166             1.367810e-99    1.000000e-99    1.192098e-99   1.757118e-100 
Ho-167             1.367810e-99    1.000000e-99    1.192098e-99   1.757118e-100 
Ho-168             1.367810e-99    1.000000e-99    1.192098e-99   1.757118e-100 
Ho-169             1.367810e-99    1.000000e-99    1.192098e-99   1.757118e-100 
Er-154             1.367810e-99    1.000000e-99    1.192098e-99   1.757118e-100 
Er-155             1.367810e-99    1.000000e-99    1.192098e-99   1.757118e-100 
Er-156             1.367810e-99    1.000000e-99    1.192098e-99   1.757118e-100 
Er-157             1.367810e-99    1.000000e-99    1.192098e-99   1.757118e-100 
Er-158             1.367810e-99    1.000000e-99    1.192098e-99   1.757118e-100 
Er-159             1.367810e-99    1.000000e-99    1.192098e-99   1.757118e-100 
Er-160             1.367810e-99    1.000000e-99    1.192098e-99   1.757118e-100 
Er-161             1.367810e-99    1.000000e-99    1.192098e-99   1.757118e-100 
Er-162             1.077215e-12    8.044304e-13    9.392889e-13    1.379265e-13 
Er-163             1.367810e-99    1.000000e-99    1.192098e-99   1.757118e-100 
Er-164             6.628358e-11    9.564291e-12    5.652095e-11    9.762630e-12 
Er-165             1.367810e-99    1.000000e-99    1.192098e-99   1.757118e-100 
Er-166             4.689646e-10    2.022225e-10    4.042280e-10    6.473668e-11 
Er-167             2.806295e-10    1.387949e-10    2.424047e-10    3.822474e-11 
Er-168             6.149869e-10    1.631304e-10    5.266536e-10    8.833332e-11 
Er-169             1.367810e-99    1.000000e-99    1.192098e-99   1.757118e-100 
Er-170             3.079689e-10    9.199445e-11    2.636192e-10    4.434969e-11 
Er-171             1.367810e-99    1.000000e-99    1.192098e-99   1.757118e-100 
Er-172             1.367810e-99    1.000000e-99    1.192098e-99   1.757118e-100 
Er-173             1.367810e-99    1.000000e-99    1.192098e-99   1.757118e-100 
Er-174             1.367810e-99    1.000000e-99    1.192098e-99   1.757118e-100 
Er-175             1.367810e-99    1.000000e-99    1.192098e-99   1.757118e-100 
Tm-159             1.367810e-99    1.000000e-99    1.192098e-99   1.757118e-100 
Tm-160             1.367810e-99    1.000000e-99    1.192098e-99   1.757118e-100 
Tm-161             1.367810e-99    1.000000e-99    1.192098e-99   1.757118e-100 
Tm-162             1.367810e-99    1.000000e-99    1.192098e-99   1.757118e-100 
Tm-163             1.367810e-99    1.000000e-99    1.192098e-99   1.757118e-100 
Tm-164             1.367810e-99    1.000000e-99    1.192098e-99   1.757118e-100 
Tm-165             1.367810e-99    1.000000e-99    1.192098e-99   1.757118e-100 
Tm-166             1.367810e-99    1.000000e-99    1.192098e-99   1.757118e-100 
Tm-167             1.367810e-99    1.000000e-99    1.192098e-99   1.757118e-100 
Tm-168             1.367810e-99    1.000000e-99    1.192098e-99   1.757118e-100 
Tm-169             2.072532e-10    9.271278e-11    1.786673e-10    2.858596e-11 
Tm-170             1.367810e-99    1.000000e-99    1.192098e-99   1.757118e-100 
Tm-171             9.643308e-53    1.000000e-99    7.671074e-53    1.972234e-53 
Tm-172             1.367810e-99    1.000000e-99    1.192098e-99   1.757118e-100 
Tm-173             1.367810e-99    1.000000e-99    1.192098e-99   1.757118e-100 
Tm-174             1.367810e-99    1.000000e-99    1.192098e-99   1.757118e-100 
Tm-175             1.367810e-99    1.000000e-99    1.192098e-99   1.757118e-100 
Tm-176             1.367810e-99    1.000000e-99    1.192098e-99   1.757118e-100 
Yb-160             1.367810e-99    1.000000e-99    1.192098e-99   1.757118e-100 
Yb-161             1.367810e-99    1.000000e-99    1.192098e-99   1.757118e-100 
Yb-162             1.367810e-99    1.000000e-99    1.192098e-99   1.757118e-100 
Yb-163             1.367810e-99    1.000000e-99    1.192098e-99   1.757118e-100 
Yb-164             1.367810e-99    1.000000e-99    1.192098e-99   1.757118e-100 
Yb-165             1.367810e-99    1.000000e-99    1.192098e-99   1.757118e-100 
Yb-166             1.367810e-99    1.000000e-99    1.192098e-99   1.757118e-100 
Yb-167             1.367810e-99    1.000000e-99    1.192098e-99   1.757118e-100 
Yb-168             1.060036e-12    7.915995e-13    9.243089e-13    1.357268e-13 
Yb-169             1.367810e-99    1.000000e-99    1.192098e-99   1.757118e-100 
Yb-170             1.353255e-10    1.873162e-11    1.153926e-10    1.993285e-11 
Yb-171             2.915618e-10    8.850692e-11    2.499131e-10    4.164872e-11 
Yb-172             5.850319e-10    1.360928e-10    5.004307e-10    8.460120e-11 
Yb-173             3.339477e-10    1.011424e-10    2.863810e-10    4.756666e-11 
Yb-174             1.194647e-09    2.007422e-10    1.019287e-09    1.753598e-10 
Yb-175             1.367810e-99    1.000000e-99    1.192098e-99   1.757118e-100 
Yb-176             4.668077e-10    8.139847e-11    3.982040e-10    6.860365e-11 
Yb-177             1.367810e-99    1.000000e-99    1.192098e-99   1.757118e-100 
Yb-178             1.367810e-99    1.000000e-99    1.192098e-99   1.757118e-100 
Yb-179             1.367810e-99    1.000000e-99    1.192098e-99   1.757118e-100 
Yb-180             1.367810e-99    1.000000e-99    1.192098e-99   1.757118e-100 
Lu-165             1.367810e-99    1.000000e-99    1.192098e-99   1.757118e-100 
Lu-166             1.367810e-99    1.000000e-99    1.192098e-99   1.757118e-100 
Lu-167             1.367810e-99    1.000000e-99    1.192098e-99   1.757118e-100 
Lu-168             1.367810e-99    1.000000e-99    1.192098e-99   1.757118e-100 
Lu-169             1.367810e-99    1.000000e-99    1.192098e-99   1.757118e-100 
Lu-170             1.367810e-99    1.000000e-99    1.192098e-99   1.757118e-100 
Lu-171             1.367810e-99    1.000000e-99    1.192098e-99   1.757118e-100 
Lu-172             1.367810e-99    1.000000e-99    1.192098e-99   1.757118e-100 
Lu-173             1.367810e-99    1.000000e-99    1.192098e-99   1.757118e-100 
Lu-174             1.367810e-99    1.000000e-99    1.192098e-99   1.757118e-100 
Lu-175             2.534344e-10    9.139475e-11    2.177928e-10    3.564151e-11 
Lu-176             6.471213e-11    2.438137e-12    5.494096e-11    9.771169e-12 
Lu-177             1.367810e-99    1.000000e-99    1.192098e-99   1.757118e-100 
Lu-178             1.367810e-99    1.000000e-99    1.192098e-99   1.757118e-100 
Lu-179             1.367810e-99    1.000000e-99    1.192098e-99   1.757118e-100 
Lu-180             1.367810e-99    1.000000e-99    1.192098e-99   1.757118e-100 
Lu-181             1.367810e-99    1.000000e-99    1.192098e-99   1.757118e-100 
Lu-182             1.367810e-99    1.000000e-99    1.192098e-99   1.757118e-100 
Hf-166             1.367810e-99    1.000000e-99    1.192098e-99   1.757118e-100 
Hf-167             1.367810e-99    1.000000e-99    1.192098e-99   1.757118e-100 
Hf-168             1.367810e-99    1.000000e-99    1.192098e-99   1.757118e-100 
Hf-169             1.367810e-99    1.000000e-99    1.192098e-99   1.757118e-100 
Hf-170             1.367810e-99    1.000000e-99    1.192098e-99   1.757118e-100 
Hf-171             1.367810e-99    1.000000e-99    1.192098e-99   1.757118e-100 
Hf-172             1.367810e-99    1.000000e-99    1.192098e-99   1.757118e-100 
Hf-173             1.367810e-99    1.000000e-99    1.192098e-99   1.757118e-100 
Hf-174             8.243927e-13    6.156263e-13    7.188375e-13    1.055551e-13 
Hf-175             1.367810e-99    1.000000e-99    1.192098e-99   1.757118e-100 
Hf-176             6.488245e-11    2.018094e-11    5.566816e-11    9.214289e-12 
Hf-177             2.150643e-10    7.189125e-11    1.846276e-10    3.043668e-11 
Hf-178             6.554206e-10    1.060672e-10    5.590982e-10    9.632240e-11 
Hf-179             2.512902e-10    5.325529e-11    2.147711e-10    3.651912e-11 
Hf-180             1.186656e-09    1.379223e-10    1.010584e-09    1.760713e-10 
Hf-181             1.367810e-99    1.000000e-99    1.192098e-99   1.757118e-100 
Hf-182             4.248792e-11    1.000000e-99    3.585785e-11    6.630076e-12 
Hf-183             1.367810e-99    1.000000e-99    1.192098e-99   1.757118e-100 
Hf-184             1.367810e-99    1.000000e-99    1.192098e-99   1.757118e-100 
Hf-185             1.367810e-99    1.000000e-99    1.192098e-99   1.757118e-100 
Ta-169             1.367810e-99    1.000000e-99    1.192098e-99   1.757118e-100 
Ta-170             1.367810e-99    1.000000e-99    1.192098e-99   1.757118e-100 
Ta-171             1.367810e-99    1.000000e-99    1.192098e-99   1.757118e-100 
Ta-172             1.367810e-99    1.000000e-99    1.192098e-99   1.757118e-100 
Ta-173             1.367810e-99    1.000000e-99    1.192098e-99   1.757118e-100 
Ta-174             1.367810e-99    1.000000e-99    1.192098e-99   1.757118e-100 
Ta-175             1.367810e-99    1.000000e-99    1.192098e-99   1.757118e-100 
Ta-176             1.367810e-99    1.000000e-99    1.192098e-99   1.757118e-100 
Ta-177             1.367810e-99    1.000000e-99    1.192098e-99   1.757118e-100 
Ta-178             1.367810e-99    1.000000e-99    1.192098e-99   1.757118e-100 
Ta-179             3.968283e-49    1.000000e-99    3.156682e-49    8.116014e-50 
Ta-180             1.658218e-14    1.214592e-14    1.445092e-14    2.131259e-15 
Ta-181             3.428470e-10    9.928372e-11    2.938530e-10    4.899405e-11 
Ta-182             1.637667e-18    1.000000e-99    1.382119e-18    2.555483e-19 
Ta-183             1.367810e-99    1.000000e-99    1.192098e-99   1.757118e-100 
Ta-184             1.367810e-99    1.000000e-99    1.192098e-99   1.757118e-100 
Ta-185             1.367810e-99    1.000000e-99    1.192098e-99   1.757118e-100 
Ta-186             1.367810e-99    1.000000e-99    1.192098e-99   1.757118e-100 
W-172              1.367810e-99    1.000000e-99    1.192098e-99   1.757118e-100 
W-173              1.367810e-99    1.000000e-99    1.192098e-99   1.757118e-100 
W-174              1.367810e-99    1.000000e-99    1.192098e-99   1.757118e-100 
W-175              1.367810e-99    1.000000e-99    1.192098e-99   1.757118e-100 
W-176              1.367810e-99    1.000000e-99    1.192098e-99   1.757118e-100 
W-177              1.367810e-99    1.000000e-99    1.192098e-99   1.757118e-100 
W-178              1.367810e-99    1.000000e-99    1.192098e-99   1.757118e-100 
W-179              1.367810e-99    1.000000e-99    1.192098e-99   1.757118e-100 
W-180              6.065777e-13    4.197418e-13    5.279048e-13    7.867296e-14 
W-181              1.367810e-99    1.000000e-99    1.192098e-99   1.757118e-100 
W-182              5.192377e-10    9.387405e-11    4.435475e-10    7.569024e-11 
W-183              3.424929e-10    5.098623e-11    2.920424e-10    5.045052e-11 
W-184              8.661859e-10    1.097465e-10    7.379617e-10    1.282242e-10 
W-185              1.367810e-99    1.000000e-99    1.192098e-99   1.757118e-100 
W-186              4.471338e-10    1.029153e-10    3.818752e-10    6.525862e-11 
W-187              1.367810e-99    1.000000e-99    1.192098e-99   1.757118e-100 
W-188              1.367810e-99    1.000000e-99    1.192098e-99   1.757118e-100 
W-189              1.367810e-99    1.000000e-99    1.192098e-99   1.757118e-100 
W-190              1.367810e-99    1.000000e-99    1.192098e-99   1.757118e-100 
Re-175             1.367810e-99    1.000000e-99    1.192098e-99   1.757118e-100 
Re-176             1.367810e-99    1.000000e-99    1.192098e-99   1.757118e-100 
Re-177             1.367810e-99    1.000000e-99    1.192098e-99   1.757118e-100 
Re-178             1.367810e-99    1.000000e-99    1.192098e-99   1.757118e-100 
Re-179             1.367810e-99    1.000000e-99    1.192098e-99   1.757118e-100 
Re-180             1.367810e-99    1.000000e-99    1.192098e-99   1.757118e-100 
Re-181             1.367810e-99    1.000000e-99    1.192098e-99   1.757118e-100 
Re-182             1.367810e-99    1.000000e-99    1.192098e-99   1.757118e-100 
Re-183             1.367810e-99    1.000000e-99    1.192098e-99   1.757118e-100 
Re-184             1.367810e-99    1.000000e-99    1.192098e-99   1.757118e-100 
Re-185             2.336633e-10    5.239297e-11    1.997178e-10    3.394551e-11 
Re-186             1.367810e-99    1.000000e-99    1.192098e-99   1.757118e-100 
Re-187             1.988139e-10    8.865081e-11    1.712467e-10    2.756715e-11 
Re-188             1.367810e-99    1.000000e-99    1.192098e-99   1.757118e-100 
Re-189             1.367810e-99    1.000000e-99    1.192098e-99   1.757118e-100 
Re-190             1.367810e-99    1.000000e-99    1.192098e-99   1.757118e-100 
Re-191             1.367810e-99    1.000000e-99    1.192098e-99   1.757118e-100 
Os-179             1.367810e-99    1.000000e-99    1.192098e-99   1.757118e-100 
Os-180             1.367810e-99    1.000000e-99    1.192098e-99   1.757118e-100 
Os-181             1.367810e-99    1.000000e-99    1.192098e-99   1.757118e-100 
Os-182             1.367810e-99    1.000000e-99    1.192098e-99   1.757118e-100 
Os-183             1.367810e-99    1.000000e-99    1.192098e-99   1.757118e-100 
Os-184             4.759564e-13    3.554151e-13    4.150148e-13    6.094161e-14 
Os-185             1.367810e-99    1.000000e-99    1.192098e-99   1.757118e-100 
Os-186             2.866634e-10    2.889106e-11    2.441848e-10    4.247864e-11 
Os-187             1.107123e-10    2.999137e-11    9.494119e-11    1.577107e-11 
Os-188             8.828602e-10    2.436808e-10    7.562881e-10    1.265721e-10 
Os-189             5.182167e-10    2.986815e-10    4.489674e-10    6.924936e-11 
Os-190             1.251162e-09    4.882980e-10    1.076297e-09    1.748646e-10 
Os-191             1.367810e-99    1.000000e-99    1.192098e-99   1.757118e-100 
Os-192             1.327951e-09    7.663518e-10    1.149860e-09    1.780901e-10 
Os-193             1.367810e-99    1.000000e-99    1.192098e-99   1.757118e-100 
Os-194             8.374220e-20    1.000000e-99    6.807392e-20    1.566828e-20 
Os-195             1.367810e-99    1.000000e-99    1.192098e-99   1.757118e-100 
Os-196             1.367810e-99    1.000000e-99    1.192098e-99   1.757118e-100 
Ir-181             1.367810e-99    1.000000e-99    1.192098e-99   1.757118e-100 
Ir-182             1.367810e-99    1.000000e-99    1.192098e-99   1.757118e-100 
Ir-183             1.367810e-99    1.000000e-99    1.192098e-99   1.757118e-100 
Ir-184             1.367810e-99    1.000000e-99    1.192098e-99   1.757118e-100 
Ir-185             1.367810e-99    1.000000e-99    1.192098e-99   1.757118e-100 
Ir-186             1.367810e-99    1.000000e-99    1.192098e-99   1.757118e-100 
Ir-187             1.367810e-99    1.000000e-99    1.192098e-99   1.757118e-100 
Ir-188             1.367810e-99    1.000000e-99    1.192098e-99   1.757118e-100 
Ir-189             1.367810e-99    1.000000e-99    1.192098e-99   1.757118e-100 
Ir-190             1.367810e-99    1.000000e-99    1.192098e-99   1.757118e-100 
Ir-191             1.015813e-09    6.786861e-10    8.831136e-10    1.326994e-10 
Ir-192             1.367810e-99    1.000000e-99    1.192098e-99   1.757118e-100 
Ir-193             1.693939e-09    1.154175e-09    1.473319e-09    2.206202e-10 
Ir-194             3.043381e-23    1.000000e-99    2.473961e-23    5.694192e-24 
Ir-195             1.367810e-99    1.000000e-99    1.192098e-99   1.757118e-100 
Ir-196             1.367810e-99    1.000000e-99    1.192098e-99   1.757118e-100 
Ir-197             1.367810e-99    1.000000e-99    1.192098e-99   1.757118e-100 
Pt-184             1.367810e-99    1.000000e-99    1.192098e-99   1.757118e-100 
Pt-185             1.367810e-99    1.000000e-99    1.192098e-99   1.757118e-100 
Pt-186             1.367810e-99    1.000000e-99    1.192098e-99   1.757118e-100 
Pt-187             1.367810e-99    1.000000e-99    1.192098e-99   1.757118e-100 
Pt-188             1.367810e-99    1.000000e-99    1.192098e-99   1.757118e-100 
Pt-189             1.367810e-99    1.000000e-99    1.192098e-99   1.757118e-100 
Pt-190             6.752630e-13    5.042313e-13    5.888019e-13    8.646114e-14 
Pt-191             1.367810e-99    1.000000e-99    1.192098e-99   1.757118e-100 
Pt-192             1.731874e-10    2.925009e-11    1.478413e-10    2.534609e-11 
Pt-193             8.695990e-13    1.000000e-99    7.333649e-13    1.362342e-13 
Pt-194             2.134464e-09    1.244899e-09    1.849492e-09    2.849725e-10 
Pt-195             1.908691e-09    1.284132e-09    1.659609e-09    2.490820e-10 
Pt-196             2.165932e-09    9.630013e-10    1.866948e-09    2.989831e-10 
Pt-197             1.367810e-99    1.000000e-99    1.192098e-99   1.757118e-100 
Pt-198             4.219321e-10    2.760850e-10    3.663748e-10    5.555736e-11 
Pt-199             1.367810e-99    1.000000e-99    1.192098e-99   1.757118e-100 
Pt-200             1.367810e-99    1.000000e-99    1.192098e-99   1.757118e-100 
Pt-201             1.367810e-99    1.000000e-99    1.192098e-99   1.757118e-100 
Pt-202             1.367810e-99    1.000000e-99    1.192098e-99   1.757118e-100 
Au-185             1.367810e-99    1.000000e-99    1.192098e-99   1.757118e-100 
Au-186             1.367810e-99    1.000000e-99    1.192098e-99   1.757118e-100 
Au-187             1.367810e-99    1.000000e-99    1.192098e-99   1.757118e-100 
Au-188             1.367810e-99    1.000000e-99    1.192098e-99   1.757118e-100 
Au-189             1.367810e-99    1.000000e-99    1.192098e-99   1.757118e-100 
Au-190             1.367810e-99    1.000000e-99    1.192098e-99   1.757118e-100 
Au-191             1.367810e-99    1.000000e-99    1.192098e-99   1.757118e-100 
Au-192             1.367810e-99    1.000000e-99    1.192098e-99   1.757118e-100 
Au-193             1.367810e-99    1.000000e-99    1.192098e-99   1.757118e-100 
Au-194             1.367810e-99    1.000000e-99    1.192098e-99   1.757118e-100 
Au-195             1.367810e-99    1.000000e-99    1.192098e-99   1.757118e-100 
Au-196             1.367810e-99    1.000000e-99    1.192098e-99   1.757118e-100 
Au-197             9.957168e-10    5.416505e-10    8.615232e-10    1.341936e-10 
Au-198             1.367810e-99    1.000000e-99    1.192098e-99   1.757118e-100 
Au-199             1.367810e-99    1.000000e-99    1.192098e-99   1.757118e-100 
Au-200             1.367810e-99    1.000000e-99    1.192098e-99   1.757118e-100 
Au-201             1.367810e-99    1.000000e-99    1.192098e-99   1.757118e-100 
Au-202             1.367810e-99    1.000000e-99    1.192098e-99   1.757118e-100 
Au-203             1.367810e-99    1.000000e-99    1.192098e-99   1.757118e-100 
Hg-189             1.367810e-99    1.000000e-99    1.192098e-99   1.757118e-100 
Hg-190             1.367810e-99    1.000000e-99    1.192098e-99   1.757118e-100 
Hg-191             1.367810e-99    1.000000e-99    1.192098e-99   1.757118e-100 
Hg-192             1.367810e-99    1.000000e-99    1.192098e-99   1.757118e-100 
Hg-193             1.367810e-99    1.000000e-99    1.192098e-99   1.757118e-100 
Hg-194             1.367810e-99    1.000000e-99    1.192098e-99   1.757118e-100 
Hg-195             1.367810e-99    1.000000e-99    1.192098e-99   1.757118e-100 
Hg-196             2.016149e-12    1.504692e-12    1.757982e-12    2.581677e-13 
Hg-197             1.367810e-99    1.000000e-99    1.192098e-99   1.757118e-100 
Hg-198             9.720170e-10    9.874750e-11    8.269481e-10    1.450689e-10 
Hg-199             6.250005e-10    1.679957e-10    5.350050e-10    8.999543e-11 
Hg-200             1.649390e-09    2.311105e-10    1.404541e-09    2.448492e-10 
Hg-201             7.636368e-10    1.325554e-10    6.510705e-10    1.125663e-10 
Hg-202             2.706788e-09    3.018128e-10    2.302057e-09    4.047314e-10 
Hg-203             1.367810e-99    1.000000e-99    1.192098e-99   1.757118e-100 
Hg-204             1.631955e-10    7.006863e-11    1.404707e-10    2.272474e-11 
Hg-205             1.367810e-99    1.000000e-99    1.192098e-99   1.757118e-100 
Hg-206             1.367810e-99    1.000000e-99    1.192098e-99   1.757118e-100 
Hg-207             1.367810e-99    1.000000e-99    1.192098e-99   1.757118e-100 
Hg-208             1.367810e-99    1.000000e-99    1.192098e-99   1.757118e-100 
Tl-192             1.367810e-99    1.000000e-99    1.192098e-99   1.757118e-100 
Tl-193             1.367810e-99    1.000000e-99    1.192098e-99   1.757118e-100 
Tl-194             1.367810e-99    1.000000e-99    1.192098e-99   1.757118e-100 
Tl-195             1.367810e-99    1.000000e-99    1.192098e-99   1.757118e-100 
Tl-196             1.367810e-99    1.000000e-99    1.192098e-99   1.757118e-100 
Tl-197             1.367810e-99    1.000000e-99    1.192098e-99   1.757118e-100 
Tl-198             1.367810e-99    1.000000e-99    1.192098e-99   1.757118e-100 
Tl-199             1.367810e-99    1.000000e-99    1.192098e-99   1.757118e-100 
Tl-200             1.367810e-99    1.000000e-99    1.192098e-99   1.757118e-100 
Tl-201             1.367810e-99    1.000000e-99    1.192098e-99   1.757118e-100 
Tl-202             1.367810e-99    1.000000e-99    1.192098e-99   1.757118e-100 
Tl-203             1.279722e-09    1.610364e-10    1.088819e-09    1.909027e-10 
Tl-204             4.398287e-23    1.000000e-99    3.541494e-23    8.567932e-24 
Tl-205             2.414127e-09    3.881933e-10    2.058245e-09    3.558822e-10 
Tl-206             1.367810e-99    1.000000e-99    1.192098e-99   1.757118e-100 
Tl-207             1.367810e-99    1.000000e-99    1.192098e-99   1.757118e-100 
Tl-208             1.367810e-99    1.000000e-99    1.192098e-99   1.757118e-100 
Tl-209             1.367810e-99    1.000000e-99    1.192098e-99   1.757118e-100 
Tl-210             1.367810e-99    1.000000e-99    1.192098e-99   1.757118e-100 
Pb-193             1.367810e-99    1.000000e-99    1.192098e-99   1.757118e-100 
Pb-194             1.367810e-99    1.000000e-99    1.192098e-99   1.757118e-100 
Pb-195             1.367810e-99    1.000000e-99    1.192098e-99   1.757118e-100 
Pb-196             1.367810e-99    1.000000e-99    1.192098e-99   1.757118e-100 
Pb-197             1.367810e-99    1.000000e-99    1.192098e-99   1.757118e-100 
Pb-198             1.367810e-99    1.000000e-99    1.192098e-99   1.757118e-100 
Pb-199             1.367810e-99    1.000000e-99    1.192098e-99   1.757118e-100 
Pb-200             1.367810e-99    1.000000e-99    1.192098e-99   1.757118e-100 
Pb-201             1.367810e-99    1.000000e-99    1.192098e-99   1.757118e-100 
Pb-202             1.367810e-99    1.000000e-99    1.192098e-99   1.757118e-100 
Pb-203             1.367810e-99    1.000000e-99    1.192098e-99   1.757118e-100 
Pb-204             1.610293e-09    1.465503e-10    1.368474e-09    2.418188e-10 
Pb-205             3.522312e-11    1.000000e-99    2.969274e-11    5.530379e-12 
Pb-208             1.967774e-08    4.424883e-09    1.677678e-08    2.900959e-09 
Pb-209             1.367810e-99    1.000000e-99    1.192098e-99   1.757118e-100 
Pb-210             8.477312e-19    1.000000e-99    6.994293e-19    1.483019e-19 
Pb-211             1.367810e-99    1.000000e-99    1.192098e-99   1.757118e-100 
Bi-202             1.367810e-99    1.000000e-99    1.192098e-99   1.757118e-100 
Bi-203             1.367810e-99    1.000000e-99    1.192098e-99   1.757118e-100 
Bi-204             1.367810e-99    1.000000e-99    1.192098e-99   1.757118e-100 
Bi-205             1.367810e-99    1.000000e-99    1.192098e-99   1.757118e-100 
Bi-206             1.367810e-99    1.000000e-99    1.192098e-99   1.757118e-100 
Bi-207             1.367810e-99    1.000000e-99    1.192098e-99   1.757118e-100 
Bi-208             1.367810e-99    1.000000e-99    1.192098e-99   1.757118e-100 
Bi-209             7.520828e-10    4.359124e-10    6.506011e-10    1.014817e-10 
Bi-210             1.919815e-11    1.000000e-99    1.617315e-11    3.024993e-12 
Al-26m1            1.367810e-99    1.000000e-99    1.192098e-99   1.757118e-100 
Kr-85m1            1.367810e-99    1.000000e-99    1.192098e-99   1.757118e-100 
Cd-115m1           1.367810e-99    1.000000e-99    1.192098e-99   1.757118e-100 
Lu-176m1           1.367810e-99    1.000000e-99    1.192098e-99   1.757118e-100 
Ta-180m1           1.367810e-99    1.000000e-99    1.192098e-99   1.757118e-100 
