# Battino yields
# Model: m2z2m2
# Mini: 2.00
# Z: 2.00e-02
# Mfinal: 0.6455247544196333
# Mfinal (MESA): 1.6232193629702756
# Created by Daniel Boyea on 2024-12-10
isotope         wind_yield      initial_abundance wind_yield_mesaevo wind_yield_postmesa 
Neutron-1          1.552413e-99    1.000000e-99   5.747182e-100   9.776946e-100 
H-1                9.095381e-01    7.064434e-01    2.515197e-01    6.580184e-01 
H-2                2.913251e-06    1.370527e-05   -5.685561e-07    3.481807e-06 
He-3               4.282964e-04    4.539991e-05    1.534286e-04    2.748678e-04 
He-4               4.017874e-01    2.734975e-01    1.139702e-01    2.878173e-01 
Be-7               1.221180e-10    1.000000e-99    2.944394e-11    9.267407e-11 
B-8                1.227663e-27    1.000000e-99    3.087905e-28    9.188729e-28 
Li-7               1.934823e-11    7.605094e-11   -2.340924e-12    2.168915e-11 
C-11               4.377517e-27    1.000000e-99    1.047018e-27    3.330499e-27 
B-11               3.868158e-09    2.855891e-09    1.075970e-09    2.792188e-09 
C-12               1.351480e-02    3.424729e-03    3.032049e-03    1.048275e-02 
C-13               1.461963e-04    4.156115e-05    4.910277e-05    9.709358e-05 
N-13               4.994048e-21    1.000000e-99    1.860252e-21    3.133796e-21 
N-14               3.843472e-03    1.058808e-03    1.286786e-03    2.556686e-03 
C-14               1.344361e-08    1.000000e-99    3.249958e-09    1.019366e-08 
N-15               2.331905e-06    4.170720e-06    3.607384e-07    1.971167e-06 
O-16               1.645892e-02    9.624352e-03    4.355406e-03    1.210352e-02 
O-17               6.046491e-05    3.813070e-06    2.190691e-05    3.855800e-05 
O-18               2.017623e-05    2.171062e-05    4.857330e-06    1.531890e-05 
F-17               9.947440e-77    1.000000e-99    3.551971e-77    6.395469e-77 
F-18               6.104134e-58    1.000000e-99    2.198713e-58    3.905421e-58 
F-19               1.366821e-06    5.610951e-07    3.409679e-07    1.025854e-06 
Ne-20              2.463958e-03    1.817733e-03    6.851890e-04    1.778769e-03 
Ne-21              6.382306e-06    4.575277e-06    1.777670e-06    4.604635e-06 
Ne-22              9.133416e-04    1.470235e-04    2.112898e-04    7.020518e-04 
Na-22              4.688525e-17    1.000000e-99    2.047539e-17    2.640986e-17 
Na-23              7.802996e-05    3.999546e-05    2.254419e-05    5.548578e-05 
Mg-23              1.552413e-99    1.000000e-99   5.747183e-100   9.776946e-100 
Mg-24              7.940231e-04    5.862424e-04    2.208671e-04    5.731560e-04 
Mg-25              1.132710e-04    7.733092e-05    3.094822e-05    8.232276e-05 
Mg-26              1.303084e-04    8.848024e-05    3.559884e-05    9.470955e-05 
Al-26              1.221676e-07    1.000000e-99    3.397214e-08    8.819546e-08 
Al-27              8.882300e-05    6.481069e-05    2.465952e-05    6.416348e-05 
Si-27              1.552413e-99    1.000000e-99   5.747183e-100   9.776946e-100 
Si-28              1.009222e-03    7.452665e-04    2.807379e-04    7.284839e-04 
Si-29              5.331428e-05    3.919403e-05    1.481653e-05    3.849775e-05 
Si-30              3.692480e-05    2.672780e-05    1.023034e-05    2.669447e-05 
P-31               9.716776e-06    7.106317e-06    2.697424e-06    7.019353e-06 
S-31               1.552413e-99    1.000000e-99   5.747183e-100   9.776946e-100 
Be-8               1.552413e-99    1.000000e-99   5.747183e-100   9.776946e-100 
O-14               1.552413e-99    1.000000e-99   5.747183e-100   9.776946e-100 
O-15               8.253058e-25    1.000000e-99    3.068812e-25    5.184247e-25 
Na-21              1.552413e-99    1.000000e-99   5.747183e-100   9.776946e-100 
Al-25              1.552413e-99    1.000000e-99   5.747183e-100   9.776946e-100 
P-29               1.552413e-99    1.000000e-99   5.747183e-100   9.776946e-100 
P-30               1.552413e-99    1.000000e-99   5.747183e-100   9.776946e-100 
Pb-206             5.046699e-09    2.797732e-09    1.295330e-09    3.751369e-09 
Pb-207             4.987561e-09    3.089652e-09    1.317624e-09    3.669936e-09 
Bi-211             1.552413e-99    1.000000e-99   5.747183e-100   9.776946e-100 
Po-210             1.552413e-99    1.000000e-99   5.747183e-100   9.776946e-100 
F-20               1.552413e-99    1.000000e-99   5.747183e-100   9.776946e-100 
Ne-19              1.552413e-99    1.000000e-99   5.747183e-100   9.776946e-100 
Na-24              1.552413e-99    1.000000e-99   5.747183e-100   9.776946e-100 
Mg-27              1.552413e-99    1.000000e-99   5.747183e-100   9.776946e-100 
Mg-28              1.552413e-99    1.000000e-99   5.747183e-100   9.776946e-100 
Al-28              1.552413e-99    1.000000e-99   5.747183e-100   9.776946e-100 
Al-29              1.552413e-99    1.000000e-99   5.747183e-100   9.776946e-100 
Si-31              1.552413e-99    1.000000e-99   5.747183e-100   9.776946e-100 
Si-32              8.161128e-13    1.000000e-99    1.799995e-13    6.361132e-13 
P-32               1.852974e-16    1.000000e-99    4.086868e-17    1.444287e-16 
P-33               1.552413e-99    1.000000e-99   5.747183e-100   9.776946e-100 
P-34               1.552413e-99    1.000000e-99   5.747183e-100   9.776946e-100 
P-35               1.552413e-99    1.000000e-99   5.747183e-100   9.776946e-100 
S-32               5.424975e-04    4.010872e-04    1.509441e-04    3.915534e-04 
S-33               4.545917e-06    3.264811e-06    1.257587e-06    3.288331e-06 
S-34               2.577862e-05    1.890425e-05    7.160350e-06    1.861827e-05 
S-35               1.552413e-99    1.000000e-99   5.747183e-100   9.776946e-100 
S-36               1.336345e-07    8.072988e-08    3.582348e-08    9.781099e-08 
S-37               1.552413e-99    1.000000e-99   5.747183e-100   9.776946e-100 
S-38               1.552413e-99    1.000000e-99   5.747183e-100   9.776946e-100 
Cl-34              1.552413e-99    1.000000e-99   5.747183e-100   9.776946e-100 
Cl-35              9.204002e-06    6.821093e-06    2.562073e-06    6.641929e-06 
Cl-36              1.117594e-08    1.000000e-99    2.529969e-09    8.645968e-09 
Cl-37              3.371978e-06    2.305792e-06    9.251794e-07    2.446798e-06 
Cl-38              1.552413e-99    1.000000e-99   5.747183e-100   9.776946e-100 
Cl-39              1.552413e-99    1.000000e-99   5.747183e-100   9.776946e-100 
Cl-40              1.552413e-99    1.000000e-99   5.747183e-100   9.776946e-100 
Ar-35              1.552413e-99    1.000000e-99   5.747183e-100   9.776946e-100 
Ar-36              1.106920e-04    8.202156e-05    3.081215e-05    7.987989e-05 
Ar-37              6.421025e-11    1.000000e-99    1.406270e-11    5.014755e-11 
Ar-38              2.146999e-05    1.574147e-05    5.963839e-06    1.550615e-05 
Ar-39              4.910069e-09    1.000000e-99    1.079567e-09    3.830502e-09 
Ar-40              4.029917e-08    2.650196e-08    1.095002e-08    2.934915e-08 
Ar-41              1.552413e-99    1.000000e-99   5.747183e-100   9.776946e-100 
Ar-42              4.834349e-17    1.000000e-99    1.182583e-17    3.651766e-17 
Ar-43              1.552413e-99    1.000000e-99   5.747183e-100   9.776946e-100 
Ar-44              1.552413e-99    1.000000e-99   5.747183e-100   9.776946e-100 
K-38               1.552413e-99    1.000000e-99   5.747183e-100   9.776946e-100 
K-39               5.288746e-06    3.899726e-06    1.470738e-06    3.818008e-06 
K-40               1.185643e-08    5.005111e-10    2.656771e-09    9.199657e-09 
K-41               4.169551e-07    2.958666e-07    1.152249e-07    3.017302e-07 
K-42               2.115227e-21    1.000000e-99    5.174289e-22    1.597798e-21 
K-43               1.552413e-99    1.000000e-99   5.747183e-100   9.776946e-100 
K-44               1.552413e-99    1.000000e-99   5.747183e-100   9.776946e-100 
K-45               1.552413e-99    1.000000e-99   5.747183e-100   9.776946e-100 
K-46               1.552413e-99    1.000000e-99   5.747183e-100   9.776946e-100 
Ca-39              1.552413e-99    1.000000e-99   5.747183e-100   9.776946e-100 
Ca-40              9.761710e-05    7.225208e-05    2.716668e-05    7.045042e-05 
Ca-41              2.281960e-08    1.000000e-99    5.128777e-09    1.769083e-08 
Ca-42              7.057210e-07    5.063333e-07    1.952712e-07    5.104498e-07 
Ca-43              1.500656e-07    1.081646e-07    4.154640e-08    1.085192e-07 
Ca-44              2.316716e-06    1.710212e-06    6.443770e-07    1.672339e-06 
Ca-45              1.552413e-99    1.000000e-99   5.747183e-100   9.776946e-100 
Ca-46              4.799944e-09    3.428473e-09    1.326443e-09    3.473501e-09 
Ca-47              1.552413e-99    1.000000e-99   5.747183e-100   9.776946e-100 
Ca-48              2.264366e-07    1.672498e-07    6.299114e-08    1.634455e-07 
Ca-49              1.552413e-99    1.000000e-99   5.747183e-100   9.776946e-100 
Sc-43              1.552413e-99    1.000000e-99   5.747183e-100   9.776946e-100 
Sc-44              1.552413e-99    1.000000e-99   5.747183e-100   9.776946e-100 
Sc-45              7.690086e-08    5.413715e-08    2.119232e-08    5.570855e-08 
Sc-46              1.552413e-99    1.000000e-99   5.747183e-100   9.776946e-100 
Sc-47              1.552413e-99    1.000000e-99   5.747183e-100   9.776946e-100 
Sc-48              1.552413e-99    1.000000e-99   5.747183e-100   9.776946e-100 
Sc-49              1.552413e-99    1.000000e-99   5.747183e-100   9.776946e-100 
Sc-50              1.552413e-99    1.000000e-99   5.747183e-100   9.776946e-100 
Ti-44              2.706226e-23    1.000000e-99    5.755125e-24    2.130714e-23 
Ti-45              1.552413e-99    1.000000e-99   5.747183e-100   9.776946e-100 
Ti-46              4.389631e-07    3.231782e-07    1.220292e-07    3.169339e-07 
Ti-47              4.003779e-07    2.976998e-07    1.115150e-07    2.888628e-07 
Ti-48              4.049584e-06    3.013765e-06    1.128161e-06    2.921422e-06 
Ti-49              3.324400e-07    2.257335e-07    9.106518e-08    2.413749e-07 
Ti-50              3.170650e-07    2.208013e-07    8.715808e-08    2.299070e-07 
Ti-51              1.552413e-99    1.000000e-99   5.747183e-100   9.776946e-100 
Ti-52              1.552413e-99    1.000000e-99   5.747183e-100   9.776946e-100 
V-47               1.552413e-99    1.000000e-99   5.747183e-100   9.776946e-100 
V-48               1.552413e-99    1.000000e-99   5.747183e-100   9.776946e-100 
V-49               1.583524e-18    1.000000e-99    3.441598e-19    1.239364e-18 
V-50               1.359632e-09    1.015480e-09    3.790402e-10    9.805920e-10 
V-51               5.612097e-07    4.137779e-07    1.560618e-07    4.051479e-07 
V-52               1.552413e-99    1.000000e-99   5.747183e-100   9.776946e-100 
V-53               1.552413e-99    1.000000e-99   5.747183e-100   9.776946e-100 
Cr-48              1.552413e-99    1.000000e-99   5.747183e-100   9.776946e-100 
Cr-49              1.552413e-99    1.000000e-99   5.747183e-100   9.776946e-100 
Cr-50              1.106489e-06    8.265377e-07    3.084758e-07    7.980132e-07 
Cr-51              1.619841e-12    1.000000e-99    3.739752e-13    1.245866e-12 
Cr-52              2.239742e-05    1.657585e-05    6.233103e-06    1.616432e-05 
Cr-53              2.588913e-06    1.915622e-06    7.203804e-07    1.868533e-06 
Cr-54              7.221444e-07    4.857946e-07    1.973928e-07    5.247516e-07 
Cr-55              1.552413e-99    1.000000e-99   5.747183e-100   9.776946e-100 
Cr-56              1.552413e-99    1.000000e-99   5.747183e-100   9.776946e-100 
Mn-51              1.552413e-99    1.000000e-99   5.747183e-100   9.776946e-100 
Mn-52              1.552413e-99    1.000000e-99   5.747183e-100   9.776946e-100 
Mn-53              2.828045e-18    1.000000e-99    6.078867e-19    2.220158e-18 
Mn-54              7.435105e-19    1.000000e-99    1.576993e-19    5.858112e-19 
Mn-55              1.503127e-05    1.098109e-05    4.173689e-06    1.085758e-05 
Mn-56              1.552413e-99    1.000000e-99   5.747183e-100   9.776946e-100 
Mn-57              1.552413e-99    1.000000e-99   5.747183e-100   9.776946e-100 
Fe-52              1.552413e-99    1.000000e-99   5.747183e-100   9.776946e-100 
Fe-53              1.552413e-99    1.000000e-99   5.747183e-100   9.776946e-100 
Fe-54              1.089400e-04    8.118227e-05    3.035703e-05    7.858296e-05 
Fe-55              1.565548e-07    1.000000e-99    3.459912e-08    1.219556e-07 
Fe-56              1.784189e-03    1.321588e-03    4.966194e-04    1.287570e-03 
Fe-57              4.501407e-05    3.106624e-05    1.236018e-05    3.265389e-05 
Fe-58              8.603505e-06    4.206879e-06    2.231719e-06    6.371786e-06 
Fe-59              1.552413e-99    1.000000e-99   5.747183e-100   9.776946e-100 
Fe-60              9.353612e-09    1.000000e-99    2.098699e-09    7.254913e-09 
Fe-61              1.552413e-99    1.000000e-99   5.747183e-100   9.776946e-100 
Co-55              1.552413e-99    1.000000e-99   5.747183e-100   9.776946e-100 
Co-56              1.552413e-99    1.000000e-99   5.747183e-100   9.776946e-100 
Co-57              7.772172e-18    1.000000e-99    1.661341e-18    6.110831e-18 
Co-58              1.552413e-99    1.000000e-99   5.747183e-100   9.776946e-100 
Co-59              5.913839e-06    3.991489e-06    1.616488e-06    4.297351e-06 
Co-60              5.883522e-17    1.000000e-99    2.521516e-17    3.362007e-17 
Co-61              1.552413e-99    1.000000e-99   5.747183e-100   9.776946e-100 
Co-62              1.552413e-99    1.000000e-99   5.747183e-100   9.776946e-100 
Co-63              1.552413e-99    1.000000e-99   5.747183e-100   9.776946e-100 
Ni-56              1.552413e-99    1.000000e-99   5.747183e-100   9.776946e-100 
Ni-57              1.552413e-99    1.000000e-99   5.747183e-100   9.776946e-100 
Ni-58              7.666810e-05    5.710980e-05    2.136298e-05    5.530513e-05 
Ni-59              1.514221e-07    1.000000e-99    3.377215e-08    1.176499e-07 
Ni-60              3.103892e-05    2.275717e-05    8.620879e-06    2.241804e-05 
Ni-61              1.561673e-06    1.005726e-06    4.232495e-07    1.138423e-06 
Ni-62              4.645201e-06    3.259262e-06    1.278845e-06    3.366356e-06 
Ni-63              8.687266e-09    1.000000e-99    1.895203e-09    6.792064e-09 
Ni-64              1.227225e-06    8.568133e-07    3.375531e-07    8.896719e-07 
Ni-65              1.552413e-99    1.000000e-99   5.747183e-100   9.776946e-100 
Ni-66              1.552413e-99    1.000000e-99   5.747183e-100   9.776946e-100 
Ni-67              1.552413e-99    1.000000e-99   5.747183e-100   9.776946e-100 
Ni-68              1.552413e-99    1.000000e-99   5.747183e-100   9.776946e-100 
Cu-60              1.552413e-99    1.000000e-99   5.747183e-100   9.776946e-100 
Cu-61              1.552413e-99    1.000000e-99   5.747183e-100   9.776946e-100 
Cu-62              1.552413e-99    1.000000e-99   5.747183e-100   9.776946e-100 
Cu-63              9.619709e-07    6.600340e-07    2.637706e-07    6.982003e-07 
Cu-64              1.552413e-99    1.000000e-99   5.747183e-100   9.776946e-100 
Cu-65              4.446048e-07    3.034684e-07    1.216873e-07    3.229175e-07 
Cu-66              1.552413e-99    1.000000e-99   5.747183e-100   9.776946e-100 
Cu-67              1.552413e-99    1.000000e-99   5.747183e-100   9.776946e-100 
Cu-68              1.552413e-99    1.000000e-99   5.747183e-100   9.776946e-100 
Cu-69              1.552413e-99    1.000000e-99   5.747183e-100   9.776946e-100 
Cu-70              1.552413e-99    1.000000e-99   5.747183e-100   9.776946e-100 
Cu-71              1.552413e-99    1.000000e-99   5.747183e-100   9.776946e-100 
Zn-62              1.552413e-99    1.000000e-99   5.747183e-100   9.776946e-100 
Zn-63              1.552413e-99    1.000000e-99   5.747183e-100   9.776946e-100 
Zn-64              1.538009e-06    1.130751e-06    4.273072e-07    1.110702e-06 
Zn-65              1.744162e-10    1.000000e-99    3.744684e-11    1.369694e-10 
Zn-66              9.228774e-07    6.690076e-07    2.556583e-07    6.672191e-07 
Zn-67              1.395302e-07    9.980253e-08    3.854973e-08    1.009805e-07 
Zn-68              6.461597e-07    4.632262e-07    1.786068e-07    4.675528e-07 
Zn-69              1.552413e-99    1.000000e-99   5.747183e-100   9.776946e-100 
Zn-70              2.123282e-08    1.576786e-08    5.912809e-09    1.532001e-08 
Zn-71              1.552413e-99    1.000000e-99   5.747183e-100   9.776946e-100 
Zn-72              1.552413e-99    1.000000e-99   5.747183e-100   9.776946e-100 
Zn-73              1.552413e-99    1.000000e-99   5.747183e-100   9.776946e-100 
Zn-74              1.552413e-99    1.000000e-99   5.747183e-100   9.776946e-100 
Ga-65              1.552413e-99    1.000000e-99   5.747183e-100   9.776946e-100 
Ga-66              1.552413e-99    1.000000e-99   5.747183e-100   9.776946e-100 
Ga-67              1.552413e-99    1.000000e-99   5.747183e-100   9.776946e-100 
Ga-68              1.552413e-99    1.000000e-99   5.747183e-100   9.776946e-100 
Ga-69              6.473713e-08    4.550546e-08    1.782777e-08    4.690936e-08 
Ga-70              1.552413e-99    1.000000e-99   5.747183e-100   9.776946e-100 
Ga-71              4.483773e-08    3.107622e-08    1.231336e-08    3.252437e-08 
Ga-72              1.552413e-99    1.000000e-99   5.747183e-100   9.776946e-100 
Ga-73              1.552413e-99    1.000000e-99   5.747183e-100   9.776946e-100 
Ga-74              1.552413e-99    1.000000e-99   5.747183e-100   9.776946e-100 
Ga-75              1.552413e-99    1.000000e-99   5.747183e-100   9.776946e-100 
Ge-66              1.552413e-99    1.000000e-99   5.747183e-100   9.776946e-100 
Ge-67              1.552413e-99    1.000000e-99   5.747183e-100   9.776946e-100 
Ge-68              1.552413e-99    1.000000e-99   5.747183e-100   9.776946e-100 
Ge-69              1.552413e-99    1.000000e-99   5.747183e-100   9.776946e-100 
Ge-70              7.474763e-08    5.157185e-08    2.051099e-08    5.423664e-08 
Ge-71              1.552413e-99    1.000000e-99   5.747183e-100   9.776946e-100 
Ge-72              9.817274e-08    6.910333e-08    2.703400e-08    7.113874e-08 
Ge-73              2.777158e-08    1.954584e-08    7.646556e-09    2.012503e-08 
Ge-74              1.329820e-07    9.228454e-08    3.650985e-08    9.647212e-08 
Ge-75              1.552413e-99    1.000000e-99   5.747183e-100   9.776946e-100 
Ge-76              2.641185e-08    1.962921e-08    7.356160e-09    1.905569e-08 
Ge-77              1.552413e-99    1.000000e-99   5.747183e-100   9.776946e-100 
Ge-78              1.552413e-99    1.000000e-99   5.747183e-100   9.776946e-100 
As-69              1.552413e-99    1.000000e-99   5.747183e-100   9.776946e-100 
As-70              1.552413e-99    1.000000e-99   5.747183e-100   9.776946e-100 
As-71              1.552413e-99    1.000000e-99   5.747183e-100   9.776946e-100 
As-72              1.552413e-99    1.000000e-99   5.747183e-100   9.776946e-100 
As-73              1.552413e-99    1.000000e-99   5.747183e-100   9.776946e-100 
As-74              4.144371e-25    1.000000e-99    8.843128e-26    3.260058e-25 
As-75              2.005090e-08    1.430027e-08    5.535351e-09    1.451555e-08 
As-76              1.552413e-99    1.000000e-99   5.747183e-100   9.776946e-100 
As-77              1.552413e-99    1.000000e-99   5.747183e-100   9.776946e-100 
As-78              1.552413e-99    1.000000e-99   5.747183e-100   9.776946e-100 
As-79              1.552413e-99    1.000000e-99   5.747183e-100   9.776946e-100 
As-80              1.552413e-99    1.000000e-99   5.747183e-100   9.776946e-100 
As-81              1.552413e-99    1.000000e-99   5.747183e-100   9.776946e-100 
Se-72              1.552413e-99    1.000000e-99   5.747183e-100   9.776946e-100 
Se-73              1.552413e-99    1.000000e-99   5.747183e-100   9.776946e-100 
Se-74              1.593895e-09    1.197888e-09    4.448879e-10    1.149007e-09 
Se-75              1.552413e-99    1.000000e-99   5.747183e-100   9.776946e-100 
Se-76              1.958932e-08    1.296136e-08    5.328391e-09    1.426093e-08 
Se-77              1.517718e-08    1.070490e-08    4.180932e-09    1.099625e-08 
Se-78              5.094009e-08    3.376317e-08    1.385944e-08    3.708065e-08 
Se-79              8.908420e-10    1.000000e-99    1.957194e-10    6.951226e-10 
Se-80              1.020840e-07    7.226298e-08    2.815824e-08    7.392575e-08 
Se-81              1.552413e-99    1.000000e-99   5.747183e-100   9.776946e-100 
Se-82              1.759367e-08    1.303649e-08    4.897332e-09    1.269634e-08 
Se-83              1.552413e-99    1.000000e-99   5.747183e-100   9.776946e-100 
Se-84              1.552413e-99    1.000000e-99   5.747183e-100   9.776946e-100 
Br-74              1.552413e-99    1.000000e-99   5.747183e-100   9.776946e-100 
Br-75              1.552413e-99    1.000000e-99   5.747183e-100   9.776946e-100 
Br-76              1.552413e-99    1.000000e-99   5.747183e-100   9.776946e-100 
Br-77              1.552413e-99    1.000000e-99   5.747183e-100   9.776946e-100 
Br-78              1.552413e-99    1.000000e-99   5.747183e-100   9.776946e-100 
Br-79              1.865142e-08    1.389306e-08    5.196087e-09    1.345533e-08 
Br-80              1.552413e-99    1.000000e-99   5.747183e-100   9.776946e-100 
Br-81              1.956189e-08    1.385920e-08    5.396363e-09    1.416553e-08 
Br-82              1.552413e-99    1.000000e-99   5.747183e-100   9.776946e-100 
Br-83              1.552413e-99    1.000000e-99   5.747183e-100   9.776946e-100 
Br-84              1.552413e-99    1.000000e-99   5.747183e-100   9.776946e-100 
Br-85              1.552413e-99    1.000000e-99   5.747183e-100   9.776946e-100 
Br-86              1.552413e-99    1.000000e-99   5.747183e-100   9.776946e-100 
Br-87              1.552413e-99    1.000000e-99   5.747183e-100   9.776946e-100 
Kr-76              1.552413e-99    1.000000e-99   5.747183e-100   9.776946e-100 
Kr-77              1.552413e-99    1.000000e-99   5.747183e-100   9.776946e-100 
Kr-78              5.188736e-10    3.900193e-10    1.448323e-10    3.740413e-10 
Kr-79              1.552413e-99    1.000000e-99   5.747183e-100   9.776946e-100 
Kr-80              3.845311e-09    2.574713e-09    1.047661e-09    2.797650e-09 
Kr-81              2.439601e-10    1.000000e-99    5.260508e-11    1.913550e-10 
Kr-82              2.172078e-08    1.319540e-08    5.806760e-09    1.591402e-08 
Kr-83              1.908391e-08    1.324168e-08    5.235670e-09    1.384824e-08 
Kr-84              9.680966e-08    6.601984e-08    2.646567e-08    7.034399e-08 
Kr-85              5.781506e-15    1.000000e-99    1.525719e-15    4.255787e-15 
Kr-86              3.009147e-08    2.044383e-08    8.217049e-09    2.187442e-08 
Kr-87              1.552413e-99    1.000000e-99   5.747183e-100   9.776946e-100 
Kr-88              1.552413e-99    1.000000e-99   5.747183e-100   9.776946e-100 
Kr-89              1.552413e-99    1.000000e-99   5.747183e-100   9.776946e-100 
Kr-90              1.552413e-99    1.000000e-99   5.747183e-100   9.776946e-100 
Rb-79              1.552413e-99    1.000000e-99   5.747183e-100   9.776946e-100 
Rb-80              1.552413e-99    1.000000e-99   5.747183e-100   9.776946e-100 
Rb-81              1.552413e-99    1.000000e-99   5.747183e-100   9.776946e-100 
Rb-82              1.552413e-99    1.000000e-99   5.747183e-100   9.776946e-100 
Rb-83              1.552413e-99    1.000000e-99   5.747183e-100   9.776946e-100 
Rb-84              3.177465e-27    1.000000e-99    6.686527e-28    2.508812e-27 
Rb-85              1.886329e-08    1.282422e-08    5.156132e-09    1.370715e-08 
Rb-86              1.552413e-99    1.000000e-99   5.747183e-100   9.776946e-100 
Rb-87              7.488568e-09    5.062758e-09    2.028901e-09    5.459668e-09 
Rb-88              1.552413e-99    1.000000e-99   5.747183e-100   9.776946e-100 
Rb-89              1.552413e-99    1.000000e-99   5.747183e-100   9.776946e-100 
Rb-90              1.552413e-99    1.000000e-99   5.747183e-100   9.776946e-100 
Rb-91              1.552413e-99    1.000000e-99   5.747183e-100   9.776946e-100 
Sr-80              1.552413e-99    1.000000e-99   5.747183e-100   9.776946e-100 
Sr-81              1.552413e-99    1.000000e-99   5.747183e-100   9.776946e-100 
Sr-82              1.552413e-99    1.000000e-99   5.747183e-100   9.776946e-100 
Sr-83              1.552413e-99    1.000000e-99   5.747183e-100   9.776946e-100 
Sr-84              4.292638e-10    3.227999e-10    1.198288e-10    3.094350e-10 
Sr-85              1.552413e-99    1.000000e-99   5.747183e-100   9.776946e-100 
Sr-86              1.164465e-08    5.844553e-09    3.015259e-09    8.629396e-09 
Sr-87              8.429514e-09    4.443118e-09    2.210417e-09    6.219097e-09 
Sr-88              1.072088e-07    5.010796e-08    2.733245e-08    7.987636e-08 
Sr-89              1.552413e-99    1.000000e-99   5.747183e-100   9.776946e-100 
Sr-90              1.426889e-13    1.000000e-99    3.212521e-14    1.105637e-13 
Sr-91              1.552413e-99    1.000000e-99   5.747183e-100   9.776946e-100 
Sr-92              1.552413e-99    1.000000e-99   5.747183e-100   9.776946e-100 
Sr-93              1.552413e-99    1.000000e-99   5.747183e-100   9.776946e-100 
Sr-94              1.552413e-99    1.000000e-99   5.747183e-100   9.776946e-100 
Y-85               1.552413e-99    1.000000e-99   5.747183e-100   9.776946e-100 
Y-86               1.552413e-99    1.000000e-99   5.747183e-100   9.776946e-100 
Y-87               1.552413e-99    1.000000e-99   5.747183e-100   9.776946e-100 
Y-88               1.552413e-99    1.000000e-99   5.747183e-100   9.776946e-100 
Y-89               2.689865e-08    1.229343e-08    6.810842e-09    2.008781e-08 
Y-90               3.629977e-17    1.000000e-99    8.172589e-18    2.812718e-17 
Y-91               1.552413e-99    1.000000e-99   5.747183e-100   9.776946e-100 
Y-92               1.552413e-99    1.000000e-99   5.747183e-100   9.776946e-100 
Y-93               1.552413e-99    1.000000e-99   5.747183e-100   9.776946e-100 
Y-94               1.552413e-99    1.000000e-99   5.747183e-100   9.776946e-100 
Y-95               1.552413e-99    1.000000e-99   5.747183e-100   9.776946e-100 
Y-96               1.552413e-99    1.000000e-99   5.747183e-100   9.776946e-100 
Zr-86              1.552413e-99    1.000000e-99   5.747183e-100   9.776946e-100 
Zr-87              1.552413e-99    1.000000e-99   5.747183e-100   9.776946e-100 
Zr-88              1.552413e-99    1.000000e-99   5.747183e-100   9.776946e-100 
Zr-89              1.552413e-99    1.000000e-99   5.747183e-100   9.776946e-100 
Zr-90              3.205162e-08    1.534361e-08    8.175184e-09    2.387644e-08 
Zr-91              7.482811e-09    3.384023e-09    1.885894e-09    5.596917e-09 
Zr-92              1.159733e-08    5.226772e-09    2.920416e-09    8.676918e-09 
Zr-93              1.658255e-09    1.000000e-99    3.499639e-10    1.308291e-09 
Zr-94              1.358108e-08    5.413280e-09    3.358235e-09    1.022284e-08 
Zr-95              1.552413e-99    1.000000e-99   5.747183e-100   9.776946e-100 
Zr-96              1.283845e-09    8.903423e-10    3.519886e-10    9.318569e-10 
Zr-97              1.552413e-99    1.000000e-99   5.747183e-100   9.776946e-100 
Zr-98              1.552413e-99    1.000000e-99   5.747183e-100   9.776946e-100 
Nb-89              1.552413e-99    1.000000e-99   5.747183e-100   9.776946e-100 
Nb-90              1.552413e-99    1.000000e-99   5.747183e-100   9.776946e-100 
Nb-91              3.656492e-27    1.000000e-99    7.502361e-28    2.906255e-27 
Nb-92              1.552413e-99    1.000000e-99   5.747183e-100   9.776946e-100 
Nb-93              2.540216e-09    1.900054e-09    7.081799e-10    1.832036e-09 
Nb-94              7.781913e-14    1.000000e-99    1.640711e-14    6.141202e-14 
Nb-95              1.552413e-99    1.000000e-99   5.747183e-100   9.776946e-100 
Nb-96              1.552413e-99    1.000000e-99   5.747183e-100   9.776946e-100 
Nb-97              1.552413e-99    1.000000e-99   5.747183e-100   9.776946e-100 
Nb-98              1.552413e-99    1.000000e-99   5.747183e-100   9.776946e-100 
Nb-99              1.552413e-99    1.000000e-99   5.747183e-100   9.776946e-100 
Mo-90              1.552413e-99    1.000000e-99   5.747183e-100   9.776946e-100 
Mo-91              1.552413e-99    1.000000e-99   5.747183e-100   9.776946e-100 
Mo-92              1.353348e-09    1.012496e-09    3.774106e-10    9.759374e-10 
Mo-93              1.702349e-12    1.000000e-99    3.811692e-13    1.321180e-12 
Mo-94              9.139158e-10    6.447522e-10    2.511649e-10    6.627509e-10 
Mo-95              2.258996e-09    1.121895e-09    5.778749e-10    1.681121e-09 
Mo-96              3.118504e-09    1.187505e-09    7.638442e-10    2.354659e-09 
Mo-97              1.430609e-09    6.875272e-10    3.635168e-10    1.067092e-09 
Mo-98              4.168437e-09    1.754359e-09    1.036098e-09    3.132338e-09 
Mo-99              1.552413e-99    1.000000e-99   5.747183e-100   9.776946e-100 
Mo-100             9.879993e-10    7.146065e-10    2.730946e-10    7.149047e-10 
Mo-101             1.552413e-99    1.000000e-99   5.747183e-100   9.776946e-100 
Mo-102             1.552413e-99    1.000000e-99   5.747183e-100   9.776946e-100 
Tc-93              1.552413e-99    1.000000e-99   5.747183e-100   9.776946e-100 
Tc-94              1.552413e-99    1.000000e-99   5.747183e-100   9.776946e-100 
Tc-95              1.552413e-99    1.000000e-99   5.747183e-100   9.776946e-100 
Tc-96              1.552413e-99    1.000000e-99   5.747183e-100   9.776946e-100 
Tc-97              2.063120e-13    1.000000e-99    4.763185e-14    1.586802e-13 
Tc-98              8.050578e-14    1.000000e-99    1.856056e-14    6.194522e-14 
Tc-99              2.333923e-10    1.000000e-99    4.891850e-11    1.844738e-10 
Tc-100             1.552413e-99    1.000000e-99   5.747183e-100   9.776946e-100 
Tc-101             1.552413e-99    1.000000e-99   5.747183e-100   9.776946e-100 
Tc-102             1.552413e-99    1.000000e-99   5.747183e-100   9.776946e-100 
Tc-103             1.552413e-99    1.000000e-99   5.747183e-100   9.776946e-100 
Tc-104             1.552413e-99    1.000000e-99   5.747183e-100   9.776946e-100 
Tc-105             1.552413e-99    1.000000e-99   5.747183e-100   9.776946e-100 
Ru-94              1.552413e-99    1.000000e-99   5.747183e-100   9.776946e-100 
Ru-95              1.552413e-99    1.000000e-99   5.747183e-100   9.776946e-100 
Ru-96              3.895296e-10    2.925638e-10    1.087122e-10    2.808174e-10 
Ru-97              1.552413e-99    1.000000e-99   5.747183e-100   9.776946e-100 
Ru-98              1.347877e-10    1.007098e-10    3.757847e-11    9.720921e-11 
Ru-99              9.400285e-10    6.945400e-10    2.612440e-10    6.787845e-10 
Ru-100             1.811401e-09    6.927902e-10    4.440396e-10    1.367361e-09 
Ru-101             1.453131e-09    9.475089e-10    3.922676e-10    1.060863e-09 
Ru-102             3.589679e-09    1.769736e-09    9.163729e-10    2.673306e-09 
Ru-103             1.552413e-99    1.000000e-99   5.747183e-100   9.776946e-100 
Ru-104             1.451159e-09    1.064926e-09    4.025551e-10    1.048604e-09 
Ru-105             1.552413e-99    1.000000e-99   5.747183e-100   9.776946e-100 
Ru-106             1.552413e-99    1.000000e-99   5.747183e-100   9.776946e-100 
Rh-98              1.552413e-99    1.000000e-99   5.747183e-100   9.776946e-100 
Rh-99              1.552413e-99    1.000000e-99   5.747183e-100   9.776946e-100 
Rh-100             1.552413e-99    1.000000e-99   5.747183e-100   9.776946e-100 
Rh-101             1.552413e-99    1.000000e-99   5.747183e-100   9.776946e-100 
Rh-102             1.552413e-99    1.000000e-99   5.747183e-100   9.776946e-100 
Rh-103             1.620531e-09    1.054679e-09    4.372461e-10    1.183285e-09 
Rh-104             1.552413e-99    1.000000e-99   5.747183e-100   9.776946e-100 
Rh-105             1.552413e-99    1.000000e-99   5.747183e-100   9.776946e-100 
Rh-106             1.552413e-99    1.000000e-99   5.747183e-100   9.776946e-100 
Rh-107             1.552413e-99    1.000000e-99   5.747183e-100   9.776946e-100 
Rh-108             1.552413e-99    1.000000e-99   5.747183e-100   9.776946e-100 
Pd-99              1.552413e-99    1.000000e-99   5.747183e-100   9.776946e-100 
Pd-100             1.552413e-99    1.000000e-99   5.747183e-100   9.776946e-100 
Pd-101             1.552413e-99    1.000000e-99   5.747183e-100   9.776946e-100 
Pd-102             5.639822e-11    4.241146e-11    1.574359e-11    4.065463e-11 
Pd-103             1.552413e-99    1.000000e-99   5.747183e-100   9.776946e-100 
Pd-104             1.290201e-09    4.722820e-10    3.145648e-10    9.756359e-10 
Pd-105             1.443310e-09    9.557865e-10    3.910208e-10    1.052289e-09 
Pd-106             2.370147e-09    1.180942e-09    6.065012e-10    1.763645e-09 
Pd-107             1.571785e-10    1.000000e-99    3.305106e-11    1.241275e-10 
Pd-108             2.562383e-09    1.164921e-09    6.451078e-10    1.917275e-09 
Pd-109             1.552413e-99    1.000000e-99   5.747183e-100   9.776946e-100 
Pd-110             7.384179e-10    5.255369e-10    2.032100e-10    5.352079e-10 
Pd-111             1.552413e-99    1.000000e-99   5.747183e-100   9.776946e-100 
Pd-112             1.552413e-99    1.000000e-99   5.747183e-100   9.776946e-100 
Ag-101             1.552413e-99    1.000000e-99   5.747183e-100   9.776946e-100 
Ag-102             1.552413e-99    1.000000e-99   5.747183e-100   9.776946e-100 
Ag-103             1.552413e-99    1.000000e-99   5.747183e-100   9.776946e-100 
Ag-104             1.552413e-99    1.000000e-99   5.747183e-100   9.776946e-100 
Ag-105             1.552413e-99    1.000000e-99   5.747183e-100   9.776946e-100 
Ag-106             1.552413e-99    1.000000e-99   5.747183e-100   9.776946e-100 
Ag-107             1.041972e-09    7.840161e-10    2.908911e-10    7.510812e-10 
Ag-108             1.552413e-99    1.000000e-99   5.747183e-100   9.776946e-100 
Ag-109             1.282348e-09    7.419986e-10    3.374441e-10    9.449039e-10 
Ag-110             1.552413e-99    1.000000e-99   5.747183e-100   9.776946e-100 
Ag-111             1.552413e-99    1.000000e-99   5.747183e-100   9.776946e-100 
Ag-112             1.552413e-99    1.000000e-99   5.747183e-100   9.776946e-100 
Ag-113             1.552413e-99    1.000000e-99   5.747183e-100   9.776946e-100 
Cd-102             1.552413e-99    1.000000e-99   5.747183e-100   9.776946e-100 
Cd-103             1.552413e-99    1.000000e-99   5.747183e-100   9.776946e-100 
Cd-104             1.552413e-99    1.000000e-99   5.747183e-100   9.776946e-100 
Cd-105             1.552413e-99    1.000000e-99   5.747183e-100   9.776946e-100 
Cd-106             8.441746e-11    6.345981e-11    2.356368e-11    6.085378e-11 
Cd-107             1.552413e-99    1.000000e-99   5.747183e-100   9.776946e-100 
Cd-108             6.610308e-11    4.603590e-11    1.815447e-11    4.794861e-11 
Cd-109             1.552415e-99    1.000000e-99   5.747182e-100   9.776965e-100 
Cd-110             1.725519e-09    6.580184e-10    4.225934e-10    1.302926e-09 
Cd-111             1.191946e-09    6.804807e-10    3.127812e-10    8.791647e-10 
Cd-112             2.837503e-09    1.294369e-09    7.141940e-10    2.123309e-09 
Cd-113             1.205786e-09    6.613518e-10    3.138313e-10    8.919544e-10 
Cd-114             3.725721e-09    1.568640e-09    9.249014e-10    2.800819e-09 
Cd-115             1.552413e-99    1.000000e-99   5.747183e-100   9.776946e-100 
Cd-116             6.159819e-10    4.161239e-10    1.673679e-10    4.486140e-10 
Cd-117             1.552413e-99    1.000000e-99   5.747183e-100   9.776946e-100 
Cd-118             1.552413e-99    1.000000e-99   5.747183e-100   9.776946e-100 
In-106             1.552413e-99    1.000000e-99   5.747183e-100   9.776946e-100 
In-107             1.552413e-99    1.000000e-99   5.747183e-100   9.776946e-100 
In-108             1.552413e-99    1.000000e-99   5.747183e-100   9.776946e-100 
In-109             1.552413e-99    1.000000e-99   5.747183e-100   9.776946e-100 
In-110             1.552413e-99    1.000000e-99   5.747183e-100   9.776946e-100 
In-111             1.552413e-99    1.000000e-99   5.747183e-100   9.776946e-100 
In-112             1.552413e-99    1.000000e-99   5.747183e-100   9.776946e-100 
In-113             3.471688e-11    2.603851e-11    9.686557e-12    2.503033e-11 
In-114             1.552413e-99    1.000000e-99   5.747183e-100   9.776946e-100 
In-115             1.109617e-09    5.914896e-10    2.870270e-10    8.225898e-10 
In-116             1.552413e-99    1.000000e-99   5.747183e-100   9.776946e-100 
In-117             1.552413e-99    1.000000e-99   5.747183e-100   9.776946e-100 
In-118             1.552413e-99    1.000000e-99   5.747183e-100   9.776946e-100 
In-119             1.552413e-99    1.000000e-99   5.747183e-100   9.776946e-100 
Sn-108             1.552413e-99    1.000000e-99   5.747183e-100   9.776946e-100 
Sn-109             1.552413e-99    1.000000e-99   5.747183e-100   9.776946e-100 
Sn-110             1.552413e-99    1.000000e-99   5.747183e-100   9.776946e-100 
Sn-111             1.552413e-99    1.000000e-99   5.747183e-100   9.776946e-100 
Sn-112             1.625640e-10    1.221013e-10    4.536959e-11    1.171945e-10 
Sn-113             1.552413e-99    1.000000e-99   5.747183e-100   9.776946e-100 
Sn-114             1.132694e-10    8.434768e-11    3.155836e-11    8.171104e-11 
Sn-115             5.872045e-11    4.377039e-11    1.636339e-11    4.235706e-11 
Sn-116             4.632251e-09    1.893153e-09    1.143475e-09    3.488775e-09 
Sn-117             2.009965e-09    1.008332e-09    5.137172e-10    1.496248e-09 
Sn-118             7.375281e-09    3.209171e-09    1.835340e-09    5.539941e-09 
Sn-119             2.463582e-09    1.147018e-09    6.203362e-10    1.843246e-09 
Sn-120             1.050903e-08    4.391253e-09    2.595209e-09    7.913821e-09 
Sn-121             1.552413e-99    1.000000e-99   5.747183e-100   9.776946e-100 
Sn-122             1.055692e-09    6.340593e-10    2.793765e-10    7.763155e-10 
Sn-123             1.552413e-99    1.000000e-99   5.747183e-100   9.776946e-100 
Sn-124             1.086312e-09    8.059500e-10    3.024529e-10    7.838593e-10 
Sn-125             1.552413e-99    1.000000e-99   5.747183e-100   9.776946e-100 
Sn-126             9.400831e-16    1.000000e-99    2.114652e-16    7.286179e-16 
Sn-127             1.552413e-99    1.000000e-99   5.747183e-100   9.776946e-100 
Sn-128             1.552413e-99    1.000000e-99   5.747183e-100   9.776946e-100 
Sn-129             1.552413e-99    1.000000e-99   5.747183e-100   9.776946e-100 
Sn-130             1.552413e-99    1.000000e-99   5.747183e-100   9.776946e-100 
Sb-112             1.552413e-99    1.000000e-99   5.747183e-100   9.776946e-100 
Sb-113             1.552413e-99    1.000000e-99   5.747183e-100   9.776946e-100 
Sb-114             1.552413e-99    1.000000e-99   5.747183e-100   9.776946e-100 
Sb-115             1.552413e-99    1.000000e-99   5.747183e-100   9.776946e-100 
Sb-116             1.552413e-99    1.000000e-99   5.747183e-100   9.776946e-100 
Sb-117             1.552413e-99    1.000000e-99   5.747183e-100   9.776946e-100 
Sb-118             1.552413e-99    1.000000e-99   5.747183e-100   9.776946e-100 
Sb-119             1.552413e-99    1.000000e-99   5.747183e-100   9.776946e-100 
Sb-120             1.552413e-99    1.000000e-99   5.747183e-100   9.776946e-100 
Sb-121             1.201800e-09    6.317758e-10    3.092965e-10    8.925036e-10 
Sb-122             1.552413e-99    1.000000e-99   5.747183e-100   9.776946e-100 
Sb-123             6.805803e-10    4.802859e-10    1.869068e-10    4.936735e-10 
Sb-124             1.552413e-99    1.000000e-99   5.747183e-100   9.776946e-100 
Sb-125             2.152714e-27    1.000000e-99    1.361715e-27    7.909987e-28 
Sb-126             3.548541e-22    1.000000e-99    7.982134e-23    2.750328e-22 
Sb-127             1.552413e-99    1.000000e-99   5.747183e-100   9.776946e-100 
Sb-128             1.552413e-99    1.000000e-99   5.747183e-100   9.776946e-100 
Sb-129             1.552413e-99    1.000000e-99   5.747183e-100   9.776946e-100 
Sb-130             1.552413e-99    1.000000e-99   5.747183e-100   9.776946e-100 
Sb-131             1.552413e-99    1.000000e-99   5.747183e-100   9.776946e-100 
Sb-132             1.552413e-99    1.000000e-99   5.747183e-100   9.776946e-100 
Sb-133             1.552413e-99    1.000000e-99   5.747183e-100   9.776946e-100 
Te-114             1.552413e-99    1.000000e-99   5.747183e-100   9.776946e-100 
Te-115             1.552413e-99    1.000000e-99   5.747183e-100   9.776946e-100 
Te-116             1.552413e-99    1.000000e-99   5.747183e-100   9.776946e-100 
Te-117             1.552413e-99    1.000000e-99   5.747183e-100   9.776946e-100 
Te-118             1.552413e-99    1.000000e-99   5.747183e-100   9.776946e-100 
Te-119             1.552413e-99    1.000000e-99   5.747183e-100   9.776946e-100 
Te-120             2.164412e-11    1.628304e-11    6.042383e-12    1.560174e-11 
Te-121             1.552413e-99    1.000000e-99   5.747183e-100   9.776946e-100 
Te-122             1.184362e-09    4.488662e-10    2.883890e-10    8.959727e-10 
Te-123             4.182352e-10    1.578606e-10    1.018126e-10    3.164226e-10 
Te-124             2.315080e-09    8.440945e-10    5.603182e-10    1.754762e-09 
Te-125             2.076278e-09    1.261335e-09    5.508524e-10    1.525425e-09 
Te-126             6.786009e-09    3.375270e-09    1.727514e-09    5.058494e-09 
Te-127             1.552413e-99    1.000000e-99   5.747183e-100   9.776946e-100 
Te-128             7.921319e-09    5.732895e-09    2.191274e-09    5.730045e-09 
Te-129             1.552413e-99    1.000000e-99   5.747183e-100   9.776946e-100 
Te-130             8.369162e-09    6.210550e-09    2.330296e-09    6.038866e-09 
Te-131             1.552413e-99    1.000000e-99   5.747183e-100   9.776946e-100 
Te-132             1.552413e-99    1.000000e-99   5.747183e-100   9.776946e-100 
Te-133             1.552413e-99    1.000000e-99   5.747183e-100   9.776946e-100 
Te-134             1.552413e-99    1.000000e-99   5.747183e-100   9.776946e-100 
I-117              1.552413e-99    1.000000e-99   5.747183e-100   9.776946e-100 
I-118              1.552413e-99    1.000000e-99   5.747183e-100   9.776946e-100 
I-119              1.552413e-99    1.000000e-99   5.747183e-100   9.776946e-100 
I-120              1.552413e-99    1.000000e-99   5.747183e-100   9.776946e-100 
I-121              1.552413e-99    1.000000e-99   5.747183e-100   9.776946e-100 
I-122              1.552413e-99    1.000000e-99   5.747183e-100   9.776946e-100 
I-123              1.552413e-99    1.000000e-99   5.747183e-100   9.776946e-100 
I-124              1.552413e-99    1.000000e-99   5.747183e-100   9.776946e-100 
I-125              1.552413e-99    1.000000e-99   5.747183e-100   9.776946e-100 
I-126              1.552413e-99    1.000000e-99   5.747183e-100   9.776946e-100 
I-127              2.241865e-09    1.459105e-09    6.038790e-10    1.637986e-09 
I-128              1.552413e-99    1.000000e-99   5.747183e-100   9.776946e-100 
I-129              7.259308e-12    1.000000e-99    1.544148e-12    5.715160e-12 
I-130              1.552413e-99    1.000000e-99   5.747183e-100   9.776946e-100 
I-131              1.552413e-99    1.000000e-99   5.747183e-100   9.776946e-100 
I-132              1.552413e-99    1.000000e-99   5.747183e-100   9.776946e-100 
I-133              1.552413e-99    1.000000e-99   5.747183e-100   9.776946e-100 
I-134              1.552413e-99    1.000000e-99   5.747183e-100   9.776946e-100 
I-135              1.552413e-99    1.000000e-99   5.747183e-100   9.776946e-100 
Xe-118             1.552413e-99    1.000000e-99   5.747183e-100   9.776946e-100 
Xe-119             1.552413e-99    1.000000e-99   5.747183e-100   9.776946e-100 
Xe-120             1.552413e-99    1.000000e-99   5.747183e-100   9.776946e-100 
Xe-121             1.552413e-99    1.000000e-99   5.747183e-100   9.776946e-100 
Xe-122             1.552413e-99    1.000000e-99   5.747183e-100   9.776946e-100 
Xe-123             1.552413e-99    1.000000e-99   5.747183e-100   9.776946e-100 
Xe-124             2.936445e-11    2.209501e-11    8.197889e-12    2.116656e-11 
Xe-125             1.552413e-99    1.000000e-99   5.747183e-100   9.776946e-100 
Xe-126             2.593915e-11    1.949268e-11    7.239932e-12    1.869922e-11 
Xe-127             1.552413e-99    1.000000e-99   5.747183e-100   9.776946e-100 
Xe-128             1.245426e-09    3.942736e-10    2.953529e-10    9.500733e-10 
Xe-129             6.811703e-09    4.892977e-09    1.879358e-09    4.932345e-09 
Xe-130             2.680490e-09    7.865029e-10    6.306182e-10    2.049871e-09 
Xe-131             5.877440e-09    3.944670e-09    1.594983e-09    4.282457e-09 
Xe-132             9.599254e-09    4.806204e-09    2.444530e-09    7.154724e-09 
Xe-133             1.552413e-99    1.000000e-99   5.747183e-100   9.776946e-100 
Xe-134             2.483136e-09    1.787989e-09    6.859052e-10    1.797231e-09 
Xe-135             1.552413e-99    1.000000e-99   5.747183e-100   9.776946e-100 
Xe-136             2.001745e-09    1.478416e-09    5.568401e-10    1.444904e-09 
Xe-137             1.552413e-99    1.000000e-99   5.747183e-100   9.776946e-100 
Xe-138             1.552413e-99    1.000000e-99   5.747183e-100   9.776946e-100 
Cs-123             1.552413e-99    1.000000e-99   5.747183e-100   9.776946e-100 
Cs-124             1.552413e-99    1.000000e-99   5.747183e-100   9.776946e-100 
Cs-125             1.552413e-99    1.000000e-99   5.747183e-100   9.776946e-100 
Cs-126             1.552413e-99    1.000000e-99   5.747183e-100   9.776946e-100 
Cs-127             1.552413e-99    1.000000e-99   5.747183e-100   9.776946e-100 
Cs-128             1.552413e-99    1.000000e-99   5.747183e-100   9.776946e-100 
Cs-129             1.552413e-99    1.000000e-99   5.747183e-100   9.776946e-100 
Cs-130             1.552413e-99    1.000000e-99   5.747183e-100   9.776946e-100 
Cs-131             1.552413e-99    1.000000e-99   5.747183e-100   9.776946e-100 
Cs-132             1.552413e-99    1.000000e-99   5.747183e-100   9.776946e-100 
Cs-133             2.331090e-09    1.426049e-09    6.187276e-10    1.712362e-09 
Cs-134             6.525584e-30    1.000000e-99    5.072425e-30    1.453159e-30 
Cs-135             1.458759e-10    1.000000e-99    3.032679e-11    1.155491e-10 
Cs-136             1.552413e-99    1.000000e-99   5.747183e-100   9.776946e-100 
Cs-137             9.239770e-14    1.000000e-99    2.195219e-14    7.044551e-14 
Cs-138             1.552413e-99    1.000000e-99   5.747183e-100   9.776946e-100 
Cs-139             1.552413e-99    1.000000e-99   5.747183e-100   9.776946e-100 
Ba-124             1.552413e-99    1.000000e-99   5.747183e-100   9.776946e-100 
Ba-125             1.552413e-99    1.000000e-99   5.747183e-100   9.776946e-100 
Ba-126             1.552413e-99    1.000000e-99   5.747183e-100   9.776946e-100 
Ba-127             1.552413e-99    1.000000e-99   5.747183e-100   9.776946e-100 
Ba-128             1.552413e-99    1.000000e-99   5.747183e-100   9.776946e-100 
Ba-129             1.552413e-99    1.000000e-99   5.747183e-100   9.776946e-100 
Ba-130             2.411017e-11    1.814312e-11    6.731093e-12    1.737907e-11 
Ba-131             1.552413e-99    1.000000e-99   5.747183e-100   9.776946e-100 
Ba-132             2.343954e-11    1.762128e-11    6.542771e-12    1.689677e-11 
Ba-133             7.833996e-24    1.000000e-99    3.330491e-24    4.503504e-24 
Ba-134             1.689753e-09    4.272326e-10    3.892148e-10    1.300538e-09 
Ba-135             1.964780e-09    1.173907e-09    5.186091e-10    1.446171e-09 
Ba-136             5.019736e-09    1.408826e-09    1.165727e-09    3.854009e-09 
Ba-137             5.158384e-09    2.029834e-09    1.255115e-09    3.903269e-09 
Ba-138             4.033260e-08    1.305194e-08    9.449114e-09    3.088349e-08 
Ba-139             1.552413e-99    1.000000e-99   5.747183e-100   9.776946e-100 
Ba-140             1.552413e-99    1.000000e-99   5.747183e-100   9.776946e-100 
Ba-141             1.552413e-99    1.000000e-99   5.747183e-100   9.776946e-100 
Ba-142             1.552413e-99    1.000000e-99   5.747183e-100   9.776946e-100 
La-127             1.552413e-99    1.000000e-99   5.747183e-100   9.776946e-100 
La-128             1.552413e-99    1.000000e-99   5.747183e-100   9.776946e-100 
La-129             1.552413e-99    1.000000e-99   5.747183e-100   9.776946e-100 
La-130             1.552413e-99    1.000000e-99   5.747183e-100   9.776946e-100 
La-131             1.552413e-99    1.000000e-99   5.747183e-100   9.776946e-100 
La-132             1.552413e-99    1.000000e-99   5.747183e-100   9.776946e-100 
La-133             1.552413e-99    1.000000e-99   5.747183e-100   9.776946e-100 
La-134             1.552413e-99    1.000000e-99   5.747183e-100   9.776946e-100 
La-135             1.552413e-99    1.000000e-99   5.747183e-100   9.776946e-100 
La-136             1.552413e-99    1.000000e-99   5.747183e-100   9.776946e-100 
La-137             4.555062e-17    1.000000e-99    1.053756e-17    3.501307e-17 
La-138             2.111649e-12    1.604073e-12    5.874341e-13    1.524214e-12 
La-139             4.923704e-09    1.790218e-09    1.172584e-09    3.751120e-09 
La-140             1.552413e-99    1.000000e-99   5.747183e-100   9.776946e-100 
La-141             1.552413e-99    1.000000e-99   5.747183e-100   9.776946e-100 
La-142             1.552413e-99    1.000000e-99   5.747183e-100   9.776946e-100 
La-143             1.552413e-99    1.000000e-99   5.747183e-100   9.776946e-100 
Ce-130             1.552413e-99    1.000000e-99   5.747183e-100   9.776946e-100 
Ce-131             1.552413e-99    1.000000e-99   5.747183e-100   9.776946e-100 
Ce-132             1.552413e-99    1.000000e-99   5.747183e-100   9.776946e-100 
Ce-133             1.552413e-99    1.000000e-99   5.747183e-100   9.776946e-100 
Ce-134             1.552413e-99    1.000000e-99   5.747183e-100   9.776946e-100 
Ce-135             1.552413e-99    1.000000e-99   5.747183e-100   9.776946e-100 
Ce-136             1.115014e-11    8.381751e-12    3.112362e-12    8.037780e-12 
Ce-137             1.552413e-99    1.000000e-99   5.747183e-100   9.776946e-100 
Ce-138             1.530144e-11    1.147719e-11    4.270408e-12    1.103103e-11 
Ce-139             1.552413e-99    1.000000e-99   5.747183e-100   9.776946e-100 
Ce-140             1.183765e-08    4.103022e-09    2.787695e-09    9.049952e-09 
Ce-141             1.552413e-99    1.000000e-99   5.747183e-100   9.776946e-100 
Ce-142             7.393110e-10    5.229277e-10    2.031535e-10    5.361575e-10 
Ce-143             1.552413e-99    1.000000e-99   5.747183e-100   9.776946e-100 
Ce-144             1.552413e-99    1.000000e-99   5.747183e-100   9.776946e-100 
Ce-145             1.552413e-99    1.000000e-99   5.747183e-100   9.776946e-100 
Ce-146             1.552413e-99    1.000000e-99   5.747183e-100   9.776946e-100 
Pr-133             1.552413e-99    1.000000e-99   5.747183e-100   9.776946e-100 
Pr-134             1.552413e-99    1.000000e-99   5.747183e-100   9.776946e-100 
Pr-135             1.552413e-99    1.000000e-99   5.747183e-100   9.776946e-100 
Pr-136             1.552413e-99    1.000000e-99   5.747183e-100   9.776946e-100 
Pr-137             1.552413e-99    1.000000e-99   5.747183e-100   9.776946e-100 
Pr-138             1.552413e-99    1.000000e-99   5.747183e-100   9.776946e-100 
Pr-139             1.552413e-99    1.000000e-99   5.747183e-100   9.776946e-100 
Pr-140             1.552413e-99    1.000000e-99   5.747183e-100   9.776946e-100 
Pr-141             1.491589e-09    6.910381e-10    3.695778e-10    1.122011e-09 
Pr-142             1.552413e-99    1.000000e-99   5.747183e-100   9.776946e-100 
Pr-143             1.552413e-99    1.000000e-99   5.747183e-100   9.776946e-100 
Pr-144             1.552413e-99    1.000000e-99   5.747183e-100   9.776946e-100 
Pr-145             1.552413e-99    1.000000e-99   5.747183e-100   9.776946e-100 
Pr-146             1.552413e-99    1.000000e-99   5.747183e-100   9.776946e-100 
Pr-147             1.552413e-99    1.000000e-99   5.747183e-100   9.776946e-100 
Pr-148             1.552413e-99    1.000000e-99   5.747183e-100   9.776946e-100 
Pr-149             1.552413e-99    1.000000e-99   5.747183e-100   9.776946e-100 
Nd-134             1.552413e-99    1.000000e-99   5.747183e-100   9.776946e-100 
Nd-135             1.552413e-99    1.000000e-99   5.747183e-100   9.776946e-100 
Nd-136             1.552413e-99    1.000000e-99   5.747183e-100   9.776946e-100 
Nd-137             1.552413e-99    1.000000e-99   5.747183e-100   9.776946e-100 
Nd-138             1.552413e-99    1.000000e-99   5.747183e-100   9.776946e-100 
Nd-139             1.552413e-99    1.000000e-99   5.747183e-100   9.776946e-100 
Nd-140             1.552413e-99    1.000000e-99   5.747183e-100   9.776946e-100 
Nd-141             1.552413e-99    1.000000e-99   5.747183e-100   9.776946e-100 
Nd-142             2.848680e-09    9.919756e-10    6.698043e-10    2.178875e-09 
Nd-143             8.176318e-10    4.483556e-10    2.100732e-10    6.075586e-10 
Nd-144             1.833322e-09    8.826112e-10    4.578006e-10    1.375521e-09 
Nd-145             5.330999e-10    3.095487e-10    1.388616e-10    3.942383e-10 
Nd-146             1.442259e-09    6.447718e-10    3.549019e-10    1.087357e-09 
Nd-147             1.552413e-99    1.000000e-99   5.747183e-100   9.776946e-100 
Nd-148             3.276173e-10    2.185025e-10    8.846872e-11    2.391486e-10 
Nd-149             1.552413e-99    1.000000e-99   5.747183e-100   9.776946e-100 
Nd-150             2.889469e-10    2.168256e-10    8.062520e-11    2.083217e-10 
Nd-151             1.552413e-99    1.000000e-99   5.747183e-100   9.776946e-100 
Nd-152             1.552413e-99    1.000000e-99   5.747183e-100   9.776946e-100 
Pm-137             1.552413e-99    1.000000e-99   5.747183e-100   9.776946e-100 
Pm-138             1.552413e-99    1.000000e-99   5.747183e-100   9.776946e-100 
Pm-139             1.552413e-99    1.000000e-99   5.747183e-100   9.776946e-100 
Pm-140             1.552413e-99    1.000000e-99   5.747183e-100   9.776946e-100 
Pm-141             1.552413e-99    1.000000e-99   5.747183e-100   9.776946e-100 
Pm-142             1.552413e-99    1.000000e-99   5.747183e-100   9.776946e-100 
Pm-143             1.552413e-99    1.000000e-99   5.747183e-100   9.776946e-100 
Pm-144             1.552413e-99    1.000000e-99   5.747183e-100   9.776946e-100 
Pm-145             9.366673e-18    1.000000e-99    2.128499e-18    7.238174e-18 
Pm-146             2.156930e-29    1.000000e-99    1.047084e-29    1.109846e-29 
Pm-147             1.784647e-26    1.000000e-99    9.760566e-27    8.085899e-27 
Pm-148             1.552413e-99    1.000000e-99   5.747183e-100   9.776946e-100 
Pm-149             1.552413e-99    1.000000e-99   5.747183e-100   9.776946e-100 
Pm-150             1.552413e-99    1.000000e-99   5.747183e-100   9.776946e-100 
Pm-151             1.552413e-99    1.000000e-99   5.747183e-100   9.776946e-100 
Pm-152             1.552413e-99    1.000000e-99   5.747183e-100   9.776946e-100 
Pm-153             1.552413e-99    1.000000e-99   5.747183e-100   9.776946e-100 
Pm-154             1.552413e-99    1.000000e-99   5.747183e-100   9.776946e-100 
Sm-140             1.552413e-99    1.000000e-99   5.747183e-100   9.776946e-100 
Sm-141             1.552413e-99    1.000000e-99   5.747183e-100   9.776946e-100 
Sm-142             1.552413e-99    1.000000e-99   5.747183e-100   9.776946e-100 
Sm-143             1.552413e-99    1.000000e-99   5.747183e-100   9.776946e-100 
Sm-144             4.919627e-11    3.683532e-11    1.372171e-11    3.547456e-11 
Sm-145             1.552413e-99    1.000000e-99   5.747183e-100   9.776946e-100 
Sm-146             6.101074e-14    1.000000e-99    1.347683e-14    4.753391e-14 
Sm-147             3.103236e-10    1.834427e-10    8.120511e-11    2.291184e-10 
Sm-148             3.470802e-10    1.384631e-10    8.355426e-11    2.635260e-10 
Sm-149             2.548978e-10    1.713731e-10    6.894378e-11    1.859540e-10 
Sm-150             2.445797e-10    9.213125e-11    5.826349e-11    1.863162e-10 
Sm-151             1.731052e-12    1.000000e-99    3.434317e-13    1.387620e-12 
Sm-152             5.503765e-10    3.383156e-10    1.454344e-10    4.049420e-10 
Sm-153             1.552413e-99    1.000000e-99   5.747183e-100   9.776946e-100 
Sm-154             4.045424e-10    2.916240e-10    1.115930e-10    2.929494e-10 
Sm-155             1.552413e-99    1.000000e-99   5.747183e-100   9.776946e-100 
Sm-156             1.552413e-99    1.000000e-99   5.747183e-100   9.776946e-100 
Sm-157             1.552413e-99    1.000000e-99   5.747183e-100   9.776946e-100 
Sm-158             1.552413e-99    1.000000e-99   5.747183e-100   9.776946e-100 
Eu-143             1.552413e-99    1.000000e-99   5.747183e-100   9.776946e-100 
Eu-144             1.552413e-99    1.000000e-99   5.747183e-100   9.776946e-100 
Eu-145             1.552413e-99    1.000000e-99   5.747183e-100   9.776946e-100 
Eu-146             1.552413e-99    1.000000e-99   5.747183e-100   9.776946e-100 
Eu-147             1.552413e-99    1.000000e-99   5.747183e-100   9.776946e-100 
Eu-148             1.552413e-99    1.000000e-99   5.747183e-100   9.776946e-100 
Eu-149             1.552413e-99    1.000000e-99   5.747183e-100   9.776946e-100 
Eu-150             1.552413e-99    1.000000e-99   5.747183e-100   9.776946e-100 
Eu-151             2.866689e-10    2.036004e-10    7.870812e-11    2.079607e-10 
Eu-152             1.081615e-19    1.000000e-99    2.557310e-20    8.258841e-20 
Eu-153             3.185779e-10    2.251965e-10    8.736448e-11    2.312134e-10 
Eu-154             3.054621e-19    1.000000e-99    9.415233e-20    2.113098e-19 
Eu-155             6.217096e-22    1.000000e-99    2.795323e-22    3.421772e-22 
Eu-156             1.552413e-99    1.000000e-99   5.747183e-100   9.776946e-100 
Eu-157             1.552413e-99    1.000000e-99   5.747183e-100   9.776946e-100 
Eu-158             1.552413e-99    1.000000e-99   5.747183e-100   9.776946e-100 
Eu-159             1.552413e-99    1.000000e-99   5.747183e-100   9.776946e-100 
Gd-144             1.552413e-99    1.000000e-99   5.747183e-100   9.776946e-100 
Gd-145             1.552413e-99    1.000000e-99   5.747183e-100   9.776946e-100 
Gd-146             1.552413e-99    1.000000e-99   5.747183e-100   9.776946e-100 
Gd-147             1.552413e-99    1.000000e-99   5.747183e-100   9.776946e-100 
Gd-148             1.552413e-99    1.000000e-99   5.747183e-100   9.776946e-100 
Gd-149             1.552413e-99    1.000000e-99   5.747183e-100   9.776946e-100 
Gd-150             1.552413e-99    1.000000e-99   5.747183e-100   9.776946e-100 
Gd-151             1.552413e-99    1.000000e-99   5.747183e-100   9.776946e-100 
Gd-152             6.146889e-12    2.947193e-12    1.528393e-12    4.618497e-12 
Gd-153             1.552413e-99    1.000000e-99   5.747183e-100   9.776946e-100 
Gd-154             8.408772e-11    3.209515e-11    2.009620e-11    6.399152e-11 
Gd-155             3.118816e-10    2.192151e-10    8.540530e-11    2.264763e-10 
Gd-156             4.824561e-10    3.051047e-10    1.284392e-10    3.540169e-10 
Gd-157             3.482549e-10    2.348264e-10    9.428342e-11    2.539715e-10 
Gd-158             6.444117e-10    3.749720e-10    1.680232e-10    4.763886e-10 
Gd-159             1.552413e-99    1.000000e-99   5.747183e-100   9.776946e-100 
Gd-160             4.554492e-10    3.342894e-10    1.262789e-10    3.291703e-10 
Gd-161             1.552413e-99    1.000000e-99   5.747183e-100   9.776946e-100 
Gd-162             1.552413e-99    1.000000e-99   5.747183e-100   9.776946e-100 
Tb-147             1.552413e-99    1.000000e-99   5.747183e-100   9.776946e-100 
Tb-148             1.552413e-99    1.000000e-99   5.747183e-100   9.776946e-100 
Tb-149             1.552413e-99    1.000000e-99   5.747183e-100   9.776946e-100 
Tb-150             1.552413e-99    1.000000e-99   5.747183e-100   9.776946e-100 
Tb-151             1.552413e-99    1.000000e-99   5.747183e-100   9.776946e-100 
Tb-152             1.552413e-99    1.000000e-99   5.747183e-100   9.776946e-100 
Tb-153             1.552413e-99    1.000000e-99   5.747183e-100   9.776946e-100 
Tb-154             1.552413e-99    1.000000e-99   5.747183e-100   9.776946e-100 
Tb-155             1.552413e-99    1.000000e-99   5.747183e-100   9.776946e-100 
Tb-156             1.552413e-99    1.000000e-99   5.747183e-100   9.776946e-100 
Tb-157             1.432685e-14    1.000000e-99    2.767759e-15    1.155909e-14 
Tb-158             4.027932e-15    1.000000e-99    7.825486e-16    3.245383e-15 
Tb-159             3.999380e-10    2.764904e-10    1.090078e-10    2.909301e-10 
Tb-160             1.552413e-99    1.000000e-99   5.747183e-100   9.776946e-100 
Tb-161             1.552413e-99    1.000000e-99   5.747183e-100   9.776946e-100 
Tb-162             1.552413e-99    1.000000e-99   5.747183e-100   9.776946e-100 
Tb-163             1.552413e-99    1.000000e-99   5.747183e-100   9.776946e-100 
Tb-164             1.552413e-99    1.000000e-99   5.747183e-100   9.776946e-100 
Tb-165             1.552413e-99    1.000000e-99   5.747183e-100   9.776946e-100 
Dy-148             1.552413e-99    1.000000e-99   5.747183e-100   9.776946e-100 
Dy-149             1.552413e-99    1.000000e-99   5.747183e-100   9.776946e-100 
Dy-150             1.552413e-99    1.000000e-99   5.747183e-100   9.776946e-100 
Dy-151             1.552413e-99    1.000000e-99   5.747183e-100   9.776946e-100 
Dy-152             1.552413e-99    1.000000e-99   5.747183e-100   9.776946e-100 
Dy-153             1.552413e-99    1.000000e-99   5.747183e-100   9.776946e-100 
Dy-154             1.552413e-99    1.000000e-99   5.747183e-100   9.776946e-100 
Dy-155             1.552413e-99    1.000000e-99   5.747183e-100   9.776946e-100 
Dy-156             1.333482e-12    1.003681e-12    3.722910e-13    9.611913e-13 
Dy-157             1.552413e-99    1.000000e-99   5.747183e-100   9.776946e-100 
Dy-158             2.324623e-12    1.742654e-12    6.482223e-13    1.676401e-12 
Dy-159             1.552413e-99    1.000000e-99   5.747183e-100   9.776946e-100 
Dy-160             1.079398e-10    4.301488e-11    2.600141e-11    8.193836e-11 
Dy-161             4.908482e-10    3.497843e-10    1.349202e-10    3.559281e-10 
Dy-162             7.397840e-10    4.747974e-10    1.977167e-10    5.420673e-10 
Dy-163             6.414827e-10    4.663048e-10    1.772805e-10    4.642022e-10 
Dy-164             8.737323e-10    5.311557e-10    2.306015e-10    6.431308e-10 
Dy-165             1.552413e-99    1.000000e-99   5.747183e-100   9.776946e-100 
Dy-166             1.552413e-99    1.000000e-99   5.747183e-100   9.776946e-100 
Dy-167             1.552413e-99    1.000000e-99   5.747183e-100   9.776946e-100 
Dy-168             1.552413e-99    1.000000e-99   5.747183e-100   9.776946e-100 
Ho-153             1.552413e-99    1.000000e-99   5.747183e-100   9.776946e-100 
Ho-154             1.552413e-99    1.000000e-99   5.747183e-100   9.776946e-100 
Ho-155             1.552413e-99    1.000000e-99   5.747183e-100   9.776946e-100 
Ho-156             1.552413e-99    1.000000e-99   5.747183e-100   9.776946e-100 
Ho-157             1.552413e-99    1.000000e-99   5.747183e-100   9.776946e-100 
Ho-158             1.552413e-99    1.000000e-99   5.747183e-100   9.776946e-100 
Ho-159             1.552413e-99    1.000000e-99   5.747183e-100   9.776946e-100 
Ho-160             1.552413e-99    1.000000e-99   5.747183e-100   9.776946e-100 
Ho-161             1.552413e-99    1.000000e-99   5.747183e-100   9.776946e-100 
Ho-162             1.552413e-99    1.000000e-99   5.747183e-100   9.776946e-100 
Ho-163             1.244634e-11    1.000000e-99    2.514960e-12    9.931378e-12 
Ho-164             1.552413e-99    1.000000e-99   5.747183e-100   9.776946e-100 
Ho-165             6.105626e-10    4.243917e-10    1.667051e-10    4.438575e-10 
Ho-166             1.552413e-99    1.000000e-99   5.747183e-100   9.776946e-100 
Ho-167             1.552413e-99    1.000000e-99   5.747183e-100   9.776946e-100 
Ho-168             1.552413e-99    1.000000e-99   5.747183e-100   9.776946e-100 
Ho-169             1.552413e-99    1.000000e-99   5.747183e-100   9.776946e-100 
Er-154             1.552413e-99    1.000000e-99   5.747183e-100   9.776946e-100 
Er-155             1.552413e-99    1.000000e-99   5.747183e-100   9.776946e-100 
Er-156             1.552413e-99    1.000000e-99   5.747183e-100   9.776946e-100 
Er-157             1.552413e-99    1.000000e-99   5.747183e-100   9.776946e-100 
Er-158             1.552413e-99    1.000000e-99   5.747183e-100   9.776946e-100 
Er-159             1.552413e-99    1.000000e-99   5.747183e-100   9.776946e-100 
Er-160             1.552413e-99    1.000000e-99   5.747183e-100   9.776946e-100 
Er-161             1.552413e-99    1.000000e-99   5.747183e-100   9.776946e-100 
Er-162             2.137517e-12    1.608861e-12    5.967673e-13    1.540750e-12 
Er-163             1.552413e-99    1.000000e-99   5.747183e-100   9.776946e-100 
Er-164             4.773243e-11    1.912858e-11    1.149236e-11    3.624007e-11 
Er-165             1.552413e-99    1.000000e-99   5.747183e-100   9.776946e-100 
Er-166             6.174901e-10    4.044450e-10    1.659517e-10    4.515384e-10 
Er-167             4.056160e-10    2.775897e-10    1.102858e-10    2.953301e-10 
Er-168             5.891685e-10    3.262608e-10    1.518963e-10    4.372722e-10 
Er-169             1.552413e-99    1.000000e-99   5.747183e-100   9.776946e-100 
Er-170             2.792172e-10    1.839889e-10    7.513553e-11    2.040817e-10 
Er-171             1.552413e-99    1.000000e-99   5.747183e-100   9.776946e-100 
Er-172             1.552413e-99    1.000000e-99   5.747183e-100   9.776946e-100 
Er-173             1.552413e-99    1.000000e-99   5.747183e-100   9.776946e-100 
Er-174             1.552413e-99    1.000000e-99   5.747183e-100   9.776946e-100 
Er-175             1.552413e-99    1.000000e-99   5.747183e-100   9.776946e-100 
Tm-159             1.552413e-99    1.000000e-99   5.747183e-100   9.776946e-100 
Tm-160             1.552413e-99    1.000000e-99   5.747183e-100   9.776946e-100 
Tm-161             1.552413e-99    1.000000e-99   5.747183e-100   9.776946e-100 
Tm-162             1.552413e-99    1.000000e-99   5.747183e-100   9.776946e-100 
Tm-163             1.552413e-99    1.000000e-99   5.747183e-100   9.776946e-100 
Tm-164             1.552413e-99    1.000000e-99   5.747183e-100   9.776946e-100 
Tm-165             1.552413e-99    1.000000e-99   5.747183e-100   9.776946e-100 
Tm-166             1.552413e-99    1.000000e-99   5.747183e-100   9.776946e-100 
Tm-167             1.552413e-99    1.000000e-99   5.747183e-100   9.776946e-100 
Tm-168             1.552413e-99    1.000000e-99   5.747183e-100   9.776946e-100 
Tm-169             2.771489e-10    1.854256e-10    7.488598e-11    2.022629e-10 
Tm-170             1.552413e-99    1.000000e-99   5.747183e-100   9.776946e-100 
Tm-171             1.396742e-32    1.000000e-99    1.396742e-32    1.384658e-41 
Tm-172             1.552413e-99    1.000000e-99   5.747183e-100   9.776946e-100 
Tm-173             1.552413e-99    1.000000e-99   5.747183e-100   9.776946e-100 
Tm-174             1.552413e-99    1.000000e-99   5.747183e-100   9.776946e-100 
Tm-175             1.552413e-99    1.000000e-99   5.747183e-100   9.776946e-100 
Tm-176             1.552413e-99    1.000000e-99   5.747183e-100   9.776946e-100 
Yb-160             1.552413e-99    1.000000e-99   5.747183e-100   9.776946e-100 
Yb-161             1.552413e-99    1.000000e-99   5.747183e-100   9.776946e-100 
Yb-162             1.552413e-99    1.000000e-99   5.747183e-100   9.776946e-100 
Yb-163             1.552413e-99    1.000000e-99   5.747183e-100   9.776946e-100 
Yb-164             1.552413e-99    1.000000e-99   5.747183e-100   9.776946e-100 
Yb-165             1.552413e-99    1.000000e-99   5.747183e-100   9.776946e-100 
Yb-166             1.552413e-99    1.000000e-99   5.747183e-100   9.776946e-100 
Yb-167             1.552413e-99    1.000000e-99   5.747183e-100   9.776946e-100 
Yb-168             2.103495e-12    1.583199e-12    5.872674e-13    1.516227e-12 
Yb-169             1.552413e-99    1.000000e-99   5.747183e-100   9.776946e-100 
Yb-170             9.678493e-11    3.746325e-11    2.321975e-11    7.356518e-11 
Yb-171             2.928102e-10    1.770138e-10    7.708432e-11    2.157259e-10 
Yb-172             5.111513e-10    2.721856e-10    1.305532e-10    3.805981e-10 
Yb-173             3.426634e-10    2.022849e-10    8.965021e-11    2.530132e-10 
Yb-174             8.688375e-10    4.014845e-10    2.150864e-10    6.537511e-10 
Yb-175             1.552413e-99    1.000000e-99   5.747183e-100   9.776946e-100 
Yb-176             3.359000e-10    1.627969e-10    8.419764e-11    2.517024e-10 
Yb-177             1.552413e-99    1.000000e-99   5.747183e-100   9.776946e-100 
Yb-178             1.552413e-99    1.000000e-99   5.747183e-100   9.776946e-100 
Yb-179             1.552413e-99    1.000000e-99   5.747183e-100   9.776946e-100 
Yb-180             1.552413e-99    1.000000e-99   5.747183e-100   9.776946e-100 
Lu-165             1.552413e-99    1.000000e-99   5.747183e-100   9.776946e-100 
Lu-166             1.552413e-99    1.000000e-99   5.747183e-100   9.776946e-100 
Lu-167             1.552413e-99    1.000000e-99   5.747183e-100   9.776946e-100 
Lu-168             1.552413e-99    1.000000e-99   5.747183e-100   9.776946e-100 
Lu-169             1.552413e-99    1.000000e-99   5.747183e-100   9.776946e-100 
Lu-170             1.552413e-99    1.000000e-99   5.747183e-100   9.776946e-100 
Lu-171             1.552413e-99    1.000000e-99   5.747183e-100   9.776946e-100 
Lu-172             1.552413e-99    1.000000e-99   5.747183e-100   9.776946e-100 
Lu-173             1.552413e-99    1.000000e-99   5.747183e-100   9.776946e-100 
Lu-174             1.552413e-99    1.000000e-99   5.747183e-100   9.776946e-100 
Lu-175             2.896619e-10    1.827895e-10    7.703266e-11    2.126293e-10 
Lu-176             2.850286e-11    4.876274e-12    6.112544e-12    2.239032e-11 
Lu-177             1.552413e-99    1.000000e-99   5.747183e-100   9.776946e-100 
Lu-178             1.552413e-99    1.000000e-99   5.747183e-100   9.776946e-100 
Lu-179             1.552413e-99    1.000000e-99   5.747183e-100   9.776946e-100 
Lu-180             1.552413e-99    1.000000e-99   5.747183e-100   9.776946e-100 
Lu-181             1.552413e-99    1.000000e-99   5.747183e-100   9.776946e-100 
Lu-182             1.552413e-99    1.000000e-99   5.747183e-100   9.776946e-100 
Hf-166             1.552413e-99    1.000000e-99   5.747183e-100   9.776946e-100 
Hf-167             1.552413e-99    1.000000e-99   5.747183e-100   9.776946e-100 
Hf-168             1.552413e-99    1.000000e-99   5.747183e-100   9.776946e-100 
Hf-169             1.552413e-99    1.000000e-99   5.747183e-100   9.776946e-100 
Hf-170             1.552413e-99    1.000000e-99   5.747183e-100   9.776946e-100 
Hf-171             1.552413e-99    1.000000e-99   5.747183e-100   9.776946e-100 
Hf-172             1.552413e-99    1.000000e-99   5.747183e-100   9.776946e-100 
Hf-173             1.552413e-99    1.000000e-99   5.747183e-100   9.776946e-100 
Hf-174             1.635983e-12    1.231253e-12    4.567421e-13    1.179241e-12 
Hf-175             1.552413e-99    1.000000e-99   5.747183e-100   9.776946e-100 
Hf-176             6.840278e-11    4.036188e-11    1.792121e-11    5.048157e-11 
Hf-177             2.323438e-10    1.437825e-10    6.149521e-11    1.708486e-10 
Hf-178             4.555410e-10    2.121343e-10    1.128990e-10    3.426419e-10 
Hf-179             2.020512e-10    1.065106e-10    5.141963e-11    1.506316e-10 
Hf-180             6.969702e-10    2.758446e-10    1.672209e-10    5.297493e-10 
Hf-181             1.552413e-99    1.000000e-99   5.747183e-100   9.776946e-100 
Hf-182             4.634111e-12    1.000000e-99    9.309305e-13    3.703181e-12 
Hf-183             1.552413e-99    1.000000e-99   5.747183e-100   9.776946e-100 
Hf-184             1.552413e-99    1.000000e-99   5.747183e-100   9.776946e-100 
Hf-185             1.552413e-99    1.000000e-99   5.747183e-100   9.776946e-100 
Ta-169             1.552413e-99    1.000000e-99   5.747183e-100   9.776946e-100 
Ta-170             1.552413e-99    1.000000e-99   5.747183e-100   9.776946e-100 
Ta-171             1.552413e-99    1.000000e-99   5.747183e-100   9.776946e-100 
Ta-172             1.552413e-99    1.000000e-99   5.747183e-100   9.776946e-100 
Ta-173             1.552413e-99    1.000000e-99   5.747183e-100   9.776946e-100 
Ta-174             1.552413e-99    1.000000e-99   5.747183e-100   9.776946e-100 
Ta-175             1.552413e-99    1.000000e-99   5.747183e-100   9.776946e-100 
Ta-176             1.552413e-99    1.000000e-99   5.747183e-100   9.776946e-100 
Ta-177             1.552413e-99    1.000000e-99   5.747183e-100   9.776946e-100 
Ta-178             1.552413e-99    1.000000e-99   5.747183e-100   9.776946e-100 
Ta-179             7.053428e-32    1.000000e-99    6.161470e-32    8.919576e-33 
Ta-180             3.237647e-14    2.429185e-14    9.030605e-15    2.334587e-14 
Ta-181             3.317727e-10    1.985674e-10    8.699426e-11    2.447784e-10 
Ta-182             1.786360e-19    1.000000e-99    3.588651e-20    1.427495e-19 
Ta-183             1.552413e-99    1.000000e-99   5.747183e-100   9.776946e-100 
Ta-184             1.552413e-99    1.000000e-99   5.747183e-100   9.776946e-100 
Ta-185             1.552413e-99    1.000000e-99   5.747183e-100   9.776946e-100 
Ta-186             1.552413e-99    1.000000e-99   5.747183e-100   9.776946e-100 
W-172              1.552413e-99    1.000000e-99   5.747183e-100   9.776946e-100 
W-173              1.552413e-99    1.000000e-99   5.747183e-100   9.776946e-100 
W-174              1.552413e-99    1.000000e-99   5.747183e-100   9.776946e-100 
W-175              1.552413e-99    1.000000e-99   5.747183e-100   9.776946e-100 
W-176              1.552413e-99    1.000000e-99   5.747183e-100   9.776946e-100 
W-177              1.552413e-99    1.000000e-99   5.747183e-100   9.776946e-100 
W-178              1.552413e-99    1.000000e-99   5.747183e-100   9.776946e-100 
W-179              1.552413e-99    1.000000e-99   5.747183e-100   9.776946e-100 
W-180              1.136110e-12    8.394836e-13    3.154028e-13    8.207071e-13 
W-181              1.552413e-99    1.000000e-99   5.747183e-100   9.776946e-100 
W-182              3.965274e-10    1.877481e-10    9.847211e-11    2.980553e-10 
W-183              2.271539e-10    1.019725e-10    5.577949e-11    1.713744e-10 
W-184              5.143842e-10    2.194930e-10    1.249358e-10    3.894484e-10 
W-185              1.552413e-99    1.000000e-99   5.747183e-100   9.776946e-100 
W-186              3.296217e-10    2.058307e-10    8.739225e-11    2.422295e-10 
W-187              1.552413e-99    1.000000e-99   5.747183e-100   9.776946e-100 
W-188              1.552413e-99    1.000000e-99   5.747183e-100   9.776946e-100 
W-189              1.552413e-99    1.000000e-99   5.747183e-100   9.776946e-100 
W-190              1.552413e-99    1.000000e-99   5.747183e-100   9.776946e-100 
Re-175             1.552413e-99    1.000000e-99   5.747183e-100   9.776946e-100 
Re-176             1.552413e-99    1.000000e-99   5.747183e-100   9.776946e-100 
Re-177             1.552413e-99    1.000000e-99   5.747183e-100   9.776946e-100 
Re-178             1.552413e-99    1.000000e-99   5.747183e-100   9.776946e-100 
Re-179             1.552413e-99    1.000000e-99   5.747183e-100   9.776946e-100 
Re-180             1.552413e-99    1.000000e-99   5.747183e-100   9.776946e-100 
Re-181             1.552413e-99    1.000000e-99   5.747183e-100   9.776946e-100 
Re-182             1.552413e-99    1.000000e-99   5.747183e-100   9.776946e-100 
Re-183             1.552413e-99    1.000000e-99   5.747183e-100   9.776946e-100 
Re-184             1.552413e-99    1.000000e-99   5.747183e-100   9.776946e-100 
Re-185             1.851286e-10    1.047859e-10    4.784497e-11    1.372836e-10 
Re-186             1.552413e-99    1.000000e-99   5.747183e-100   9.776946e-100 
Re-187             2.484283e-10    1.773016e-10    6.787092e-11    1.805574e-10 
Re-188             1.552413e-99    1.000000e-99   5.747183e-100   9.776946e-100 
Re-189             1.552413e-99    1.000000e-99   5.747183e-100   9.776946e-100 
Re-190             1.552413e-99    1.000000e-99   5.747183e-100   9.776946e-100 
Re-191             1.552413e-99    1.000000e-99   5.747183e-100   9.776946e-100 
Os-179             1.552413e-99    1.000000e-99   5.747183e-100   9.776946e-100 
Os-180             1.552413e-99    1.000000e-99   5.747183e-100   9.776946e-100 
Os-181             1.552413e-99    1.000000e-99   5.747183e-100   9.776946e-100 
Os-182             1.552413e-99    1.000000e-99   5.747183e-100   9.776946e-100 
Os-183             1.552413e-99    1.000000e-99   5.747183e-100   9.776946e-100 
Os-184             9.447455e-13    7.108303e-13    2.637496e-13    6.809959e-13 
Os-185             1.552413e-99    1.000000e-99   5.747183e-100   9.776946e-100 
Os-186             1.617458e-10    5.778212e-11    3.800800e-11    1.237378e-10 
Os-187             1.075772e-10    5.998274e-11    2.811838e-11    7.945879e-11 
Os-188             8.073337e-10    4.873616e-10    2.120506e-10    5.952831e-10 
Os-189             8.276573e-10    5.973629e-10    2.282360e-10    5.994213e-10 
Os-190             1.468625e-09    9.765959e-10    3.958645e-10    1.072760e-09 
Os-191             1.552413e-99    1.000000e-99   5.747183e-100   9.776946e-100 
Os-192             2.089105e-09    1.532704e-09    5.791772e-10    1.509928e-09 
Os-193             1.552413e-99    1.000000e-99   5.747183e-100   9.776946e-100 
Os-194             1.565577e-20    1.000000e-99    6.396405e-21    9.259366e-21 
Os-195             1.552413e-99    1.000000e-99   5.747183e-100   9.776946e-100 
Os-196             1.552413e-99    1.000000e-99   5.747183e-100   9.776946e-100 
Ir-181             1.552413e-99    1.000000e-99   5.747183e-100   9.776946e-100 
Ir-182             1.552413e-99    1.000000e-99   5.747183e-100   9.776946e-100 
Ir-183             1.552413e-99    1.000000e-99   5.747183e-100   9.776946e-100 
Ir-184             1.552413e-99    1.000000e-99   5.747183e-100   9.776946e-100 
Ir-185             1.552413e-99    1.000000e-99   5.747183e-100   9.776946e-100 
Ir-186             1.552413e-99    1.000000e-99   5.747183e-100   9.776946e-100 
Ir-187             1.552413e-99    1.000000e-99   5.747183e-100   9.776946e-100 
Ir-188             1.552413e-99    1.000000e-99   5.747183e-100   9.776946e-100 
Ir-189             1.552413e-99    1.000000e-99   5.747183e-100   9.776946e-100 
Ir-190             1.552413e-99    1.000000e-99   5.747183e-100   9.776946e-100 
Ir-191             1.833980e-09    1.357372e-09    5.094978e-10    1.324482e-09 
Ir-192             1.552413e-99    1.000000e-99   5.747183e-100   9.776946e-100 
Ir-193             3.105625e-09    2.308350e-09    8.639363e-10    2.241689e-09 
Ir-194             5.689485e-24    1.000000e-99    2.324523e-24    3.364961e-24 
Ir-195             1.552413e-99    1.000000e-99   5.747183e-100   9.776946e-100 
Ir-196             1.552413e-99    1.000000e-99   5.747183e-100   9.776946e-100 
Ir-197             1.552413e-99    1.000000e-99   5.747183e-100   9.776946e-100 
Pt-184             1.552413e-99    1.000000e-99   5.747183e-100   9.776946e-100 
Pt-185             1.552413e-99    1.000000e-99   5.747183e-100   9.776946e-100 
Pt-186             1.552413e-99    1.000000e-99   5.747183e-100   9.776946e-100 
Pt-187             1.552413e-99    1.000000e-99   5.747183e-100   9.776946e-100 
Pt-188             1.552413e-99    1.000000e-99   5.747183e-100   9.776946e-100 
Pt-189             1.552413e-99    1.000000e-99   5.747183e-100   9.776946e-100 
Pt-190             1.340537e-12    1.008463e-12    3.742355e-13    9.663016e-13 
Pt-191             1.552413e-99    1.000000e-99   5.747183e-100   9.776946e-100 
Pt-192             1.236124e-10    5.850019e-11    3.076415e-11    9.284820e-11 
Pt-193             5.513922e-13    1.000000e-99    1.081535e-13    4.432387e-13 
Pt-194             3.445656e-09    2.489798e-09    9.511099e-10    2.494546e-09 
Pt-195             3.470662e-09    2.568263e-09    9.643833e-10    2.506279e-09 
Pt-196             2.839872e-09    1.926003e-09    7.709876e-10    2.068885e-09 
Pt-197             1.552413e-99    1.000000e-99   5.747183e-100   9.776946e-100 
Pt-198             7.428428e-10    5.521699e-10    2.067780e-10    5.360648e-10 
Pt-199             1.552413e-99    1.000000e-99   5.747183e-100   9.776946e-100 
Pt-200             1.552413e-99    1.000000e-99   5.747183e-100   9.776946e-100 
Pt-201             1.552413e-99    1.000000e-99   5.747183e-100   9.776946e-100 
Pt-202             1.552413e-99    1.000000e-99   5.747183e-100   9.776946e-100 
Au-185             1.552413e-99    1.000000e-99   5.747183e-100   9.776946e-100 
Au-186             1.552413e-99    1.000000e-99   5.747183e-100   9.776946e-100 
Au-187             1.552413e-99    1.000000e-99   5.747183e-100   9.776946e-100 
Au-188             1.552413e-99    1.000000e-99   5.747183e-100   9.776946e-100 
Au-189             1.552413e-99    1.000000e-99   5.747183e-100   9.776946e-100 
Au-190             1.552413e-99    1.000000e-99   5.747183e-100   9.776946e-100 
Au-191             1.552413e-99    1.000000e-99   5.747183e-100   9.776946e-100 
Au-192             1.552413e-99    1.000000e-99   5.747183e-100   9.776946e-100 
Au-193             1.552413e-99    1.000000e-99   5.747183e-100   9.776946e-100 
Au-194             1.552413e-99    1.000000e-99   5.747183e-100   9.776946e-100 
Au-195             1.552413e-99    1.000000e-99   5.747183e-100   9.776946e-100 
Au-196             1.552413e-99    1.000000e-99   5.747183e-100   9.776946e-100 
Au-197             1.525371e-09    1.083301e-09    4.191581e-10    1.106213e-09 
Au-198             1.552413e-99    1.000000e-99   5.747183e-100   9.776946e-100 
Au-199             1.552413e-99    1.000000e-99   5.747183e-100   9.776946e-100 
Au-200             1.552413e-99    1.000000e-99   5.747183e-100   9.776946e-100 
Au-201             1.552413e-99    1.000000e-99   5.747183e-100   9.776946e-100 
Au-202             1.552413e-99    1.000000e-99   5.747183e-100   9.776946e-100 
Au-203             1.552413e-99    1.000000e-99   5.747183e-100   9.776946e-100 
Hg-189             1.552413e-99    1.000000e-99   5.747183e-100   9.776946e-100 
Hg-190             1.552413e-99    1.000000e-99   5.747183e-100   9.776946e-100 
Hg-191             1.552413e-99    1.000000e-99   5.747183e-100   9.776946e-100 
Hg-192             1.552413e-99    1.000000e-99   5.747183e-100   9.776946e-100 
Hg-193             1.552413e-99    1.000000e-99   5.747183e-100   9.776946e-100 
Hg-194             1.552413e-99    1.000000e-99   5.747183e-100   9.776946e-100 
Hg-195             1.552413e-99    1.000000e-99   5.747183e-100   9.776946e-100 
Hg-196             4.006978e-12    3.009384e-12    1.118282e-12    2.888696e-12 
Hg-197             1.552413e-99    1.000000e-99   5.747183e-100   9.776946e-100 
Hg-198             5.257134e-10    1.974950e-10    1.260793e-10    3.996341e-10 
Hg-199             5.654364e-10    3.359915e-10    1.485029e-10    4.169335e-10 
Hg-200             9.773267e-10    4.622210e-10    2.441628e-10    7.331639e-10 
Hg-201             5.039719e-10    2.651107e-10    1.286533e-10    3.753187e-10 
Hg-202             1.339276e-09    6.036257e-10    3.304841e-10    1.008792e-09 
Hg-203             1.552413e-99    1.000000e-99   5.747183e-100   9.776946e-100 
Hg-204             1.990898e-10    1.401373e-10    5.455605e-11    1.445338e-10 
Hg-205             1.552413e-99    1.000000e-99   5.747183e-100   9.776946e-100 
Hg-206             1.552413e-99    1.000000e-99   5.747183e-100   9.776946e-100 
Hg-207             1.552413e-99    1.000000e-99   5.747183e-100   9.776946e-100 
Hg-208             1.552413e-99    1.000000e-99   5.747183e-100   9.776946e-100 
Tl-192             1.552413e-99    1.000000e-99   5.747183e-100   9.776946e-100 
Tl-193             1.552413e-99    1.000000e-99   5.747183e-100   9.776946e-100 
Tl-194             1.552413e-99    1.000000e-99   5.747183e-100   9.776946e-100 
Tl-195             1.552413e-99    1.000000e-99   5.747183e-100   9.776946e-100 
Tl-196             1.552413e-99    1.000000e-99   5.747183e-100   9.776946e-100 
Tl-197             1.552413e-99    1.000000e-99   5.747183e-100   9.776946e-100 
Tl-198             1.552413e-99    1.000000e-99   5.747183e-100   9.776946e-100 
Tl-199             1.552413e-99    1.000000e-99   5.747183e-100   9.776946e-100 
Tl-200             1.552413e-99    1.000000e-99   5.747183e-100   9.776946e-100 
Tl-201             1.552413e-99    1.000000e-99   5.747183e-100   9.776946e-100 
Tl-202             1.552413e-99    1.000000e-99   5.747183e-100   9.776946e-100 
Tl-203             6.569219e-10    3.220729e-10    1.646274e-10    4.922945e-10 
Tl-204             4.150105e-23    1.000000e-99    2.171066e-23    1.979039e-23 
Tl-205             1.427632e-09    7.763865e-10    3.654230e-10    1.062209e-09 
Tl-206             1.552413e-99    1.000000e-99   5.747183e-100   9.776946e-100 
Tl-207             1.552413e-99    1.000000e-99   5.747183e-100   9.776946e-100 
Tl-208             1.552413e-99    1.000000e-99   5.747183e-100   9.776946e-100 
Tl-209             1.552413e-99    1.000000e-99   5.747183e-100   9.776946e-100 
Tl-210             1.552413e-99    1.000000e-99   5.747183e-100   9.776946e-100 
Pb-193             1.552413e-99    1.000000e-99   5.747183e-100   9.776946e-100 
Pb-194             1.552413e-99    1.000000e-99   5.747183e-100   9.776946e-100 
Pb-195             1.552413e-99    1.000000e-99   5.747183e-100   9.776946e-100 
Pb-196             1.552413e-99    1.000000e-99   5.747183e-100   9.776946e-100 
Pb-197             1.552413e-99    1.000000e-99   5.747183e-100   9.776946e-100 
Pb-198             1.552413e-99    1.000000e-99   5.747183e-100   9.776946e-100 
Pb-199             1.552413e-99    1.000000e-99   5.747183e-100   9.776946e-100 
Pb-200             1.552413e-99    1.000000e-99   5.747183e-100   9.776946e-100 
Pb-201             1.552413e-99    1.000000e-99   5.747183e-100   9.776946e-100 
Pb-202             1.552413e-99    1.000000e-99   5.747183e-100   9.776946e-100 
Pb-203             1.552413e-99    1.000000e-99   5.747183e-100   9.776946e-100 
Pb-204             6.892829e-10    2.931006e-10    1.673627e-10    5.219202e-10 
Pb-205             5.071065e-12    1.000000e-99    1.025423e-12    4.045643e-12 
Pb-208             1.273921e-08    8.849766e-09    3.477992e-09    9.261217e-09 
Pb-209             1.552413e-99    1.000000e-99   5.747183e-100   9.776946e-100 
Pb-210             1.547783e-20    1.000000e-99    4.152398e-21    1.132543e-20 
Pb-211             1.552413e-99    1.000000e-99   5.747183e-100   9.776946e-100 
Bi-202             1.552413e-99    1.000000e-99   5.747183e-100   9.776946e-100 
Bi-203             1.552413e-99    1.000000e-99   5.747183e-100   9.776946e-100 
Bi-204             1.552413e-99    1.000000e-99   5.747183e-100   9.776946e-100 
Bi-205             1.552413e-99    1.000000e-99   5.747183e-100   9.776946e-100 
Bi-206             1.552413e-99    1.000000e-99   5.747183e-100   9.776946e-100 
Bi-207             1.552413e-99    1.000000e-99   5.747183e-100   9.776946e-100 
Bi-208             1.552413e-99    1.000000e-99   5.747183e-100   9.776946e-100 
Bi-209             1.186212e-09    8.718247e-10    3.294849e-10    8.567267e-10 
Bi-210             2.077817e-12    1.000000e-99    4.360885e-13    1.641728e-12 
Al-26m1            1.552413e-99    1.000000e-99   5.747183e-100   9.776946e-100 
Kr-85m1            1.552413e-99    1.000000e-99   5.747183e-100   9.776946e-100 
Cd-115m1           1.552413e-99    1.000000e-99   5.747183e-100   9.776946e-100 
Lu-176m1           1.552413e-99    1.000000e-99   5.747183e-100   9.776946e-100 
Ta-180m1           1.552413e-99    1.000000e-99   5.747183e-100   9.776946e-100 
