# Battino yields
# Model: m3z2m2_hCBM
# Mini: 3.00
# Z: 2.00e-02
# Mfinal: 0.6478360286325447
# Mfinal (MESA): 0.7029053520111571
# Created by Daniel Boyea on 2024-12-10
isotope         wind_yield      initial_abundance wind_yield_mesaevo wind_yield_postmesa 
Neutron-1          2.352268e-99    1.000000e-99    2.297199e-99   5.506932e-101 
H-1                1.544776e+00    7.064434e-01    1.508902e+00    3.587358e-02 
H-2                5.952822e-06    1.370527e-05    5.824901e-06    1.279206e-07 
He-3               3.283014e-04    4.539991e-05    3.206486e-04    7.652794e-06 
He-4               7.126221e-01    2.734975e-01    6.958823e-01    1.673976e-02 
Be-7               1.303525e-10    1.000000e-99    1.267191e-10    3.633374e-12 
B-8                6.755779e-27    1.000000e-99    6.420232e-27    3.355476e-28 
Li-7               3.729734e-11    7.605094e-11    3.643358e-11    8.637528e-13 
C-11               2.570857e-26    1.000000e-99    2.482808e-26    8.804885e-28 
B-11               6.717525e-09    2.855891e-09    6.560253e-09    1.572720e-10 
C-12               3.623056e-02    3.424729e-03    3.523426e-02    9.963000e-04 
C-13               2.284104e-04    4.156115e-05    2.230900e-04    5.320394e-06 
N-13               9.821647e-19    1.000000e-99    9.292436e-19    5.292110e-20 
N-14               7.217114e-03    1.058808e-03    7.048741e-03    1.683730e-04 
C-14               7.139406e-08    1.000000e-99    6.929730e-08    2.096764e-09 
N-15               4.406939e-06    4.170720e-06    4.304988e-06    1.019505e-07 
O-16               3.378810e-02    9.624352e-03    3.292777e-02    8.603327e-04 
O-17               6.500696e-05    3.813070e-06    6.349007e-05    1.516884e-06 
O-18               3.477203e-05    2.171062e-05    3.396561e-05    8.064133e-07 
F-17               2.533612e-24    1.000000e-99    2.396736e-24    1.368763e-25 
F-18               3.039503e-26    1.000000e-99    2.875270e-26    1.642333e-27 
F-19               5.200376e-06    5.610951e-07    5.052444e-06    1.479320e-07 
Ne-20              4.309730e-03    1.817733e-03    4.208521e-03    1.012086e-04 
Ne-21              1.303341e-05    4.575277e-06    1.271508e-05    3.183281e-07 
Ne-22              2.987447e-03    1.470235e-04    2.900727e-03    8.671942e-05 
Na-22              4.518851e-16    1.000000e-99    4.376490e-16    1.423609e-17 
Na-23              1.568246e-04    3.999546e-05    1.529913e-04    3.833280e-06 
Mg-23              2.352268e-99    1.000000e-99    2.297199e-99   5.506932e-101 
Mg-24              1.399351e-03    5.862424e-04    1.366448e-03    3.290351e-05 
Mg-25              3.076491e-04    7.733092e-05    2.994723e-04    8.176859e-06 
Mg-26              4.787649e-04    8.848024e-05    4.653999e-04    1.336494e-05 
Al-26              1.866451e-07    1.000000e-99    1.817231e-07    4.922017e-09 
Al-27              1.571177e-04    6.481069e-05    1.534086e-04    3.709093e-06 
Si-27              2.352268e-99    1.000000e-99    2.297199e-99   5.506932e-101 
Si-28              1.751286e-03    7.452665e-04    1.710295e-03    4.099143e-05 
Si-29              9.402546e-05    3.919403e-05    9.181251e-05    2.212954e-06 
Si-30              6.947171e-05    2.672780e-05    6.780220e-05    1.669503e-06 
P-31               1.790307e-05    7.106317e-06    1.747555e-05    4.275206e-07 
S-31               2.352268e-99    1.000000e-99    2.297199e-99   5.506932e-101 
Be-8               2.352268e-99    1.000000e-99    2.297199e-99   5.506932e-101 
O-14               6.720748e-38    1.000000e-99    6.357400e-38    3.633478e-39 
O-15               3.780775e-24    1.000000e-99    3.595362e-24    1.854121e-25 
Na-21              4.716355e-30    1.000000e-99    4.461511e-30    2.548444e-31 
Al-25              5.430186e-79    1.000000e-99    5.136495e-79    2.936910e-80 
P-29               2.352268e-99    1.000000e-99    2.297199e-99   5.506932e-101 
P-30               2.352268e-99    1.000000e-99    2.297199e-99   5.506932e-101 
Pb-206             2.571957e-08    2.797732e-09    2.502862e-08    6.909455e-10 
Pb-207             2.212233e-08    3.089652e-09    2.153159e-08    5.907458e-10 
Bi-211             2.352268e-99    1.000000e-99    2.297199e-99   5.506932e-101 
Po-210             2.352268e-99    1.000000e-99    2.297199e-99   5.506932e-101 
F-20               2.352268e-99    1.000000e-99    2.297199e-99   5.506932e-101 
Ne-19              2.352268e-99    1.000000e-99    2.297199e-99   5.506932e-101 
Na-24              7.731605e-40    1.000000e-99    7.313696e-40    4.179087e-41 
Mg-27              1.418845e-96    1.000000e-99    1.342233e-96    7.661177e-98 
Mg-28              2.352268e-99    1.000000e-99    2.297199e-99   5.506932e-101 
Al-28              1.966435e-96    1.000000e-99    1.860233e-96    1.062021e-97 
Al-29              2.352268e-99    1.000000e-99    2.297199e-99   5.506932e-101 
Si-31              1.126196e-51    1.000000e-99    1.065300e-51    6.089537e-53 
Si-32              8.638810e-11    1.000000e-99    8.355227e-11    2.835834e-12 
P-32               1.961431e-14    1.000000e-99    1.897044e-14    6.438727e-16 
P-33               4.662856e-88    1.000000e-99    4.410846e-88    2.520101e-89 
P-34               2.352268e-99    1.000000e-99    2.297199e-99   5.506932e-101 
P-35               2.352268e-99    1.000000e-99    2.297199e-99   5.506932e-101 
S-32               9.373013e-04    4.010872e-04    9.153957e-04    2.190564e-05 
S-33               8.084313e-06    3.264811e-06    7.893073e-06    1.912408e-07 
S-34               4.614525e-05    1.890425e-05    4.505452e-05    1.090732e-06 
S-35               1.960479e-41    1.000000e-99    1.854497e-41    1.059814e-42 
S-36               3.966353e-07    8.072988e-08    3.860691e-07    1.056618e-08 
S-37               2.352268e-99    1.000000e-99    2.297199e-99   5.506932e-101 
S-38               2.352268e-99    1.000000e-99    2.297199e-99   5.506932e-101 
Cl-34              2.352268e-99    1.000000e-99    2.297199e-99   5.506932e-101 
Cl-35              1.582923e-05    6.821093e-06    1.545988e-05    3.693540e-07 
Cl-36              3.148339e-08    1.000000e-99    3.059677e-08    8.866181e-10 
Cl-37              6.574210e-06    2.305792e-06    6.413835e-06    1.603752e-07 
Cl-38              1.427761e-96    1.000000e-99    1.350668e-96    7.709366e-98 
Cl-39              2.352268e-99    1.000000e-99    2.297199e-99   5.506932e-101 
Cl-40              2.352268e-99    1.000000e-99    2.297199e-99   5.506932e-101 
Ar-35              2.352268e-99    1.000000e-99    2.297199e-99   5.506932e-101 
Ar-36              1.902460e-04    8.202156e-05    1.858078e-04    4.438189e-06 
Ar-37              5.213319e-10    1.000000e-99    5.053836e-10    1.594828e-11 
Ar-38              3.815102e-05    1.574147e-05    3.725109e-05    8.999368e-07 
Ar-39              6.759740e-08    1.000000e-99    6.553576e-08    2.061646e-09 
Ar-40              1.292848e-07    2.650196e-08    1.257820e-07    3.502781e-09 
Ar-41              2.352268e-99    1.000000e-99    2.297199e-99   5.506933e-101 
Ar-42              2.691589e-14    1.000000e-99    2.598457e-14    9.313185e-16 
Ar-43              2.352268e-99    1.000000e-99    2.297199e-99   5.506932e-101 
Ar-44              2.352268e-99    1.000000e-99    2.297199e-99   5.506932e-101 
K-38               2.352268e-99    1.000000e-99    2.297199e-99   5.506932e-101 
K-39               9.252879e-06    3.899726e-06    9.035738e-06    2.171411e-07 
K-40               5.326166e-08    5.005111e-10    5.172706e-08    1.534604e-09 
K-41               7.580931e-07    2.958666e-07    7.399937e-07    1.809932e-08 
K-42               1.177681e-18    1.000000e-99    1.136932e-18    4.074903e-20 
K-43               2.352268e-99    1.000000e-99    2.297199e-99   5.506932e-101 
K-44               2.352268e-99    1.000000e-99    2.297199e-99   5.506932e-101 
K-45               2.352268e-99    1.000000e-99    2.297199e-99   5.506932e-101 
K-46               2.352268e-99    1.000000e-99    2.297199e-99   5.506932e-101 
Ca-39              2.352268e-99    1.000000e-99    2.297199e-99   5.506932e-101 
Ca-40              1.681968e-04    7.225208e-05    1.642696e-04    3.927264e-06 
Ca-41              6.166449e-08    1.000000e-99    5.992903e-08    1.735458e-09 
Ca-42              1.306211e-06    5.063333e-07    1.274968e-06    3.124243e-08 
Ca-43              2.825870e-07    1.081646e-07    2.758005e-07    6.786447e-09 
Ca-44              4.057707e-06    1.710212e-06    3.962445e-06    9.526179e-08 
Ca-45              1.005502e-39    1.000000e-99    9.511530e-40    5.434921e-41 
Ca-46              1.363884e-08    3.428473e-09    1.327382e-08    3.650126e-10 
Ca-47              9.540260e-95    1.000000e-99    9.024658e-95    5.156021e-96 
Ca-48              3.926156e-07    1.672498e-07    3.834286e-07    9.187078e-09 
Ca-49              2.352268e-99    1.000000e-99    2.297199e-99   5.506932e-101 
Sc-43              2.352268e-99    1.000000e-99    2.297199e-99   5.506932e-101 
Sc-44              2.352268e-99    1.000000e-99    2.297199e-99   5.506932e-101 
Sc-45              1.505957e-07    5.413715e-08    1.469257e-07    3.670026e-09 
Sc-46              5.352334e-39    1.000000e-99    5.063035e-39    2.892994e-40 
Sc-47              2.250684e-96    1.000000e-99    2.129120e-96    1.215641e-97 
Sc-48              2.352268e-99    1.000000e-99    2.297199e-99   5.506932e-101 
Sc-49              2.352268e-99    1.000000e-99    2.297199e-99   5.506932e-101 
Sc-50              2.352268e-99    1.000000e-99    2.297199e-99   5.506932e-101 
Ti-44              9.805858e-23    1.000000e-99    9.518890e-23    2.869677e-24 
Ti-45              2.352268e-99    1.000000e-99    2.297199e-99   5.506932e-101 
Ti-46              7.719686e-07    3.231782e-07    7.538213e-07    1.814731e-08 
Ti-47              6.930755e-07    2.976998e-07    6.768782e-07    1.619736e-08 
Ti-48              6.932662e-06    3.013765e-06    6.771199e-06    1.614634e-07 
Ti-49              6.232599e-07    2.257335e-07    6.082031e-07    1.505678e-08 
Ti-50              6.695072e-07    2.208013e-07    6.529425e-07    1.656468e-08 
Ti-51              2.352268e-99    1.000000e-99    2.297199e-99   5.506932e-101 
Ti-52              2.352268e-99    1.000000e-99    2.297199e-99   5.506932e-101 
V-47               2.352268e-99    1.000000e-99    2.297199e-99   5.506932e-101 
V-48               2.352268e-99    1.000000e-99    2.297199e-99   5.506932e-101 
V-49               6.604670e-18    1.000000e-99    6.408760e-18    1.959103e-19 
V-50               2.319330e-09    1.015480e-09    2.265401e-09    5.392842e-11 
V-51               9.666357e-07    4.137779e-07    9.440471e-07    2.258857e-08 
V-52               2.352268e-99    1.000000e-99    2.297199e-99   5.506932e-101 
V-53               2.352268e-99    1.000000e-99    2.297199e-99   5.506932e-101 
Cr-48              2.352268e-99    1.000000e-99    2.297199e-99   5.506932e-101 
Cr-49              2.352268e-99    1.000000e-99    2.297199e-99   5.506932e-101 
Cr-50              1.887546e-06    8.265377e-07    1.843658e-06    4.388778e-08 
Cr-51              1.964972e-11    1.000000e-99    1.903916e-11    6.105667e-13 
Cr-52              3.858001e-05    1.657585e-05    3.767928e-05    9.007316e-07 
Cr-53              4.471165e-06    1.915622e-06    4.366699e-06    1.044661e-07 
Cr-54              1.528167e-06    4.857946e-07    1.490188e-06    3.797865e-08 
Cr-55              2.352268e-99    1.000000e-99    2.297199e-99   5.506932e-101 
Cr-56              2.352268e-99    1.000000e-99    2.297199e-99   5.506932e-101 
Mn-51              2.352268e-99    1.000000e-99    2.297199e-99   5.506932e-101 
Mn-52              2.352268e-99    1.000000e-99    2.297199e-99   5.506932e-101 
Mn-53              1.110340e-17    1.000000e-99    1.077576e-17    3.276418e-19 
Mn-54              4.845270e-18    1.000000e-99    4.700374e-18    1.448956e-19 
Mn-55              2.560741e-05    1.098109e-05    2.500989e-05    5.975219e-07 
Mn-56              7.046715e-60    1.000000e-99    6.665653e-60    3.810621e-61 
Mn-57              2.352268e-99    1.000000e-99    2.297199e-99   5.506932e-101 
Fe-52              2.352268e-99    1.000000e-99    2.297199e-99   5.506932e-101 
Fe-53              2.352268e-99    1.000000e-99    2.297199e-99   5.506932e-101 
Fe-54              1.860368e-04    8.118227e-05    1.817082e-04    4.328599e-06 
Fe-55              5.563759e-07    1.000000e-99    5.406594e-07    1.571648e-08 
Fe-56              3.066900e-03    1.321588e-03    2.995349e-03    7.155063e-05 
Fe-57              8.364524e-05    3.106624e-05    8.163540e-05    2.009838e-06 
Fe-58              3.055400e-05    4.206879e-06    2.972150e-05    8.325033e-07 
Fe-59              2.038927e-35    1.000000e-99    1.928750e-35    1.101774e-36 
Fe-60              6.130143e-07    1.000000e-99    5.935176e-07    1.949675e-08 
Fe-61              2.352268e-99    1.000000e-99    2.297199e-99   5.506932e-101 
Co-55              2.352268e-99    1.000000e-99    2.297199e-99   5.506932e-101 
Co-56              2.352268e-99    1.000000e-99    2.297199e-99   5.506932e-101 
Co-57              4.115954e-17    1.000000e-99    3.993429e-17    1.225254e-18 
Co-58              4.081121e-50    1.000000e-99    3.861094e-50    2.200266e-51 
Co-59              1.426880e-05    3.991489e-06    1.390500e-05    3.637975e-07 
Co-60              5.972226e-14    1.000000e-99    5.740756e-14    2.314707e-15 
Co-61              2.354795e-99    1.000000e-99    2.299589e-99   5.520588e-101 
Co-62              2.352268e-99    1.000000e-99    2.297199e-99   5.506932e-101 
Co-63              2.352268e-99    1.000000e-99    2.297199e-99   5.506932e-101 
Ni-56              2.352268e-99    1.000000e-99    2.297199e-99   5.506932e-101 
Ni-57              2.352268e-99    1.000000e-99    2.297199e-99   5.506932e-101 
Ni-58              1.309031e-04    5.710980e-05    1.278573e-04    3.045837e-06 
Ni-59              3.868358e-07    1.000000e-99    3.760691e-07    1.076678e-08 
Ni-60              5.645174e-05    2.275717e-05    5.511198e-05    1.339762e-06 
Ni-61              4.170993e-06    1.005726e-06    4.062049e-06    1.089442e-07 
Ni-62              1.135309e-05    3.259262e-06    1.106150e-05    2.915903e-07 
Ni-63              2.824305e-07    1.000000e-99    2.734936e-07    8.936933e-09 
Ni-64              4.244521e-06    8.568133e-07    4.126242e-06    1.182791e-07 
Ni-65              1.083930e-83    1.000000e-99    1.025349e-83    5.858135e-85 
Ni-66              2.352268e-99    1.000000e-99    2.297199e-99   5.506932e-101 
Ni-67              2.352268e-99    1.000000e-99    2.297199e-99   5.506932e-101 
Ni-68              2.352268e-99    1.000000e-99    2.297199e-99   5.506932e-101 
Cu-60              2.352268e-99    1.000000e-99    2.297199e-99   5.506932e-101 
Cu-61              2.352268e-99    1.000000e-99    2.297199e-99   5.506932e-101 
Cu-62              2.352268e-99    1.000000e-99    2.297199e-99   5.506932e-101 
Cu-63              2.568787e-06    6.600340e-07    2.501641e-06    6.714589e-08 
Cu-64              2.015293e-39    1.000000e-99    1.906364e-39    1.089291e-40 
Cu-65              1.416814e-06    3.034684e-07    1.377802e-06    3.901144e-08 
Cu-66              6.036349e-93    1.000000e-99    5.710118e-93    3.262308e-94 
Cu-67              2.352268e-99    1.000000e-99    2.297199e-99   5.506932e-101 
Cu-68              2.352268e-99    1.000000e-99    2.297199e-99   5.506932e-101 
Cu-69              2.352268e-99    1.000000e-99    2.297199e-99   5.506932e-101 
Cu-70              2.352268e-99    1.000000e-99    2.297199e-99   5.506932e-101 
Cu-71              2.352268e-99    1.000000e-99    2.297199e-99   5.506932e-101 
Zn-62              2.352268e-99    1.000000e-99    2.297199e-99   5.506932e-101 
Zn-63              2.352268e-99    1.000000e-99    2.297199e-99   5.506932e-101 
Zn-64              2.873911e-06    1.130751e-06    2.805108e-06    6.880343e-08 
Zn-65              3.846966e-09    1.000000e-99    3.725384e-09    1.215821e-10 
Zn-66              2.125929e-06    6.690076e-07    2.071355e-06    5.457407e-08 
Zn-67              3.537224e-07    9.980253e-08    3.443980e-07    9.324449e-09 
Zn-68              1.629895e-06    4.632262e-07    1.586643e-06    4.325237e-08 
Zn-69              2.883248e-84    1.000000e-99    2.727432e-84    1.558162e-85 
Zn-70              3.693736e-08    1.576786e-08    3.607019e-08    8.671627e-10 
Zn-71              2.352268e-99    1.000000e-99    2.297199e-99   5.506932e-101 
Zn-72              2.352268e-99    1.000000e-99    2.297199e-99   5.506932e-101 
Zn-73              2.352268e-99    1.000000e-99    2.297199e-99   5.506932e-101 
Zn-74              2.352268e-99    1.000000e-99    2.297199e-99   5.506932e-101 
Ga-65              2.352268e-99    1.000000e-99    2.297199e-99   5.506932e-101 
Ga-66              2.352268e-99    1.000000e-99    2.297199e-99   5.506932e-101 
Ga-67              2.352268e-99    1.000000e-99    2.297199e-99   5.506932e-101 
Ga-68              2.352268e-99    1.000000e-99    2.297199e-99   5.506932e-101 
Ga-69              1.805128e-07    4.550546e-08    1.755925e-07    4.920370e-09 
Ga-70              3.193893e-91    1.000000e-99    3.021282e-91    1.726105e-92 
Ga-71              1.193646e-07    3.107622e-08    1.161396e-07    3.225022e-09 
Ga-72              5.037128e-51    1.000000e-99    4.764761e-51    2.723663e-52 
Ga-73              2.352268e-99    1.000000e-99    2.297199e-99   5.506932e-101 
Ga-74              2.352268e-99    1.000000e-99    2.297199e-99   5.506932e-101 
Ga-75              2.352268e-99    1.000000e-99    2.297199e-99   5.506932e-101 
Ge-66              2.352268e-99    1.000000e-99    2.297199e-99   5.506932e-101 
Ge-67              2.352268e-99    1.000000e-99    2.297199e-99   5.506932e-101 
Ge-68              2.352268e-99    1.000000e-99    2.297199e-99   5.506932e-101 
Ge-69              2.352268e-99    1.000000e-99    2.297199e-99   5.506932e-101 
Ge-70              2.243683e-07    5.157185e-08    2.181373e-07    6.231022e-09 
Ge-71              5.611708e-39    1.000000e-99    5.308389e-39    3.033188e-40 
Ge-72              2.584747e-07    6.910333e-08    2.515033e-07    6.971401e-09 
Ge-73              7.368114e-08    1.954584e-08    7.168921e-08    1.991930e-09 
Ge-74              3.595181e-07    9.228454e-08    3.497405e-07    9.777608e-09 
Ge-75              3.571741e-87    1.000000e-99    3.378694e-87    1.930472e-88 
Ge-76              4.578047e-08    1.962921e-08    4.470728e-08    1.073188e-09 
Ge-77              2.352628e-99    1.000000e-99    2.297539e-99   5.508878e-101 
Ge-78              2.352268e-99    1.000000e-99    2.297199e-99   5.506932e-101 
As-69              2.352268e-99    1.000000e-99    2.297199e-99   5.506932e-101 
As-70              2.352268e-99    1.000000e-99    2.297199e-99   5.506932e-101 
As-71              2.352268e-99    1.000000e-99    2.297199e-99   5.506932e-101 
As-72              2.352268e-99    1.000000e-99    2.297199e-99   5.506932e-101 
As-73              2.352268e-99    1.000000e-99    2.297199e-99   5.506932e-101 
As-74              8.976418e-24    1.000000e-99    8.666829e-24    3.095895e-25 
As-75              4.741769e-08    1.430027e-08    4.617424e-08    1.243450e-09 
As-76              2.354253e-45    1.000000e-99    2.226967e-45    1.272859e-46 
As-77              4.897016e-99    1.000000e-99    4.704407e-99   1.926087e-100 
As-78              2.352268e-99    1.000000e-99    2.297199e-99   5.506932e-101 
As-79              2.352268e-99    1.000000e-99    2.297199e-99   5.506932e-101 
As-80              2.352268e-99    1.000000e-99    2.297199e-99   5.506932e-101 
As-81              2.352268e-99    1.000000e-99    2.297199e-99   5.506932e-101 
Se-72              2.352268e-99    1.000000e-99    2.297199e-99   5.506932e-101 
Se-73              2.352268e-99    1.000000e-99    2.297199e-99   5.506932e-101 
Se-74              2.721216e-09    1.197888e-09    2.658002e-09    6.321405e-11 
Se-75              2.352274e-99    1.000000e-99    2.297204e-99   5.506962e-101 
Se-76              6.143167e-08    1.296136e-08    5.970262e-08    1.729046e-09 
Se-77              3.668882e-08    1.070490e-08    3.572021e-08    9.686082e-10 
Se-78              1.499768e-07    3.376317e-08    1.458227e-07    4.154111e-09 
Se-79              1.274943e-08    1.000000e-99    1.233741e-08    4.120191e-10 
Se-80              2.318918e-07    7.226298e-08    2.259124e-07    5.979422e-09 
Se-81              1.358694e-96    1.000000e-99    1.285333e-96    7.336081e-98 
Se-82              3.030316e-08    1.303649e-08    2.959549e-08    7.076603e-10 
Se-83              2.352268e-99    1.000000e-99    2.297199e-99   5.506932e-101 
Se-84              2.352268e-99    1.000000e-99    2.297199e-99   5.506932e-101 
Br-74              2.352268e-99    1.000000e-99    2.297199e-99   5.506932e-101 
Br-75              2.352268e-99    1.000000e-99    2.297199e-99   5.506932e-101 
Br-76              2.352268e-99    1.000000e-99    2.297199e-99   5.506932e-101 
Br-77              2.352268e-99    1.000000e-99    2.297199e-99   5.506932e-101 
Br-78              2.352268e-99    1.000000e-99    2.297199e-99   5.506932e-101 
Br-79              3.383240e-08    1.389306e-08    3.302467e-08    8.077261e-10 
Br-80              2.035210e-96    1.000000e-99    1.925291e-96    1.099190e-97 
Br-81              4.316093e-08    1.385920e-08    4.205791e-08    1.103018e-09 
Br-82              5.032164e-51    1.000000e-99    4.760066e-51    2.720979e-52 
Br-83              2.352268e-99    1.000000e-99    2.297199e-99   5.506932e-101 
Br-84              2.352268e-99    1.000000e-99    2.297199e-99   5.506932e-101 
Br-85              2.352268e-99    1.000000e-99    2.297199e-99   5.506932e-101 
Br-86              2.352268e-99    1.000000e-99    2.297199e-99   5.506932e-101 
Br-87              2.352268e-99    1.000000e-99    2.297199e-99   5.506932e-101 
Kr-76              2.352268e-99    1.000000e-99    2.297199e-99   5.506932e-101 
Kr-77              2.352268e-99    1.000000e-99    2.297199e-99   5.506932e-101 
Kr-78              8.859338e-10    3.900193e-10    8.653537e-10    2.058014e-11 
Kr-79              2.352268e-99    1.000000e-99    2.297199e-99   5.506932e-101 
Kr-80              7.384970e-09    2.574713e-09    7.201158e-09    1.838121e-10 
Kr-81              6.907284e-10    1.000000e-99    6.699230e-10    2.080542e-11 
Kr-82              6.332981e-08    1.319540e-08    6.159592e-08    1.733889e-09 
Kr-83              4.238361e-08    1.324168e-08    4.130320e-08    1.080408e-09 
Kr-84              2.318446e-07    6.601984e-08    2.258414e-07    6.003286e-09 
Kr-85              1.774913e-12    1.000000e-99    1.709566e-12    6.534737e-14 
Kr-86              8.767896e-08    2.044383e-08    8.532834e-08    2.350616e-09 
Kr-87              2.352268e-99    1.000000e-99    2.297199e-99   5.506932e-101 
Kr-88              2.352268e-99    1.000000e-99    2.297199e-99   5.506932e-101 
Kr-89              2.352268e-99    1.000000e-99    2.297199e-99   5.506932e-101 
Kr-90              2.352268e-99    1.000000e-99    2.297199e-99   5.506932e-101 
Rb-79              2.352268e-99    1.000000e-99    2.297199e-99   5.506932e-101 
Rb-80              2.352268e-99    1.000000e-99    2.297199e-99   5.506932e-101 
Rb-81              2.352268e-99    1.000000e-99    2.297199e-99   5.506932e-101 
Rb-82              2.352268e-99    1.000000e-99    2.297199e-99   5.506932e-101 
Rb-83              2.352268e-99    1.000000e-99    2.297199e-99   5.506932e-101 
Rb-84              2.946727e-26    1.000000e-99    2.848890e-26    9.783692e-28 
Rb-85              5.120475e-08    1.282422e-08    4.984046e-08    1.364296e-09 
Rb-86              1.101542e-39    1.000000e-99    1.042001e-39    5.954041e-41 
Rb-87              3.126810e-08    5.062758e-09    3.037902e-08    8.890800e-10 
Rb-88              2.352268e-99    1.000000e-99    2.297199e-99   5.506932e-101 
Rb-89              2.352268e-99    1.000000e-99    2.297199e-99   5.506932e-101 
Rb-90              2.352268e-99    1.000000e-99    2.297199e-99   5.506932e-101 
Rb-91              2.352268e-99    1.000000e-99    2.297199e-99   5.506932e-101 
Sr-80              2.352268e-99    1.000000e-99    2.297199e-99   5.506932e-101 
Sr-81              2.352268e-99    1.000000e-99    2.297199e-99   5.506932e-101 
Sr-82              2.352268e-99    1.000000e-99    2.297199e-99   5.506932e-101 
Sr-83              2.352268e-99    1.000000e-99    2.297199e-99   5.506932e-101 
Sr-84              7.331612e-10    3.227999e-10    7.161301e-10    1.703106e-11 
Sr-85              2.352268e-99    1.000000e-99    2.297199e-99   5.506932e-101 
Sr-86              3.697146e-08    5.844553e-09    3.596153e-08    1.009929e-09 
Sr-87              2.540133e-08    4.443118e-09    2.471927e-08    6.820537e-10 
Sr-88              4.011378e-07    5.010796e-08    3.903129e-07    1.082490e-08 
Sr-89              3.707326e-41    1.000000e-99    3.506914e-41    2.004119e-42 
Sr-90              2.931542e-11    1.000000e-99    2.836242e-11    9.529983e-13 
Sr-91              2.352268e-99    1.000000e-99    2.297199e-99   5.506932e-101 
Sr-92              2.352268e-99    1.000000e-99    2.297199e-99   5.506932e-101 
Sr-93              2.352268e-99    1.000000e-99    2.297199e-99   5.506932e-101 
Sr-94              2.352268e-99    1.000000e-99    2.297199e-99   5.506932e-101 
Y-85               2.352268e-99    1.000000e-99    2.297199e-99   5.506932e-101 
Y-86               2.352268e-99    1.000000e-99    2.297199e-99   5.506932e-101 
Y-87               2.352268e-99    1.000000e-99    2.297199e-99   5.506932e-101 
Y-88               2.352268e-99    1.000000e-99    2.297199e-99   5.506932e-101 
Y-89               1.118902e-07    1.229343e-08    1.088504e-07    3.039746e-09 
Y-90               7.457786e-15    1.000000e-99    7.215345e-15    2.424409e-16 
Y-91               2.352268e-99    1.000000e-99    2.297199e-99   5.506932e-101 
Y-92               2.352268e-99    1.000000e-99    2.297199e-99   5.506932e-101 
Y-93               2.352268e-99    1.000000e-99    2.297199e-99   5.506932e-101 
Y-94               2.352268e-99    1.000000e-99    2.297199e-99   5.506932e-101 
Y-95               2.352268e-99    1.000000e-99    2.297199e-99   5.506932e-101 
Y-96               2.352268e-99    1.000000e-99    2.297199e-99   5.506932e-101 
Zr-86              2.352268e-99    1.000000e-99    2.297199e-99   5.506932e-101 
Zr-87              2.352268e-99    1.000000e-99    2.297199e-99   5.506932e-101 
Zr-88              2.352268e-99    1.000000e-99    2.297199e-99   5.506932e-101 
Zr-89              2.352268e-99    1.000000e-99    2.297199e-99   5.506932e-101 
Zr-90              1.169434e-07    1.534361e-08    1.138251e-07    3.118318e-09 
Zr-91              3.224635e-08    3.384023e-09    3.137255e-08    8.738078e-10 
Zr-92              5.171298e-08    5.226772e-09    5.030503e-08    1.407946e-09 
Zr-93              1.457326e-08    1.000000e-99    1.415857e-08    4.146876e-10 
Zr-94              6.183799e-08    5.413280e-09    6.015159e-08    1.686397e-09 
Zr-95              7.744063e-41    1.000000e-99    7.325435e-41    4.186278e-42 
Zr-96              6.949769e-09    8.903423e-10    6.751003e-09    1.987656e-10 
Zr-97              1.909344e-95    1.000000e-99    1.806165e-95    1.031785e-96 
Zr-98              2.352268e-99    1.000000e-99    2.297199e-99   5.506932e-101 
Nb-89              2.352268e-99    1.000000e-99    2.297199e-99   5.506932e-101 
Nb-90              2.352268e-99    1.000000e-99    2.297199e-99   5.506932e-101 
Nb-91              2.111801e-26    1.000000e-99    2.050314e-26    6.148714e-28 
Nb-92              2.352268e-99    1.000000e-99    2.297199e-99   5.506932e-101 
Nb-93              4.327622e-09    1.900054e-09    4.227062e-09    1.005601e-10 
Nb-94              1.128221e-13    1.000000e-99    1.098293e-13    2.992826e-15 
Nb-95              5.343376e-42    1.000000e-99    5.054508e-42    2.888675e-43 
Nb-96              2.352268e-99    1.000000e-99    2.297199e-99   5.506932e-101 
Nb-97              2.352268e-99    1.000000e-99    2.297199e-99   5.506932e-101 
Nb-98              2.352268e-99    1.000000e-99    2.297199e-99   5.506932e-101 
Nb-99              2.352268e-99    1.000000e-99    2.297199e-99   5.506932e-101 
Mo-90              2.352268e-99    1.000000e-99    2.297199e-99   5.506932e-101 
Mo-91              2.352268e-99    1.000000e-99    2.297199e-99   5.506932e-101 
Mo-92              2.307990e-09    1.012496e-09    2.254345e-09    5.364491e-11 
Mo-93              2.490027e-12    1.000000e-99    2.422635e-12    6.739221e-14 
Mo-94              1.558789e-09    6.447522e-10    1.522288e-09    3.650100e-11 
Mo-95              1.002891e-08    1.121895e-09    9.756212e-09    2.727005e-10 
Mo-96              1.518987e-08    1.187505e-09    1.477278e-08    4.170811e-10 
Mo-97              5.616678e-09    6.875272e-10    5.465293e-09    1.513851e-10 
Mo-98              1.758402e-08    1.754359e-09    1.710791e-08    4.761080e-10 
Mo-99              2.010011e-62    1.000000e-99    1.901317e-62    1.086945e-63 
Mo-100             2.709064e-09    7.146065e-10    2.639537e-09    6.952654e-11 
Mo-101             2.352268e-99    1.000000e-99    2.297199e-99   5.506932e-101 
Mo-102             2.352268e-99    1.000000e-99    2.297199e-99   5.506932e-101 
Tc-93              2.352268e-99    1.000000e-99    2.297199e-99   5.506932e-101 
Tc-94              2.352268e-99    1.000000e-99    2.297199e-99   5.506932e-101 
Tc-95              2.352268e-99    1.000000e-99    2.297199e-99   5.506932e-101 
Tc-96              2.352268e-99    1.000000e-99    2.297199e-99   5.506932e-101 
Tc-97              1.004777e-13    1.000000e-99    9.790010e-14    2.577555e-15 
Tc-98              3.365181e-14    1.000000e-99    3.279934e-14    8.524709e-16 
Tc-99              1.798211e-09    1.000000e-99    1.747488e-09    5.072302e-11 
Tc-100             2.352268e-99    1.000000e-99    2.297199e-99   5.506932e-101 
Tc-101             2.352268e-99    1.000000e-99    2.297199e-99   5.506932e-101 
Tc-102             2.352268e-99    1.000000e-99    2.297199e-99   5.506932e-101 
Tc-103             2.352268e-99    1.000000e-99    2.297199e-99   5.506932e-101 
Tc-104             2.352268e-99    1.000000e-99    2.297199e-99   5.506932e-101 
Tc-105             2.352268e-99    1.000000e-99    2.297199e-99   5.506932e-101 
Ru-94              2.352268e-99    1.000000e-99    2.297199e-99   5.506932e-101 
Ru-95              2.352268e-99    1.000000e-99    2.297199e-99   5.506932e-101 
Ru-96              6.647924e-10    2.925638e-10    6.493487e-10    1.544369e-11 
Ru-97              2.352268e-99    1.000000e-99    2.297199e-99   5.506932e-101 
Ru-98              2.296269e-10    1.007098e-10    2.242898e-10    5.337166e-12 
Ru-99              1.639372e-09    6.945400e-10    1.600982e-09    3.838935e-11 
Ru-100             7.900962e-09    6.927902e-10    7.686579e-09    2.143832e-10 
Ru-101             3.615398e-09    9.475089e-10    3.524148e-09    9.124992e-11 
Ru-102             1.325783e-08    1.769736e-09    1.290427e-08    3.535654e-10 
Ru-103             7.666951e-71    1.000000e-99    7.252315e-71    4.146356e-72 
Ru-104             3.237005e-09    1.064926e-09    3.157069e-09    7.993621e-11 
Ru-105             2.352555e-99    1.000000e-99    2.297470e-99   5.508484e-101 
Ru-106             6.840322e-50    1.000000e-99    6.471537e-50    3.687842e-51 
Rh-98              2.352268e-99    1.000000e-99    2.297199e-99   5.506932e-101 
Rh-99              2.352268e-99    1.000000e-99    2.297199e-99   5.506932e-101 
Rh-100             2.352268e-99    1.000000e-99    2.297199e-99   5.506932e-101 
Rh-101             2.352268e-99    1.000000e-99    2.297199e-99   5.506932e-101 
Rh-102             2.352268e-99    1.000000e-99    2.297199e-99   5.506932e-101 
Rh-103             4.051625e-09    1.054679e-09    3.949316e-09    1.023092e-10 
Rh-104             2.352268e-99    1.000000e-99    2.297199e-99   5.506932e-101 
Rh-105             3.939201e-99    1.000000e-99    3.798369e-99   1.408316e-100 
Rh-106             2.352268e-99    1.000000e-99    2.297199e-99   5.506932e-101 
Rh-107             2.352268e-99    1.000000e-99    2.297199e-99   5.506932e-101 
Rh-108             2.352268e-99    1.000000e-99    2.297199e-99   5.506932e-101 
Pd-99              2.352268e-99    1.000000e-99    2.297199e-99   5.506932e-101 
Pd-100             2.352268e-99    1.000000e-99    2.297199e-99   5.506932e-101 
Pd-101             2.352268e-99    1.000000e-99    2.297199e-99   5.506932e-101 
Pd-102             9.632680e-11    4.241146e-11    9.408916e-11    2.237635e-12 
Pd-103             2.352268e-99    1.000000e-99    2.297199e-99   5.506932e-101 
Pd-104             5.778292e-09    4.722820e-10    5.621127e-09    1.571656e-10 
Pd-105             3.478274e-09    9.557865e-10    3.390995e-09    8.727844e-11 
Pd-106             8.573797e-09    1.180942e-09    8.345608e-09    2.281885e-10 
Pd-107             1.153132e-09    1.000000e-99    1.120674e-09    3.245870e-11 
Pd-108             1.003981e-08    1.164921e-09    9.770528e-09    2.692797e-10 
Pd-109             3.455295e-87    1.000000e-99    3.268542e-87    1.867534e-88 
Pd-110             2.191543e-09    5.255369e-10    2.134899e-09    5.664469e-11 
Pd-111             2.352268e-99    1.000000e-99    2.297199e-99   5.506932e-101 
Pd-112             2.352268e-99    1.000000e-99    2.297199e-99   5.506932e-101 
Ag-101             2.352268e-99    1.000000e-99    2.297199e-99   5.506932e-101 
Ag-102             2.352268e-99    1.000000e-99    2.297199e-99   5.506932e-101 
Ag-103             2.352268e-99    1.000000e-99    2.297199e-99   5.506932e-101 
Ag-104             2.352268e-99    1.000000e-99    2.297199e-99   5.506932e-101 
Ag-105             2.352268e-99    1.000000e-99    2.297199e-99   5.506932e-101 
Ag-106             2.352268e-99    1.000000e-99    2.297199e-99   5.506932e-101 
Ag-107             1.780722e-09    7.840161e-10    1.739356e-09    4.136626e-11 
Ag-108             2.352268e-99    1.000000e-99    2.297199e-99   5.506932e-101 
Ag-109             3.830991e-09    7.419986e-10    3.731562e-09    9.942919e-11 
Ag-110             2.352268e-99    1.000000e-99    2.297199e-99   5.506932e-101 
Ag-111             2.352268e-99    1.000000e-99    2.297199e-99   5.506932e-101 
Ag-112             2.352268e-99    1.000000e-99    2.297199e-99   5.506932e-101 
Ag-113             2.352268e-99    1.000000e-99    2.297199e-99   5.506932e-101 
Cd-102             2.352268e-99    1.000000e-99    2.297199e-99   5.506932e-101 
Cd-103             2.352268e-99    1.000000e-99    2.297199e-99   5.506932e-101 
Cd-104             2.352268e-99    1.000000e-99    2.297199e-99   5.506932e-101 
Cd-105             2.352268e-99    1.000000e-99    2.297199e-99   5.506932e-101 
Cd-106             1.441474e-10    6.345981e-11    1.407988e-10    3.348521e-12 
Cd-107             2.352268e-99    1.000000e-99    2.297199e-99   5.506932e-101 
Cd-108             1.087338e-10    4.603590e-11    1.061964e-10    2.537379e-12 
Cd-109             9.387720e-32    1.000000e-99    8.881583e-32    5.061372e-33 
Cd-110             7.382863e-09    6.580184e-10    7.183198e-09    1.996648e-10 
Cd-111             3.675617e-09    6.804807e-10    3.579865e-09    9.575206e-11 
Cd-112             1.116807e-08    1.294369e-09    1.086877e-08    2.993011e-10 
Cd-113             3.904869e-09    6.613518e-10    3.802537e-09    1.023320e-10 
Cd-114             1.577552e-08    1.568640e-09    1.535018e-08    4.253398e-10 
Cd-115             2.403292e-41    1.000000e-99    2.273374e-41    1.299183e-42 
Cd-116             3.108686e-09    4.161239e-10    3.023123e-09    8.556278e-11 
Cd-117             2.352274e-99    1.000000e-99    2.297205e-99   5.506965e-101 
Cd-118             2.352268e-99    1.000000e-99    2.297199e-99   5.506932e-101 
In-106             2.352268e-99    1.000000e-99    2.297199e-99   5.506932e-101 
In-107             2.352268e-99    1.000000e-99    2.297199e-99   5.506932e-101 
In-108             2.352268e-99    1.000000e-99    2.297199e-99   5.506932e-101 
In-109             2.352268e-99    1.000000e-99    2.297199e-99   5.506932e-101 
In-110             2.352268e-99    1.000000e-99    2.297199e-99   5.506932e-101 
In-111             2.352268e-99    1.000000e-99    2.297199e-99   5.506932e-101 
In-112             2.352268e-99    1.000000e-99    2.297199e-99   5.506932e-101 
In-113             5.919981e-11    2.603851e-11    5.782445e-11    1.375360e-12 
In-114             2.352268e-99    1.000000e-99    2.297199e-99   5.506932e-101 
In-115             3.817188e-09    5.914896e-10    3.716534e-09    1.006540e-10 
In-116             2.352268e-99    1.000000e-99    2.297199e-99   5.506932e-101 
In-117             2.352268e-99    1.000000e-99    2.297199e-99   5.506932e-101 
In-118             2.352268e-99    1.000000e-99    2.297199e-99   5.506932e-101 
In-119             2.352268e-99    1.000000e-99    2.297199e-99   5.506932e-101 
Sn-108             2.352268e-99    1.000000e-99    2.297199e-99   5.506932e-101 
Sn-109             2.352268e-99    1.000000e-99    2.297199e-99   5.506932e-101 
Sn-110             2.352268e-99    1.000000e-99    2.297199e-99   5.506932e-101 
Sn-111             2.352268e-99    1.000000e-99    2.297199e-99   5.506932e-101 
Sn-112             2.774482e-10    1.221013e-10    2.710029e-10    6.445354e-12 
Sn-113             2.352268e-99    1.000000e-99    2.297199e-99   5.506932e-101 
Sn-114             1.927307e-10    8.434768e-11    1.882497e-10    4.480978e-12 
Sn-115             1.000275e-10    4.377039e-11    9.770173e-11    2.325782e-12 
Sn-116             1.943702e-08    1.893153e-09    1.891410e-08    5.229225e-10 
Sn-117             7.440045e-09    1.008332e-09    7.242213e-09    1.978316e-10 
Sn-118             3.251361e-08    3.209171e-09    3.163517e-08    8.784413e-10 
Sn-119             1.022246e-08    1.147018e-09    9.947780e-09    2.746759e-10 
Sn-120             4.959725e-08    4.391253e-09    4.824958e-08    1.347668e-09 
Sn-121             9.179180e-74    1.000000e-99    8.682762e-74    4.964183e-75 
Sn-122             6.638373e-09    6.340593e-10    6.449874e-09    1.884989e-10 
Sn-123             1.204688e-44    1.000000e-99    1.139555e-44    6.513314e-46 
Sn-124             1.911948e-09    8.059500e-10    1.866919e-09    4.502849e-11 
Sn-125             2.352268e-99    1.000000e-99    2.297199e-99   5.506932e-101 
Sn-126             7.919806e-14    1.000000e-99    7.653680e-14    2.661257e-15 
Sn-127             2.352268e-99    1.000000e-99    2.297199e-99   5.506932e-101 
Sn-128             2.352268e-99    1.000000e-99    2.297199e-99   5.506932e-101 
Sn-129             2.352268e-99    1.000000e-99    2.297199e-99   5.506932e-101 
Sn-130             2.352268e-99    1.000000e-99    2.297199e-99   5.506932e-101 
Sb-112             2.352268e-99    1.000000e-99    2.297199e-99   5.506932e-101 
Sb-113             2.352268e-99    1.000000e-99    2.297199e-99   5.506932e-101 
Sb-114             2.352268e-99    1.000000e-99    2.297199e-99   5.506932e-101 
Sb-115             2.352268e-99    1.000000e-99    2.297199e-99   5.506932e-101 
Sb-116             2.352268e-99    1.000000e-99    2.297199e-99   5.506932e-101 
Sb-117             2.352268e-99    1.000000e-99    2.297199e-99   5.506932e-101 
Sb-118             2.352268e-99    1.000000e-99    2.297199e-99   5.506932e-101 
Sb-119             2.352268e-99    1.000000e-99    2.297199e-99   5.506932e-101 
Sb-120             2.352268e-99    1.000000e-99    2.297199e-99   5.506932e-101 
Sb-121             4.624404e-09    6.317758e-10    4.501095e-09    1.233093e-10 
Sb-122             5.104600e-63    1.000000e-99    4.828560e-63    2.760392e-64 
Sb-123             1.914845e-09    4.802859e-10    1.865440e-09    4.940507e-11 
Sb-124             2.352268e-99    1.000000e-99    2.297199e-99   5.506932e-101 
Sb-125             6.313268e-23    1.000000e-99    6.031020e-23    2.822480e-24 
Sb-126             2.921026e-20    1.000000e-99    2.823569e-20    9.745719e-22 
Sb-127             2.352268e-99    1.000000e-99    2.297199e-99   5.506932e-101 
Sb-128             2.352268e-99    1.000000e-99    2.297199e-99   5.506932e-101 
Sb-129             2.352268e-99    1.000000e-99    2.297199e-99   5.506932e-101 
Sb-130             2.352268e-99    1.000000e-99    2.297199e-99   5.506932e-101 
Sb-131             2.352268e-99    1.000000e-99    2.297199e-99   5.506932e-101 
Sb-132             2.352268e-99    1.000000e-99    2.297199e-99   5.506932e-101 
Sb-133             2.352268e-99    1.000000e-99    2.297199e-99   5.506932e-101 
Te-114             2.352268e-99    1.000000e-99    2.297199e-99   5.506932e-101 
Te-115             2.352268e-99    1.000000e-99    2.297199e-99   5.506932e-101 
Te-116             2.352268e-99    1.000000e-99    2.297199e-99   5.506932e-101 
Te-117             2.352268e-99    1.000000e-99    2.297199e-99   5.506932e-101 
Te-118             2.352268e-99    1.000000e-99    2.297199e-99   5.506932e-101 
Te-119             2.352268e-99    1.000000e-99    2.297199e-99   5.506932e-101 
Te-120             3.697958e-11    1.628304e-11    3.612056e-11    8.590156e-13 
Te-121             2.352268e-99    1.000000e-99    2.297199e-99   5.506932e-101 
Te-122             5.731937e-09    4.488662e-10    5.575668e-09    1.562689e-10 
Te-123             1.958476e-09    1.578606e-10    1.905185e-09    5.329098e-11 
Te-124             1.145693e-08    8.440945e-10    1.114354e-08    3.133923e-10 
Te-125             6.007933e-09    1.261335e-09    5.852905e-09    1.550279e-10 
Te-126             2.577574e-08    3.375270e-09    2.508932e-08    6.864217e-10 
Te-127             1.890710e-88    1.000000e-99    1.788532e-88    1.021785e-89 
Te-128             1.541988e-08    5.732895e-09    1.504875e-08    3.711227e-10 
Te-129             2.352268e-99    1.000000e-99    2.297199e-99   5.506932e-101 
Te-130             1.436299e-08    6.210550e-09    1.402810e-08    3.348947e-10 
Te-131             2.352268e-99    1.000000e-99    2.297199e-99   5.506932e-101 
Te-132             2.352268e-99    1.000000e-99    2.297199e-99   5.506932e-101 
Te-133             2.352268e-99    1.000000e-99    2.297199e-99   5.506932e-101 
Te-134             2.352268e-99    1.000000e-99    2.297199e-99   5.506932e-101 
I-117              2.352268e-99    1.000000e-99    2.297199e-99   5.506932e-101 
I-118              2.352268e-99    1.000000e-99    2.297199e-99   5.506932e-101 
I-119              2.352268e-99    1.000000e-99    2.297199e-99   5.506932e-101 
I-120              2.352268e-99    1.000000e-99    2.297199e-99   5.506932e-101 
I-121              2.352268e-99    1.000000e-99    2.297199e-99   5.506932e-101 
I-122              2.352268e-99    1.000000e-99    2.297199e-99   5.506932e-101 
I-123              2.352268e-99    1.000000e-99    2.297199e-99   5.506932e-101 
I-124              2.352268e-99    1.000000e-99    2.297199e-99   5.506932e-101 
I-125              2.352268e-99    1.000000e-99    2.297199e-99   5.506932e-101 
I-126              2.352268e-99    1.000000e-99    2.297199e-99   5.506932e-101 
I-127              5.716684e-09    1.459105e-09    5.572259e-09    1.444242e-10 
I-128              2.352633e-99    1.000000e-99    2.297544e-99   5.508903e-101 
I-129              5.914009e-11    1.000000e-99    5.744773e-11    1.692361e-12 
I-130              2.352268e-99    1.000000e-99    2.297199e-99   5.506932e-101 
I-131              2.352268e-99    1.000000e-99    2.297199e-99   5.506932e-101 
I-132              2.352268e-99    1.000000e-99    2.297199e-99   5.506932e-101 
I-133              2.352268e-99    1.000000e-99    2.297199e-99   5.506932e-101 
I-134              2.352268e-99    1.000000e-99    2.297199e-99   5.506932e-101 
I-135              2.352268e-99    1.000000e-99    2.297199e-99   5.506932e-101 
Xe-118             2.352268e-99    1.000000e-99    2.297199e-99   5.506932e-101 
Xe-119             2.352268e-99    1.000000e-99    2.297199e-99   5.506932e-101 
Xe-120             2.352268e-99    1.000000e-99    2.297199e-99   5.506932e-101 
Xe-121             2.352268e-99    1.000000e-99    2.297199e-99   5.506932e-101 
Xe-122             2.352268e-99    1.000000e-99    2.297199e-99   5.506932e-101 
Xe-123             2.352268e-99    1.000000e-99    2.297199e-99   5.506932e-101 
Xe-124             5.017760e-11    2.209501e-11    4.901200e-11    1.165596e-12 
Xe-125             2.352268e-99    1.000000e-99    2.297199e-99   5.506932e-101 
Xe-126             4.428184e-11    1.949268e-11    4.325317e-11    1.028670e-12 
Xe-127             2.352268e-99    1.000000e-99    2.297199e-99   5.506932e-101 
Xe-128             6.483388e-09    3.942736e-10    6.305921e-09    1.774676e-10 
Xe-129             1.350233e-08    4.892977e-09    1.317710e-08    3.252244e-10 
Xe-130             1.383449e-08    7.865029e-10    1.345579e-08    3.787062e-10 
Xe-131             1.363673e-08    3.944670e-09    1.329779e-08    3.389383e-10 
Xe-132             3.572841e-08    4.806204e-09    3.478109e-08    9.473222e-10 
Xe-133             3.076160e-52    1.000000e-99    2.909827e-52    1.663334e-53 
Xe-134             7.896503e-09    1.787989e-09    7.686794e-09    2.097090e-10 
Xe-135             2.379444e-99    1.000000e-99    2.322905e-99   5.653807e-101 
Xe-136             3.505654e-09    1.478416e-09    3.423276e-09    8.237885e-11 
Xe-137             2.352268e-99    1.000000e-99    2.297199e-99   5.506932e-101 
Xe-138             2.352268e-99    1.000000e-99    2.297199e-99   5.506932e-101 
Cs-123             2.352268e-99    1.000000e-99    2.297199e-99   5.506932e-101 
Cs-124             2.352268e-99    1.000000e-99    2.297199e-99   5.506932e-101 
Cs-125             2.352268e-99    1.000000e-99    2.297199e-99   5.506932e-101 
Cs-126             2.352268e-99    1.000000e-99    2.297199e-99   5.506932e-101 
Cs-127             2.352268e-99    1.000000e-99    2.297199e-99   5.506932e-101 
Cs-128             2.352268e-99    1.000000e-99    2.297199e-99   5.506932e-101 
Cs-129             2.352268e-99    1.000000e-99    2.297199e-99   5.506932e-101 
Cs-130             2.352268e-99    1.000000e-99    2.297199e-99   5.506932e-101 
Cs-131             2.352268e-99    1.000000e-99    2.297199e-99   5.506932e-101 
Cs-132             2.352268e-99    1.000000e-99    2.297199e-99   5.506932e-101 
Cs-133             6.803242e-09    1.426049e-09    6.628165e-09    1.750764e-10 
Cs-134             9.329486e-25    1.000000e-99    8.890363e-25    4.391224e-26 
Cs-135             2.970097e-09    1.000000e-99    2.884568e-09    8.552930e-11 
Cs-136             6.519732e-52    1.000000e-99    6.167199e-52    3.525333e-53 
Cs-137             4.134984e-11    1.000000e-99    4.001209e-11    1.337746e-12 
Cs-138             2.352268e-99    1.000000e-99    2.297199e-99   5.506932e-101 
Cs-139             2.352268e-99    1.000000e-99    2.297199e-99   5.506932e-101 
Ba-124             2.352268e-99    1.000000e-99    2.297199e-99   5.506932e-101 
Ba-125             2.352268e-99    1.000000e-99    2.297199e-99   5.506932e-101 
Ba-126             2.352268e-99    1.000000e-99    2.297199e-99   5.506932e-101 
Ba-127             2.352268e-99    1.000000e-99    2.297199e-99   5.506932e-101 
Ba-128             2.352268e-99    1.000000e-99    2.297199e-99   5.506932e-101 
Ba-129             2.352268e-99    1.000000e-99    2.297199e-99   5.506932e-101 
Ba-130             4.120244e-11    1.814312e-11    4.024534e-11    9.571084e-13 
Ba-131             2.352268e-99    1.000000e-99    2.297199e-99   5.506932e-101 
Ba-132             4.002612e-11    1.762128e-11    3.909632e-11    9.297998e-13 
Ba-133             9.922346e-22    1.000000e-99    9.623403e-22    2.989427e-23 
Ba-134             8.551933e-09    4.272326e-10    8.318494e-09    2.334388e-10 
Ba-135             5.148450e-09    1.173907e-09    5.017759e-09    1.306908e-10 
Ba-136             2.753934e-08    1.408826e-09    2.678717e-08    7.521644e-10 
Ba-137             2.647794e-08    2.029834e-09    2.575525e-08    7.226852e-10 
Ba-138             2.573356e-07    1.305194e-08    2.502577e-07    7.077924e-09 
Ba-139             2.838524e-98    1.000000e-99    2.692309e-98    1.462148e-99 
Ba-140             2.352268e-99    1.000000e-99    2.297199e-99   5.506932e-101 
Ba-141             2.352268e-99    1.000000e-99    2.297199e-99   5.506932e-101 
Ba-142             2.352268e-99    1.000000e-99    2.297199e-99   5.506932e-101 
La-127             2.352268e-99    1.000000e-99    2.297199e-99   5.506932e-101 
La-128             2.352268e-99    1.000000e-99    2.297199e-99   5.506932e-101 
La-129             2.352268e-99    1.000000e-99    2.297199e-99   5.506932e-101 
La-130             2.352268e-99    1.000000e-99    2.297199e-99   5.506932e-101 
La-131             2.352268e-99    1.000000e-99    2.297199e-99   5.506932e-101 
La-132             2.352268e-99    1.000000e-99    2.297199e-99   5.506932e-101 
La-133             2.352268e-99    1.000000e-99    2.297199e-99   5.506932e-101 
La-134             2.352268e-99    1.000000e-99    2.297199e-99   5.506932e-101 
La-135             2.352268e-99    1.000000e-99    2.297199e-99   5.506932e-101 
La-136             2.352268e-99    1.000000e-99    2.297199e-99   5.506932e-101 
La-137             2.863620e-17    1.000000e-99    2.787358e-17    7.626186e-19 
La-138             3.624922e-12    1.604073e-12    3.540715e-12    8.420711e-14 
La-139             2.983858e-08    1.790218e-09    2.902066e-08    8.179180e-10 
La-140             2.597797e-84    1.000000e-99    2.457407e-84    1.403899e-85 
La-141             2.352268e-99    1.000000e-99    2.297199e-99   5.506932e-101 
La-142             2.352268e-99    1.000000e-99    2.297199e-99   5.506932e-101 
La-143             2.352268e-99    1.000000e-99    2.297199e-99   5.506932e-101 
Ce-130             2.352268e-99    1.000000e-99    2.297199e-99   5.506932e-101 
Ce-131             2.352268e-99    1.000000e-99    2.297199e-99   5.506932e-101 
Ce-132             2.352268e-99    1.000000e-99    2.297199e-99   5.506932e-101 
Ce-133             2.352268e-99    1.000000e-99    2.297199e-99   5.506932e-101 
Ce-134             2.352268e-99    1.000000e-99    2.297199e-99   5.506932e-101 
Ce-135             2.352268e-99    1.000000e-99    2.297199e-99   5.506932e-101 
Ce-136             1.903914e-11    8.381751e-12    1.859687e-11    4.422768e-13 
Ce-137             2.352268e-99    1.000000e-99    2.297199e-99   5.506932e-101 
Ce-138             2.610094e-11    1.147719e-11    2.549454e-11    6.063962e-13 
Ce-139             2.352268e-99    1.000000e-99    2.297199e-99   5.506932e-101 
Ce-140             7.153166e-08    4.103022e-09    6.958624e-08    1.945425e-09 
Ce-141             1.298469e-45    1.000000e-99    1.228265e-45    7.020349e-47 
Ce-142             3.681975e-09    5.229277e-10    3.579850e-09    1.021255e-10 
Ce-143             2.113130e-95    1.000000e-99    1.998938e-95    1.141917e-96 
Ce-144             3.202941e-94    1.000000e-99    3.030263e-94    1.726779e-95 
Ce-145             2.352268e-99    1.000000e-99    2.297199e-99   5.506932e-101 
Ce-146             2.352268e-99    1.000000e-99    2.297199e-99   5.506932e-101 
Pr-133             2.352268e-99    1.000000e-99    2.297199e-99   5.506932e-101 
Pr-134             2.352268e-99    1.000000e-99    2.297199e-99   5.506932e-101 
Pr-135             2.352268e-99    1.000000e-99    2.297199e-99   5.506932e-101 
Pr-136             2.352268e-99    1.000000e-99    2.297199e-99   5.506932e-101 
Pr-137             2.352268e-99    1.000000e-99    2.297199e-99   5.506932e-101 
Pr-138             2.352268e-99    1.000000e-99    2.297199e-99   5.506932e-101 
Pr-139             2.352268e-99    1.000000e-99    2.297199e-99   5.506932e-101 
Pr-140             2.352268e-99    1.000000e-99    2.297199e-99   5.506932e-101 
Pr-141             8.133778e-09    6.910381e-10    7.913616e-09    2.201619e-10 
Pr-142             4.079822e-85    1.000000e-99    3.859346e-85    2.204767e-86 
Pr-143             2.399028e-92    1.000000e-99    2.269367e-92    1.296609e-93 
Pr-144             2.352268e-99    1.000000e-99    2.297199e-99   5.506932e-101 
Pr-145             2.352268e-99    1.000000e-99    2.297199e-99   5.506932e-101 
Pr-146             2.352268e-99    1.000000e-99    2.297199e-99   5.506932e-101 
Pr-147             2.352268e-99    1.000000e-99    2.297199e-99   5.506932e-101 
Pr-148             2.352268e-99    1.000000e-99    2.297199e-99   5.506932e-101 
Pr-149             2.352268e-99    1.000000e-99    2.297199e-99   5.506932e-101 
Nd-134             2.352268e-99    1.000000e-99    2.297199e-99   5.506932e-101 
Nd-135             2.352268e-99    1.000000e-99    2.297199e-99   5.506932e-101 
Nd-136             2.352268e-99    1.000000e-99    2.297199e-99   5.506932e-101 
Nd-137             2.352268e-99    1.000000e-99    2.297199e-99   5.506932e-101 
Nd-138             2.352268e-99    1.000000e-99    2.297199e-99   5.506932e-101 
Nd-139             2.352268e-99    1.000000e-99    2.297199e-99   5.506932e-101 
Nd-140             2.352268e-99    1.000000e-99    2.297199e-99   5.506932e-101 
Nd-141             2.352268e-99    1.000000e-99    2.297199e-99   5.506932e-101 
Nd-142             1.661047e-08    9.919756e-10    1.616148e-08    4.489926e-10 
Nd-143             3.497889e-09    4.483556e-10    3.404938e-09    9.295099e-11 
Nd-144             9.873844e-09    8.826112e-10    9.606520e-09    2.673238e-10 
Nd-145             2.171441e-09    3.095487e-10    2.113891e-09    5.755008e-11 
Nd-146             8.294212e-09    6.447718e-10    8.068498e-09    2.257145e-10 
Nd-147             9.930922e-61    1.000000e-99    9.393892e-61    5.370302e-62 
Nd-148             1.645672e-09    2.185025e-10    1.601110e-09    4.456204e-11 
Nd-149             2.352269e-99    1.000000e-99    2.297200e-99   5.506937e-101 
Nd-150             5.093342e-10    2.168256e-10    4.973918e-10    1.194243e-11 
Nd-151             2.352268e-99    1.000000e-99    2.297199e-99   5.506932e-101 
Nd-152             2.352268e-99    1.000000e-99    2.297199e-99   5.506932e-101 
Pm-137             2.352268e-99    1.000000e-99    2.297199e-99   5.506932e-101 
Pm-138             2.352268e-99    1.000000e-99    2.297199e-99   5.506932e-101 
Pm-139             2.352268e-99    1.000000e-99    2.297199e-99   5.506932e-101 
Pm-140             2.352268e-99    1.000000e-99    2.297199e-99   5.506932e-101 
Pm-141             2.352268e-99    1.000000e-99    2.297199e-99   5.506932e-101 
Pm-142             2.352268e-99    1.000000e-99    2.297199e-99   5.506932e-101 
Pm-143             2.352268e-99    1.000000e-99    2.297199e-99   5.506932e-101 
Pm-144             2.352268e-99    1.000000e-99    2.297199e-99   5.506932e-101 
Pm-145             4.548553e-17    1.000000e-99    4.411735e-17    1.368176e-18 
Pm-146             8.444377e-27    1.000000e-99    8.192114e-27    2.522633e-28 
Pm-147             5.887386e-22    1.000000e-99    5.596148e-22    2.912378e-23 
Pm-148             2.352268e-99    1.000000e-99    2.297199e-99   5.506932e-101 
Pm-149             2.358136e-99    1.000000e-99    2.302749e-99   5.538644e-101 
Pm-150             2.352268e-99    1.000000e-99    2.297199e-99   5.506932e-101 
Pm-151             2.352268e-99    1.000000e-99    2.297199e-99   5.506932e-101 
Pm-152             2.352268e-99    1.000000e-99    2.297199e-99   5.506932e-101 
Pm-153             2.352268e-99    1.000000e-99    2.297199e-99   5.506932e-101 
Pm-154             2.352268e-99    1.000000e-99    2.297199e-99   5.506932e-101 
Sm-140             2.352268e-99    1.000000e-99    2.297199e-99   5.506932e-101 
Sm-141             2.352268e-99    1.000000e-99    2.297199e-99   5.506932e-101 
Sm-142             2.352268e-99    1.000000e-99    2.297199e-99   5.506932e-101 
Sm-143             2.352268e-99    1.000000e-99    2.297199e-99   5.506932e-101 
Sm-144             8.388891e-11    3.683532e-11    8.193941e-11    1.949505e-12 
Sm-145             2.352268e-99    1.000000e-99    2.297199e-99   5.506932e-101 
Sm-146             8.800130e-14    1.000000e-99    8.562842e-14    2.372879e-15 
Sm-147             1.213607e-09    1.834427e-10    1.181540e-09    3.206701e-11 
Sm-148             1.696642e-09    1.384631e-10    1.650928e-09    4.571456e-11 
Sm-149             6.920150e-10    1.713731e-10    6.744638e-10    1.755126e-11 
Sm-150             1.543742e-09    9.213125e-11    1.501453e-09    4.228914e-11 
Sm-151             2.474820e-11    1.000000e-99    2.403544e-11    7.127557e-13 
Sm-152             1.938708e-09    3.383156e-10    1.888024e-09    5.068364e-11 
Sm-153             1.083872e-86    1.000000e-99    1.025295e-86    5.857727e-88 
Sm-154             1.145378e-09    2.916240e-10    1.116183e-09    2.919409e-11 
Sm-155             2.352268e-99    1.000000e-99    2.297199e-99   5.506932e-101 
Sm-156             2.352268e-99    1.000000e-99    2.297199e-99   5.506932e-101 
Sm-157             2.352268e-99    1.000000e-99    2.297199e-99   5.506932e-101 
Sm-158             2.352268e-99    1.000000e-99    2.297199e-99   5.506932e-101 
Eu-143             2.352268e-99    1.000000e-99    2.297199e-99   5.506932e-101 
Eu-144             2.352268e-99    1.000000e-99    2.297199e-99   5.506932e-101 
Eu-145             2.352268e-99    1.000000e-99    2.297199e-99   5.506932e-101 
Eu-146             2.352268e-99    1.000000e-99    2.297199e-99   5.506932e-101 
Eu-147             2.352268e-99    1.000000e-99    2.297199e-99   5.506932e-101 
Eu-148             2.352268e-99    1.000000e-99    2.297199e-99   5.506932e-101 
Eu-149             2.352268e-99    1.000000e-99    2.297199e-99   5.506932e-101 
Eu-150             2.352268e-99    1.000000e-99    2.297199e-99   5.506932e-101 
Eu-151             6.334289e-10    2.036004e-10    6.179061e-10    1.552282e-11 
Eu-152             8.657467e-18    1.000000e-99    8.384606e-18    2.728602e-19 
Eu-153             7.398156e-10    2.251965e-10    7.215232e-10    1.829236e-11 
Eu-154             9.869798e-17    1.000000e-99    9.537713e-17    3.320851e-18 
Eu-155             1.540530e-18    1.000000e-99    1.482641e-18    5.788863e-20 
Eu-156             2.352268e-99    1.000000e-99    2.297199e-99   5.506932e-101 
Eu-157             2.352268e-99    1.000000e-99    2.297199e-99   5.506932e-101 
Eu-158             2.352268e-99    1.000000e-99    2.297199e-99   5.506932e-101 
Eu-159             2.352268e-99    1.000000e-99    2.297199e-99   5.506932e-101 
Gd-144             2.352268e-99    1.000000e-99    2.297199e-99   5.506932e-101 
Gd-145             2.352268e-99    1.000000e-99    2.297199e-99   5.506932e-101 
Gd-146             2.352268e-99    1.000000e-99    2.297199e-99   5.506932e-101 
Gd-147             2.352268e-99    1.000000e-99    2.297199e-99   5.506932e-101 
Gd-148             2.352268e-99    1.000000e-99    2.297199e-99   5.506932e-101 
Gd-149             2.352268e-99    1.000000e-99    2.297199e-99   5.506932e-101 
Gd-150             2.352268e-99    1.000000e-99    2.297199e-99   5.506932e-101 
Gd-151             2.352268e-99    1.000000e-99    2.297199e-99   5.506932e-101 
Gd-152             3.022429e-11    2.947193e-12    2.940514e-11    8.191495e-13 
Gd-153             1.520751e-46    1.000000e-99    1.438530e-46    8.222150e-48 
Gd-154             5.347350e-10    3.209515e-11    5.201068e-10    1.462822e-11 
Gd-155             7.804122e-10    2.192151e-10    7.608830e-10    1.952924e-11 
Gd-156             1.674991e-09    3.051047e-10    1.631249e-09    4.374272e-11 
Gd-157             9.855665e-10    2.348264e-10    9.604420e-10    2.512450e-11 
Gd-158             2.573322e-09    3.749720e-10    2.505038e-09    6.828385e-11 
Gd-159             3.819884e-90    1.000000e-99    3.613448e-90    2.064359e-91 
Gd-160             1.102239e-09    3.342894e-10    1.074718e-09    2.752066e-11 
Gd-161             2.352268e-99    1.000000e-99    2.297199e-99   5.506932e-101 
Gd-162             2.352268e-99    1.000000e-99    2.297199e-99   5.506932e-101 
Tb-147             2.352268e-99    1.000000e-99    2.297199e-99   5.506932e-101 
Tb-148             2.352268e-99    1.000000e-99    2.297199e-99   5.506932e-101 
Tb-149             2.352268e-99    1.000000e-99    2.297199e-99   5.506932e-101 
Tb-150             2.352268e-99    1.000000e-99    2.297199e-99   5.506932e-101 
Tb-151             2.352268e-99    1.000000e-99    2.297199e-99   5.506932e-101 
Tb-152             2.352268e-99    1.000000e-99    2.297199e-99   5.506932e-101 
Tb-153             2.352268e-99    1.000000e-99    2.297199e-99   5.506932e-101 
Tb-154             2.352268e-99    1.000000e-99    2.297199e-99   5.506932e-101 
Tb-155             2.352268e-99    1.000000e-99    2.297199e-99   5.506932e-101 
Tb-156             2.352268e-99    1.000000e-99    2.297199e-99   5.506932e-101 
Tb-157             2.652379e-13    1.000000e-99    2.575308e-13    7.707053e-15 
Tb-158             6.123029e-14    1.000000e-99    5.947228e-14    1.758014e-15 
Tb-159             1.008780e-09    2.764904e-10    9.834579e-10    2.532161e-11 
Tb-160             2.290465e-36    1.000000e-99    2.166704e-36    1.237618e-37 
Tb-161             2.352268e-99    1.000000e-99    2.297199e-99   5.506932e-101 
Tb-162             2.352268e-99    1.000000e-99    2.297199e-99   5.506932e-101 
Tb-163             2.352268e-99    1.000000e-99    2.297199e-99   5.506932e-101 
Tb-164             2.352268e-99    1.000000e-99    2.297199e-99   5.506932e-101 
Tb-165             2.352268e-99    1.000000e-99    2.297199e-99   5.506932e-101 
Dy-148             2.352268e-99    1.000000e-99    2.297199e-99   5.506932e-101 
Dy-149             2.352268e-99    1.000000e-99    2.297199e-99   5.506932e-101 
Dy-150             2.352268e-99    1.000000e-99    2.297199e-99   5.506932e-101 
Dy-151             2.352268e-99    1.000000e-99    2.297199e-99   5.506932e-101 
Dy-152             2.352268e-99    1.000000e-99    2.297199e-99   5.506932e-101 
Dy-153             2.352268e-99    1.000000e-99    2.297199e-99   5.506932e-101 
Dy-154             2.352268e-99    1.000000e-99    2.297199e-99   5.506932e-101 
Dy-155             2.352268e-99    1.000000e-99    2.297199e-99   5.506932e-101 
Dy-156             2.279289e-12    1.003681e-12    2.226342e-12    5.294649e-14 
Dy-157             2.352268e-99    1.000000e-99    2.297199e-99   5.506932e-101 
Dy-158             4.018098e-12    1.742654e-12    3.924442e-12    9.365568e-14 
Dy-159             2.379070e-99    1.000000e-99    2.322552e-99   5.651789e-101 
Dy-160             6.606847e-10    4.301488e-11    6.425736e-10    1.811110e-11 
Dy-161             1.110007e-09    3.497843e-10    1.082638e-09    2.736895e-11 
Dy-162             2.335931e-09    4.747974e-10    2.275403e-09    6.052817e-11 
Dy-163             1.324338e-09    4.663048e-10    1.292289e-09    3.204859e-11 
Dy-164             3.066636e-09    5.311557e-10    2.986287e-09    8.034894e-11 
Dy-165             2.379281e-99    1.000000e-99    2.322752e-99   5.652929e-101 
Dy-166             2.352268e-99    1.000000e-99    2.297199e-99   5.506932e-101 
Dy-167             2.352268e-99    1.000000e-99    2.297199e-99   5.506932e-101 
Dy-168             2.352268e-99    1.000000e-99    2.297199e-99   5.506932e-101 
Ho-153             2.352268e-99    1.000000e-99    2.297199e-99   5.506932e-101 
Ho-154             2.352268e-99    1.000000e-99    2.297199e-99   5.506932e-101 
Ho-155             2.352268e-99    1.000000e-99    2.297199e-99   5.506932e-101 
Ho-156             2.352268e-99    1.000000e-99    2.297199e-99   5.506932e-101 
Ho-157             2.352268e-99    1.000000e-99    2.297199e-99   5.506932e-101 
Ho-158             2.352268e-99    1.000000e-99    2.297199e-99   5.506932e-101 
Ho-159             2.352268e-99    1.000000e-99    2.297199e-99   5.506932e-101 
Ho-160             2.352268e-99    1.000000e-99    2.297199e-99   5.506932e-101 
Ho-161             2.352268e-99    1.000000e-99    2.297199e-99   5.506932e-101 
Ho-162             2.352268e-99    1.000000e-99    2.297199e-99   5.506932e-101 
Ho-163             1.295953e-10    1.000000e-99    1.259003e-10    3.695058e-12 
Ho-164             2.352268e-99    1.000000e-99    2.297199e-99   5.506932e-101 
Ho-165             1.482175e-09    4.243917e-10    1.445199e-09    3.697592e-11 
Ho-166             6.219847e-82    1.000000e-99    5.883722e-82    3.361248e-83 
Ho-167             2.352268e-99    1.000000e-99    2.297199e-99   5.506932e-101 
Ho-168             2.352268e-99    1.000000e-99    2.297199e-99   5.506932e-101 
Ho-169             2.352268e-99    1.000000e-99    2.297199e-99   5.506932e-101 
Er-154             2.352268e-99    1.000000e-99    2.297199e-99   5.506932e-101 
Er-155             2.352268e-99    1.000000e-99    2.297199e-99   5.506932e-101 
Er-156             2.352268e-99    1.000000e-99    2.297199e-99   5.506932e-101 
Er-157             2.352268e-99    1.000000e-99    2.297199e-99   5.506932e-101 
Er-158             2.352268e-99    1.000000e-99    2.297199e-99   5.506932e-101 
Er-159             2.352268e-99    1.000000e-99    2.297199e-99   5.506932e-101 
Er-160             2.352268e-99    1.000000e-99    2.297199e-99   5.506932e-101 
Er-161             2.352268e-99    1.000000e-99    2.297199e-99   5.506932e-101 
Er-162             3.653611e-12    1.608861e-12    3.568739e-12    8.487115e-14 
Er-163             2.352268e-99    1.000000e-99    2.297199e-99   5.506932e-101 
Er-164             2.936508e-10    1.912858e-11    2.855812e-10    8.069645e-12 
Er-165             1.369955e-93    1.000000e-99    1.295919e-93    7.403586e-95 
Er-166             1.729616e-09    4.044450e-10    1.685511e-09    4.410482e-11 
Er-167             1.010219e-09    2.775897e-10    9.849030e-10    2.531565e-11 
Er-168             2.296706e-09    3.262608e-10    2.235869e-09    6.083696e-11 
Er-169             2.265308e-71    1.000000e-99    2.142798e-71    1.225099e-72 
Er-170             1.242666e-09    1.839889e-10    1.209452e-09    3.321417e-11 
Er-171             4.275822e-99    1.000000e-99    4.116791e-99   1.590311e-100 
Er-172             2.352268e-99    1.000000e-99    2.297199e-99   5.506932e-101 
Er-173             2.352268e-99    1.000000e-99    2.297199e-99   5.506932e-101 
Er-174             2.352268e-99    1.000000e-99    2.297199e-99   5.506932e-101 
Er-175             2.352268e-99    1.000000e-99    2.297199e-99   5.506932e-101 
Tm-159             2.352268e-99    1.000000e-99    2.297199e-99   5.506932e-101 
Tm-160             2.352268e-99    1.000000e-99    2.297199e-99   5.506932e-101 
Tm-161             2.352268e-99    1.000000e-99    2.297199e-99   5.506932e-101 
Tm-162             2.352268e-99    1.000000e-99    2.297199e-99   5.506932e-101 
Tm-163             2.352268e-99    1.000000e-99    2.297199e-99   5.506932e-101 
Tm-164             2.352268e-99    1.000000e-99    2.297199e-99   5.506932e-101 
Tm-165             2.352268e-99    1.000000e-99    2.297199e-99   5.506932e-101 
Tm-166             2.352268e-99    1.000000e-99    2.297199e-99   5.506932e-101 
Tm-167             2.352268e-99    1.000000e-99    2.297199e-99   5.506932e-101 
Tm-168             2.352268e-99    1.000000e-99    2.297199e-99   5.506932e-101 
Tm-169             7.441056e-10    1.854256e-10    7.252507e-10    1.885497e-11 
Tm-170             1.095495e-41    1.000000e-99    1.036273e-41    5.922175e-43 
Tm-171             1.074884e-26    1.000000e-99    1.022951e-26    5.193239e-28 
Tm-172             2.352268e-99    1.000000e-99    2.297199e-99   5.506932e-101 
Tm-173             2.352268e-99    1.000000e-99    2.297199e-99   5.506932e-101 
Tm-174             2.352268e-99    1.000000e-99    2.297199e-99   5.506932e-101 
Tm-175             2.352268e-99    1.000000e-99    2.297199e-99   5.506932e-101 
Tm-176             2.352268e-99    1.000000e-99    2.297199e-99   5.506932e-101 
Yb-160             2.352268e-99    1.000000e-99    2.297199e-99   5.506932e-101 
Yb-161             2.352268e-99    1.000000e-99    2.297199e-99   5.506932e-101 
Yb-162             2.352268e-99    1.000000e-99    2.297199e-99   5.506932e-101 
Yb-163             2.352268e-99    1.000000e-99    2.297199e-99   5.506932e-101 
Yb-164             2.352268e-99    1.000000e-99    2.297199e-99   5.506932e-101 
Yb-165             2.352268e-99    1.000000e-99    2.297199e-99   5.506932e-101 
Yb-166             2.352268e-99    1.000000e-99    2.297199e-99   5.506932e-101 
Yb-167             2.352268e-99    1.000000e-99    2.297199e-99   5.506932e-101 
Yb-168             3.595341e-12    1.583199e-12    3.511823e-12    8.351758e-14 
Yb-169             2.352268e-99    1.000000e-99    2.297199e-99   5.506932e-101 
Yb-170             5.217832e-10    3.746325e-11    5.075968e-10    1.418642e-11 
Yb-171             1.087299e-09    1.770138e-10    1.058678e-09    2.862189e-11 
Yb-172             2.201033e-09    2.721856e-10    2.142300e-09    5.873231e-11 
Yb-173             1.234510e-09    2.022849e-10    1.202098e-09    3.241117e-11 
Yb-174             4.396414e-09    4.014845e-10    4.277719e-09    1.186958e-10 
Yb-175             2.478612e-84    1.000000e-99    2.344663e-84    1.339488e-85 
Yb-176             1.723775e-09    1.627969e-10    1.677172e-09    4.660373e-11 
Yb-177             2.352268e-99    1.000000e-99    2.297199e-99   5.506933e-101 
Yb-178             2.352268e-99    1.000000e-99    2.297199e-99   5.506932e-101 
Yb-179             2.352268e-99    1.000000e-99    2.297199e-99   5.506932e-101 
Yb-180             2.352268e-99    1.000000e-99    2.297199e-99   5.506932e-101 
Lu-165             2.352268e-99    1.000000e-99    2.297199e-99   5.506932e-101 
Lu-166             2.352268e-99    1.000000e-99    2.297199e-99   5.506932e-101 
Lu-167             2.352268e-99    1.000000e-99    2.297199e-99   5.506932e-101 
Lu-168             2.352268e-99    1.000000e-99    2.297199e-99   5.506932e-101 
Lu-169             2.352268e-99    1.000000e-99    2.297199e-99   5.506932e-101 
Lu-170             2.352268e-99    1.000000e-99    2.297199e-99   5.506932e-101 
Lu-171             2.352268e-99    1.000000e-99    2.297199e-99   5.506932e-101 
Lu-172             2.352268e-99    1.000000e-99    2.297199e-99   5.506932e-101 
Lu-173             2.352268e-99    1.000000e-99    2.297199e-99   5.506932e-101 
Lu-174             2.352268e-99    1.000000e-99    2.297199e-99   5.506932e-101 
Lu-175             9.073357e-10    1.827895e-10    8.839135e-10    2.342218e-11 
Lu-176             2.426474e-10    4.876274e-12    2.359140e-10    6.733403e-12 
Lu-177             1.240069e-83    1.000000e-99    1.173045e-83    6.702392e-85 
Lu-178             2.352268e-99    1.000000e-99    2.297199e-99   5.506932e-101 
Lu-179             2.352268e-99    1.000000e-99    2.297199e-99   5.506932e-101 
Lu-180             2.352268e-99    1.000000e-99    2.297199e-99   5.506932e-101 
Lu-181             2.352268e-99    1.000000e-99    2.297199e-99   5.506932e-101 
Lu-182             2.352268e-99    1.000000e-99    2.297199e-99   5.506932e-101 
Hf-166             2.352268e-99    1.000000e-99    2.297199e-99   5.506932e-101 
Hf-167             2.352268e-99    1.000000e-99    2.297199e-99   5.506932e-101 
Hf-168             2.352268e-99    1.000000e-99    2.297199e-99   5.506932e-101 
Hf-169             2.352268e-99    1.000000e-99    2.297199e-99   5.506932e-101 
Hf-170             2.352268e-99    1.000000e-99    2.297199e-99   5.506932e-101 
Hf-171             2.352268e-99    1.000000e-99    2.297199e-99   5.506932e-101 
Hf-172             2.352268e-99    1.000000e-99    2.297199e-99   5.506932e-101 
Hf-173             2.352268e-99    1.000000e-99    2.297199e-99   5.506932e-101 
Hf-174             2.796104e-12    1.231253e-12    2.731152e-12    6.495180e-14 
Hf-175             2.352268e-99    1.000000e-99    2.297199e-99   5.506932e-101 
Hf-176             2.310939e-10    4.036188e-11    2.250708e-10    6.023071e-12 
Hf-177             7.710599e-10    1.437825e-10    7.510267e-10    2.003326e-11 
Hf-178             2.377156e-09    2.121343e-10    2.312948e-09    6.420824e-11 
Hf-179             9.040839e-10    1.065106e-10    8.799441e-10    2.413979e-11 
Hf-180             4.193482e-09    2.758446e-10    4.079318e-09    1.141641e-10 
Hf-181             8.589062e-46    1.000000e-99    8.124683e-46    4.643795e-47 
Hf-182             2.034170e-10    1.000000e-99    1.975525e-10    5.864513e-12 
Hf-183             2.352268e-99    1.000000e-99    2.297199e-99   5.506932e-101 
Hf-184             2.352268e-99    1.000000e-99    2.297199e-99   5.506932e-101 
Hf-185             2.352268e-99    1.000000e-99    2.297199e-99   5.506932e-101 
Ta-169             2.352268e-99    1.000000e-99    2.297199e-99   5.506932e-101 
Ta-170             2.352268e-99    1.000000e-99    2.297199e-99   5.506932e-101 
Ta-171             2.352268e-99    1.000000e-99    2.297199e-99   5.506932e-101 
Ta-172             2.352268e-99    1.000000e-99    2.297199e-99   5.506932e-101 
Ta-173             2.352268e-99    1.000000e-99    2.297199e-99   5.506932e-101 
Ta-174             2.352268e-99    1.000000e-99    2.297199e-99   5.506932e-101 
Ta-175             2.352268e-99    1.000000e-99    2.297199e-99   5.506932e-101 
Ta-176             2.352268e-99    1.000000e-99    2.297199e-99   5.506932e-101 
Ta-177             2.352268e-99    1.000000e-99    2.297199e-99   5.506932e-101 
Ta-178             2.352268e-99    1.000000e-99    2.297199e-99   5.506932e-101 
Ta-179             5.160382e-27    1.000000e-99    4.904528e-27    2.558537e-28 
Ta-180             5.625040e-14    2.429185e-14    5.493830e-14    1.312095e-15 
Ta-181             1.198357e-09    1.985674e-10    1.166999e-09    3.135811e-11 
Ta-182             7.878029e-18    1.000000e-99    7.650640e-18    2.273889e-19 
Ta-183             2.352268e-99    1.000000e-99    2.297199e-99   5.506932e-101 
Ta-184             2.352268e-99    1.000000e-99    2.297199e-99   5.506932e-101 
Ta-185             2.352268e-99    1.000000e-99    2.297199e-99   5.506932e-101 
Ta-186             2.352268e-99    1.000000e-99    2.297199e-99   5.506932e-101 
W-172              2.352268e-99    1.000000e-99    2.297199e-99   5.506932e-101 
W-173              2.352268e-99    1.000000e-99    2.297199e-99   5.506932e-101 
W-174              2.352268e-99    1.000000e-99    2.297199e-99   5.506932e-101 
W-175              2.352268e-99    1.000000e-99    2.297199e-99   5.506932e-101 
W-176              2.352268e-99    1.000000e-99    2.297199e-99   5.506932e-101 
W-177              2.352268e-99    1.000000e-99    2.297199e-99   5.506932e-101 
W-178              2.352268e-99    1.000000e-99    2.297199e-99   5.506932e-101 
W-179              2.352268e-99    1.000000e-99    2.297199e-99   5.506932e-101 
W-180              2.132456e-12    8.394836e-13    2.081787e-12    5.066897e-14 
W-181              2.356199e-99    1.000000e-99    2.300917e-99   5.528173e-101 
W-182              1.763284e-09    1.877481e-10    1.716269e-09    4.701434e-11 
W-183              1.173626e-09    1.019725e-10    1.141988e-09    3.163799e-11 
W-184              2.929558e-09    2.194930e-10    2.850301e-09    7.925635e-11 
W-185              2.056686e-42    1.000000e-99    1.945500e-42    1.111864e-43 
W-186              1.603891e-09    2.058307e-10    1.560984e-09    4.290733e-11 
W-187              6.127440e-93    1.000000e-99    5.796286e-93    3.311538e-94 
W-188              2.352268e-99    1.000000e-99    2.297199e-99   5.506932e-101 
W-189              2.352268e-99    1.000000e-99    2.297199e-99   5.506932e-101 
W-190              2.352268e-99    1.000000e-99    2.297199e-99   5.506932e-101 
Re-175             2.352268e-99    1.000000e-99    2.297199e-99   5.506932e-101 
Re-176             2.352268e-99    1.000000e-99    2.297199e-99   5.506932e-101 
Re-177             2.352268e-99    1.000000e-99    2.297199e-99   5.506932e-101 
Re-178             2.352268e-99    1.000000e-99    2.297199e-99   5.506932e-101 
Re-179             2.352268e-99    1.000000e-99    2.297199e-99   5.506932e-101 
Re-180             2.352268e-99    1.000000e-99    2.297199e-99   5.506932e-101 
Re-181             2.352268e-99    1.000000e-99    2.297199e-99   5.506932e-101 
Re-182             2.352268e-99    1.000000e-99    2.297199e-99   5.506932e-101 
Re-183             2.352268e-99    1.000000e-99    2.297199e-99   5.506932e-101 
Re-184             2.352268e-99    1.000000e-99    2.297199e-99   5.506932e-101 
Re-185             7.866706e-10    1.047859e-10    7.658248e-10    2.084580e-11 
Re-186             1.103659e-83    1.000000e-99    1.044011e-83    5.964754e-85 
Re-187             6.981662e-10    1.773016e-10    6.804777e-10    1.768854e-11 
Re-188             6.832097e-93    1.000000e-99    6.462863e-93    3.692341e-94 
Re-189             2.352268e-99    1.000000e-99    2.297199e-99   5.506932e-101 
Re-190             2.352268e-99    1.000000e-99    2.297199e-99   5.506932e-101 
Re-191             2.352268e-99    1.000000e-99    2.297199e-99   5.506932e-101 
Os-179             2.352268e-99    1.000000e-99    2.297199e-99   5.506932e-101 
Os-180             2.352268e-99    1.000000e-99    2.297199e-99   5.506932e-101 
Os-181             2.352268e-99    1.000000e-99    2.297199e-99   5.506932e-101 
Os-182             2.352268e-99    1.000000e-99    2.297199e-99   5.506932e-101 
Os-183             2.352268e-99    1.000000e-99    2.297199e-99   5.506932e-101 
Os-184             1.614300e-12    7.108303e-13    1.576801e-12    3.749926e-14 
Os-185             2.352268e-99    1.000000e-99    2.297199e-99   5.506932e-101 
Os-186             9.615749e-10    5.778212e-11    9.355147e-10    2.606015e-11 
Os-187             3.657210e-10    5.998274e-11    3.562154e-10    9.505590e-12 
Os-188             3.007899e-09    4.873616e-10    2.929057e-09    7.884265e-11 
Os-189             1.762689e-09    5.973629e-10    1.719814e-09    4.287565e-11 
Os-190             4.241951e-09    9.765959e-10    4.133792e-09    1.081583e-10 
Os-191             1.013952e-60    1.000000e-99    9.591210e-61    5.483104e-62 
Os-192             4.613169e-09    1.532704e-09    4.500156e-09    1.130132e-10 
Os-193             4.180534e-93    1.000000e-99    3.954588e-93    2.259463e-94 
Os-194             8.674974e-17    1.000000e-99    8.359567e-17    3.154077e-18 
Os-195             2.352268e-99    1.000000e-99    2.297199e-99   5.506932e-101 
Os-196             2.352268e-99    1.000000e-99    2.297199e-99   5.506932e-101 
Ir-181             2.352268e-99    1.000000e-99    2.297199e-99   5.506932e-101 
Ir-182             2.352268e-99    1.000000e-99    2.297199e-99   5.506932e-101 
Ir-183             2.352268e-99    1.000000e-99    2.297199e-99   5.506932e-101 
Ir-184             2.352268e-99    1.000000e-99    2.297199e-99   5.506932e-101 
Ir-185             2.352268e-99    1.000000e-99    2.297199e-99   5.506932e-101 
Ir-186             2.352268e-99    1.000000e-99    2.297199e-99   5.506932e-101 
Ir-187             2.352268e-99    1.000000e-99    2.297199e-99   5.506932e-101 
Ir-188             2.352268e-99    1.000000e-99    2.297199e-99   5.506932e-101 
Ir-189             2.352268e-99    1.000000e-99    2.297199e-99   5.506932e-101 
Ir-190             2.352268e-99    1.000000e-99    2.297199e-99   5.506932e-101 
Ir-191             3.444320e-09    1.357372e-09    3.362589e-09    8.173117e-11 
Ir-192             3.229094e-42    1.000000e-99    3.054526e-42    1.745676e-43 
Ir-193             5.752702e-09    2.308350e-09    5.616579e-09    1.361230e-10 
Ir-194             3.155229e-20    1.000000e-99    3.040486e-20    1.147422e-21 
Ir-195             2.352268e-99    1.000000e-99    2.297199e-99   5.506932e-101 
Ir-196             2.352268e-99    1.000000e-99    2.297199e-99   5.506932e-101 
Ir-197             2.352268e-99    1.000000e-99    2.297199e-99   5.506932e-101 
Pt-184             2.352268e-99    1.000000e-99    2.297199e-99   5.506932e-101 
Pt-185             2.352268e-99    1.000000e-99    2.297199e-99   5.506932e-101 
Pt-186             2.352268e-99    1.000000e-99    2.297199e-99   5.506932e-101 
Pt-187             2.352268e-99    1.000000e-99    2.297199e-99   5.506932e-101 
Pt-188             2.352268e-99    1.000000e-99    2.297199e-99   5.506932e-101 
Pt-189             2.352268e-99    1.000000e-99    2.297199e-99   5.506932e-101 
Pt-190             2.290282e-12    1.008463e-12    2.237080e-12    5.320202e-14 
Pt-191             2.352268e-99    1.000000e-99    2.297199e-99   5.506932e-101 
Pt-192             5.863340e-10    5.850019e-11    5.706064e-10    1.572758e-11 
Pt-193             7.469305e-12    1.000000e-99    7.250381e-12    2.189248e-13 
Pt-194             7.297721e-09    2.489798e-09    7.120045e-09    1.776757e-10 
Pt-195             6.486769e-09    2.568263e-09    6.332865e-09    1.539039e-10 
Pt-196             7.260022e-09    1.926003e-09    7.077485e-09    1.825369e-10 
Pt-197             3.711171e-91    1.000000e-99    3.510607e-91    2.005647e-92 
Pt-198             1.510628e-09    5.521699e-10    1.474021e-09    3.660691e-11 
Pt-199             2.352268e-99    1.000000e-99    2.297199e-99   5.506932e-101 
Pt-200             2.352268e-99    1.000000e-99    2.297199e-99   5.506932e-101 
Pt-201             2.352268e-99    1.000000e-99    2.297199e-99   5.506932e-101 
Pt-202             2.352268e-99    1.000000e-99    2.297199e-99   5.506932e-101 
Au-185             2.352268e-99    1.000000e-99    2.297199e-99   5.506932e-101 
Au-186             2.352268e-99    1.000000e-99    2.297199e-99   5.506932e-101 
Au-187             2.352268e-99    1.000000e-99    2.297199e-99   5.506932e-101 
Au-188             2.352268e-99    1.000000e-99    2.297199e-99   5.506932e-101 
Au-189             2.352268e-99    1.000000e-99    2.297199e-99   5.506932e-101 
Au-190             2.352268e-99    1.000000e-99    2.297199e-99   5.506932e-101 
Au-191             2.352268e-99    1.000000e-99    2.297199e-99   5.506932e-101 
Au-192             2.352268e-99    1.000000e-99    2.297199e-99   5.506932e-101 
Au-193             2.352268e-99    1.000000e-99    2.297199e-99   5.506932e-101 
Au-194             2.352268e-99    1.000000e-99    2.297199e-99   5.506932e-101 
Au-195             2.352268e-99    1.000000e-99    2.297199e-99   5.506932e-101 
Au-196             2.352268e-99    1.000000e-99    2.297199e-99   5.506932e-101 
Au-197             3.343186e-09    1.083301e-09    3.261296e-09    8.189024e-11 
Au-198             2.616071e-84    1.000000e-99    2.474693e-84    1.413774e-85 
Au-199             2.352268e-99    1.000000e-99    2.297199e-99   5.506932e-101 
Au-200             2.352268e-99    1.000000e-99    2.297199e-99   5.506932e-101 
Au-201             2.352268e-99    1.000000e-99    2.297199e-99   5.506932e-101 
Au-202             2.352268e-99    1.000000e-99    2.297199e-99   5.506932e-101 
Au-203             2.352268e-99    1.000000e-99    2.297199e-99   5.506932e-101 
Hg-189             2.352268e-99    1.000000e-99    2.297199e-99   5.506932e-101 
Hg-190             2.352268e-99    1.000000e-99    2.297199e-99   5.506932e-101 
Hg-191             2.352268e-99    1.000000e-99    2.297199e-99   5.506932e-101 
Hg-192             2.352268e-99    1.000000e-99    2.297199e-99   5.506932e-101 
Hg-193             2.352268e-99    1.000000e-99    2.297199e-99   5.506932e-101 
Hg-194             2.352268e-99    1.000000e-99    2.297199e-99   5.506932e-101 
Hg-195             2.352268e-99    1.000000e-99    2.297199e-99   5.506932e-101 
Hg-196             6.838633e-12    3.009384e-12    6.679764e-12    1.588690e-13 
Hg-197             2.352268e-99    1.000000e-99    2.297199e-99   5.506932e-101 
Hg-198             3.055674e-09    1.974950e-10    2.972514e-09    8.315987e-11 
Hg-199             2.025419e-09    3.359915e-10    1.972381e-09    5.303723e-11 
Hg-200             5.219135e-09    4.622210e-10    5.077975e-09    1.411599e-10 
Hg-201             2.428757e-09    2.651107e-10    2.363545e-09    6.521139e-11 
Hg-202             8.189797e-09    6.036257e-10    7.966470e-09    2.233274e-10 
Hg-203             2.094879e-72    1.000000e-99    1.981586e-72    1.132929e-73 
Hg-204             5.484557e-10    1.401373e-10    5.344050e-10    1.405064e-11 
Hg-205             2.352268e-99    1.000000e-99    2.297199e-99   5.506932e-101 
Hg-206             2.352268e-99    1.000000e-99    2.297199e-99   5.506932e-101 
Hg-207             2.352268e-99    1.000000e-99    2.297199e-99   5.506932e-101 
Hg-208             2.352268e-99    1.000000e-99    2.297199e-99   5.506932e-101 
Tl-192             2.352268e-99    1.000000e-99    2.297199e-99   5.506932e-101 
Tl-193             2.352268e-99    1.000000e-99    2.297199e-99   5.506932e-101 
Tl-194             2.352268e-99    1.000000e-99    2.297199e-99   5.506932e-101 
Tl-195             2.352268e-99    1.000000e-99    2.297199e-99   5.506932e-101 
Tl-196             2.352268e-99    1.000000e-99    2.297199e-99   5.506932e-101 
Tl-197             2.352268e-99    1.000000e-99    2.297199e-99   5.506932e-101 
Tl-198             2.352268e-99    1.000000e-99    2.297199e-99   5.506932e-101 
Tl-199             2.352268e-99    1.000000e-99    2.297199e-99   5.506932e-101 
Tl-200             2.352268e-99    1.000000e-99    2.297199e-99   5.506932e-101 
Tl-201             2.352268e-99    1.000000e-99    2.297199e-99   5.506932e-101 
Tl-202             2.352268e-99    1.000000e-99    2.297199e-99   5.506932e-101 
Tl-203             3.856534e-09    3.220729e-10    3.751614e-09    1.049196e-10 
Tl-204             2.280816e-19    1.000000e-99    2.190145e-19    9.067088e-21 
Tl-205             6.434235e-09    7.763865e-10    6.262821e-09    1.714143e-10 
Tl-206             2.352268e-99    1.000000e-99    2.297199e-99   5.506932e-101 
Tl-207             2.352268e-99    1.000000e-99    2.297199e-99   5.506932e-101 
Tl-208             2.352268e-99    1.000000e-99    2.297199e-99   5.506932e-101 
Tl-209             2.352268e-99    1.000000e-99    2.297199e-99   5.506932e-101 
Tl-210             2.352268e-99    1.000000e-99    2.297199e-99   5.506932e-101 
Pb-193             2.352268e-99    1.000000e-99    2.297199e-99   5.506932e-101 
Pb-194             2.352268e-99    1.000000e-99    2.297199e-99   5.506932e-101 
Pb-195             2.352268e-99    1.000000e-99    2.297199e-99   5.506932e-101 
Pb-196             2.352268e-99    1.000000e-99    2.297199e-99   5.506932e-101 
Pb-197             2.352268e-99    1.000000e-99    2.297199e-99   5.506932e-101 
Pb-198             2.352268e-99    1.000000e-99    2.297199e-99   5.506932e-101 
Pb-199             2.352268e-99    1.000000e-99    2.297199e-99   5.506932e-101 
Pb-200             2.352268e-99    1.000000e-99    2.297199e-99   5.506932e-101 
Pb-201             2.352268e-99    1.000000e-99    2.297199e-99   5.506932e-101 
Pb-202             2.352268e-99    1.000000e-99    2.297199e-99   5.506932e-101 
Pb-203             2.352268e-99    1.000000e-99    2.297199e-99   5.506932e-101 
Pb-204             4.541328e-09    2.931006e-10    4.417187e-09    1.241408e-10 
Pb-205             6.623575e-11    1.000000e-99    6.438787e-11    1.847881e-12 
Pb-208             3.938783e-08    8.849766e-09    3.836456e-08    1.023277e-09 
Pb-209             2.352268e-99    1.000000e-99    2.297199e-99   5.506932e-101 
Pb-210             1.156869e-17    1.000000e-99    1.119084e-17    3.778563e-19 
Pb-211             2.352268e-99    1.000000e-99    2.297199e-99   5.506932e-101 
Bi-202             2.352268e-99    1.000000e-99    2.297199e-99   5.506932e-101 
Bi-203             2.352268e-99    1.000000e-99    2.297199e-99   5.506932e-101 
Bi-204             2.352268e-99    1.000000e-99    2.297199e-99   5.506932e-101 
Bi-205             2.352268e-99    1.000000e-99    2.297199e-99   5.506932e-101 
Bi-206             2.352268e-99    1.000000e-99    2.297199e-99   5.506932e-101 
Bi-207             2.352268e-99    1.000000e-99    2.297199e-99   5.506932e-101 
Bi-208             2.352268e-99    1.000000e-99    2.297199e-99   5.506932e-101 
Bi-209             2.341967e-09    8.718247e-10    2.285099e-09    5.686770e-11 
Bi-210             3.972804e-11    1.000000e-99    3.853511e-11    1.192934e-12 
Al-26m1            5.122130e-30    1.000000e-99    4.845364e-30    2.767655e-31 
Kr-85m1            1.990383e-89    1.000000e-99    1.882816e-89    1.075662e-90 
Cd-115m1           6.125270e-93    1.000000e-99    5.794234e-93    3.310366e-94 
Lu-176m1           2.378749e-99    1.000000e-99    2.322249e-99   5.650055e-101 
Ta-180m1           2.352268e-99    1.000000e-99    2.297199e-99   5.506932e-101 
