# Battino yields
# Model: m2z2m2
# Mini: 2.00
# Z: 2.00e-02
# Mfinal: 0.6455247544196333
# Mfinal (MESA): 1.6232193629702756
# Created by Daniel Boyea on 2024-12-10
isotope         wind_yield      initial_abundance wind_yield_mesaevo wind_yield_postmesa 
Neutron-1          1.354475e-99    1.000000e-99   3.767806e-100   9.776946e-100 
H-1                9.095381e-01    7.064434e-01    2.515197e-01    6.580184e-01 
H-2                2.913251e-06    1.370527e-05   -5.685561e-07    3.481807e-06 
He-3               4.267318e-04    4.524566e-05    1.528689e-04    2.738629e-04 
He-4               4.017853e-01    2.734973e-01    1.139694e-01    2.878159e-01 
Be-7               7.666476e-16    7.557599e-17    2.742501e-16    4.923975e-16 
B-8                1.682327e-28    1.000000e-99    1.682327e-28   9.776946e-100 
Li-7               3.650746e-06    3.599641e-07    1.305959e-06    2.344787e-06 
C-11               4.274624e-27    1.000000e-99    9.441247e-28    3.330499e-27 
B-11               3.868158e-09    2.855891e-09    1.075970e-09    2.792188e-09 
C-12               1.351464e-02    3.424687e-03    3.032013e-03    1.048263e-02 
C-13               1.463639e-04    4.160552e-05    4.913941e-05    9.722445e-05 
N-13               4.777676e-21    1.271967e-21    1.068455e-21    3.709221e-21 
N-14               3.843494e-03    1.058810e-03    1.286792e-03    2.556702e-03 
C-14               1.106358e-13    1.000000e-99    2.674590e-14    8.388988e-14 
N-15               2.331329e-06    4.169620e-06    3.606554e-07    1.970673e-06 
O-16               1.645892e-02    9.624352e-03    4.355406e-03    1.210352e-02 
O-17               6.046491e-05    3.813070e-06    2.190691e-05    3.855800e-05 
O-18               2.017622e-05    2.171061e-05    4.857328e-06    1.531889e-05 
F-17               1.354475e-99    1.000000e-99   3.767806e-100   9.776946e-100 
F-18               1.354475e-99    1.000000e-99   3.767806e-100   9.776946e-100 
F-19               1.366821e-06    5.610951e-07    3.409679e-07    1.025854e-06 
Ne-20              2.463958e-03    1.817733e-03    6.851890e-04    1.778769e-03 
Ne-21              6.382306e-06    4.575277e-06    1.777670e-06    4.604635e-06 
Ne-22              9.133416e-04    1.470235e-04    2.112898e-04    7.020518e-04 
Na-22              2.051736e-25    1.000000e-99    8.958019e-26    1.155934e-25 
Na-23              7.802996e-05    3.999546e-05    2.254419e-05    5.548578e-05 
Mg-23              1.354475e-99    1.000000e-99   3.767806e-100   9.776946e-100 
Mg-24              7.940231e-04    5.862424e-04    2.208671e-04    5.731560e-04 
Mg-25              1.132710e-04    7.733092e-05    3.094822e-05    8.232276e-05 
Mg-26              1.304304e-04    8.848024e-05    3.563277e-05    9.479765e-05 
Al-26              1.260652e-10    1.000000e-99    3.505597e-11    9.100922e-11 
Al-27              8.882300e-05    6.481069e-05    2.465952e-05    6.416348e-05 
Si-27              1.354475e-99    1.000000e-99   3.767806e-100   9.776946e-100 
Si-28              1.009222e-03    7.452665e-04    2.807379e-04    7.284839e-04 
Si-29              5.331428e-05    3.919403e-05    1.481653e-05    3.849775e-05 
Si-30              3.692480e-05    2.672780e-05    1.023034e-05    2.669447e-05 
P-31               9.716776e-06    7.106317e-06    2.697424e-06    7.019353e-06 
S-31               1.354475e-99    1.000000e-99   3.767806e-100   9.776946e-100 
Be-8               1.354475e-99    1.000000e-99   3.767806e-100   9.776946e-100 
O-14               1.354475e-99    1.000000e-99   3.767806e-100   9.776946e-100 
O-15               1.354475e-99    1.000000e-99   3.767806e-100   9.776946e-100 
Na-21              1.354475e-99    1.000000e-99   3.767806e-100   9.776946e-100 
Al-25              1.354475e-99    1.000000e-99   3.767806e-100   9.776946e-100 
P-29               1.354475e-99    1.000000e-99   3.767806e-100   9.776946e-100 
P-30               1.354475e-99    1.000000e-99   3.767806e-100   9.776946e-100 
Pb-206             5.046699e-09    2.797732e-09    1.295330e-09    3.751369e-09 
Pb-207             4.987561e-09    3.089652e-09    1.317624e-09    3.669936e-09 
Bi-211             1.354475e-99    1.000000e-99   3.767806e-100   9.776946e-100 
Po-210             1.354475e-99    1.000000e-99   3.767806e-100   9.776946e-100 
F-20               1.354475e-99    1.000000e-99   3.767806e-100   9.776946e-100 
Ne-19              1.354475e-99    1.000000e-99   3.767806e-100   9.776946e-100 
Na-24              1.354475e-99    1.000000e-99   3.767806e-100   9.776946e-100 
Mg-27              1.354475e-99    1.000000e-99   3.767806e-100   9.776946e-100 
Mg-28              1.354475e-99    1.000000e-99   3.767806e-100   9.776946e-100 
Al-28              1.354475e-99    1.000000e-99   3.767806e-100   9.776946e-100 
Al-29              1.354475e-99    1.000000e-99   3.767806e-100   9.776946e-100 
Si-31              1.354475e-99    1.000000e-99   3.767806e-100   9.776946e-100 
Si-32              2.093751e-19    1.000000e-99    4.617918e-20    1.631959e-19 
P-32               4.753834e-23    1.000000e-99    1.048491e-23    3.705343e-23 
P-33               1.354475e-99    1.000000e-99   3.767806e-100   9.776946e-100 
P-34               1.354475e-99    1.000000e-99   3.767806e-100   9.776946e-100 
P-35               1.354475e-99    1.000000e-99   3.767806e-100   9.776946e-100 
S-32               5.424975e-04    4.010872e-04    1.509441e-04    3.915534e-04 
S-33               4.545917e-06    3.264811e-06    1.257587e-06    3.288331e-06 
S-34               2.577862e-05    1.890425e-05    7.160350e-06    1.861827e-05 
S-35               1.354475e-99    1.000000e-99   3.767806e-100   9.776946e-100 
S-36               1.336345e-07    8.072988e-08    3.582348e-08    9.781099e-08 
S-37               1.354475e-99    1.000000e-99   3.767806e-100   9.776946e-100 
S-38               1.354475e-99    1.000000e-99   3.767806e-100   9.776946e-100 
Cl-34              1.354475e-99    1.000000e-99   3.767806e-100   9.776946e-100 
Cl-35              9.204002e-06    6.821093e-06    2.562073e-06    6.641929e-06 
Cl-36              1.117594e-08    1.000000e-99    2.529969e-09    8.645968e-09 
Cl-37              3.372042e-06    2.305792e-06    9.251935e-07    2.446849e-06 
Cl-38              1.354475e-99    1.000000e-99   3.767806e-100   9.776946e-100 
Cl-39              1.354475e-99    1.000000e-99   3.767806e-100   9.776946e-100 
Cl-40              1.354475e-99    1.000000e-99   3.767806e-100   9.776946e-100 
Ar-35              1.354475e-99    1.000000e-99   3.767806e-100   9.776946e-100 
Ar-36              1.106920e-04    8.202156e-05    3.081215e-05    7.987989e-05 
Ar-37              2.141003e-18    1.000000e-99    4.689014e-19    1.672101e-18 
Ar-38              2.146999e-05    1.574147e-05    5.963839e-06    1.550615e-05 
Ar-39              1.672171e-15    1.000000e-99    3.676569e-16    1.304515e-15 
Ar-40              4.030108e-08    2.650204e-08    1.095045e-08    2.935063e-08 
Ar-41              1.354475e-99    1.000000e-99   3.767806e-100   9.776946e-100 
Ar-42              2.170357e-24    1.000000e-99    5.309138e-25    1.639443e-24 
Ar-43              1.354475e-99    1.000000e-99   3.767806e-100   9.776946e-100 
Ar-44              1.354475e-99    1.000000e-99   3.767806e-100   9.776946e-100 
K-38               1.354475e-99    1.000000e-99   3.767806e-100   9.776946e-100 
K-39               5.293656e-06    3.899726e-06    1.471818e-06    3.821838e-06 
K-40               7.843124e-09    3.310922e-10    1.757476e-09    6.085648e-09 
K-41               4.387613e-07    2.958666e-07    1.201259e-07    3.186354e-07 
K-42               1.354475e-99    1.000000e-99   3.767806e-100   9.776946e-100 
K-43               1.354475e-99    1.000000e-99   3.767806e-100   9.776946e-100 
K-44               1.354475e-99    1.000000e-99   3.767806e-100   9.776946e-100 
K-45               1.354475e-99    1.000000e-99   3.767806e-100   9.776946e-100 
K-46               1.354475e-99    1.000000e-99   3.767806e-100   9.776946e-100 
Ca-39              1.354475e-99    1.000000e-99   3.767806e-100   9.776946e-100 
Ca-40              9.762111e-05    7.225225e-05    2.716758e-05    7.045354e-05 
Ca-41              1.013383e-09    1.000000e-99    2.277611e-10    7.856224e-10 
Ca-42              7.057210e-07    5.063333e-07    1.952712e-07    5.104498e-07 
Ca-43              1.500656e-07    1.081646e-07    4.154640e-08    1.085192e-07 
Ca-44              2.316716e-06    1.710212e-06    6.443770e-07    1.672339e-06 
Ca-45              1.354475e-99    1.000000e-99   3.767806e-100   9.776946e-100 
Ca-46              4.799944e-09    3.428473e-09    1.326443e-09    3.473501e-09 
Ca-47              1.354475e-99    1.000000e-99   3.767806e-100   9.776946e-100 
Ca-48              2.264366e-07    1.672498e-07    6.299114e-08    1.634455e-07 
Ca-49              1.354475e-99    1.000000e-99   3.767806e-100   9.776946e-100 
Sc-43              1.354475e-99    1.000000e-99   3.767806e-100   9.776946e-100 
Sc-44              1.354475e-99    1.000000e-99   3.767806e-100   9.776946e-100 
Sc-45              7.690086e-08    5.413715e-08    2.119232e-08    5.570855e-08 
Sc-46              1.354475e-99    1.000000e-99   3.767806e-100   9.776946e-100 
Sc-47              1.354475e-99    1.000000e-99   3.767806e-100   9.776946e-100 
Sc-48              1.354475e-99    1.000000e-99   3.767806e-100   9.776946e-100 
Sc-49              1.354475e-99    1.000000e-99   3.767806e-100   9.776946e-100 
Sc-50              1.354475e-99    1.000000e-99   3.767806e-100   9.776946e-100 
Ti-44              1.354475e-99    1.000000e-99   3.767806e-100   9.776946e-100 
Ti-45              1.354475e-99    1.000000e-99   3.767806e-100   9.776946e-100 
Ti-46              4.389631e-07    3.231782e-07    1.220292e-07    3.169339e-07 
Ti-47              4.003779e-07    2.976998e-07    1.115150e-07    2.888628e-07 
Ti-48              4.049584e-06    3.013765e-06    1.128161e-06    2.921422e-06 
Ti-49              3.324400e-07    2.257335e-07    9.106518e-08    2.413749e-07 
Ti-50              3.170650e-07    2.208013e-07    8.715808e-08    2.299070e-07 
Ti-51              1.354475e-99    1.000000e-99   3.767806e-100   9.776946e-100 
Ti-52              1.354475e-99    1.000000e-99   3.767806e-100   9.776946e-100 
V-47               1.354475e-99    1.000000e-99   3.767806e-100   9.776946e-100 
V-48               1.354475e-99    1.000000e-99   3.767806e-100   9.776946e-100 
V-49               4.685160e-25    1.000000e-99    1.018161e-25    3.666999e-25 
V-50               1.359632e-09    1.015480e-09    3.790402e-10    9.805920e-10 
V-51               5.612113e-07    4.137779e-07    1.560621e-07    4.051492e-07 
V-52               1.354475e-99    1.000000e-99   3.767806e-100   9.776946e-100 
V-53               1.354475e-99    1.000000e-99   3.767806e-100   9.776946e-100 
Cr-48              1.354475e-99    1.000000e-99   3.767806e-100   9.776946e-100 
Cr-49              1.354475e-99    1.000000e-99   3.767806e-100   9.776946e-100 
Cr-50              1.106489e-06    8.265377e-07    3.084758e-07    7.980132e-07 
Cr-51              4.034594e-20    1.000000e-99    9.314729e-21    3.103121e-20 
Cr-52              2.239742e-05    1.657585e-05    6.233103e-06    1.616432e-05 
Cr-53              2.588913e-06    1.915622e-06    7.203804e-07    1.868533e-06 
Cr-54              7.221444e-07    4.857946e-07    1.973928e-07    5.247516e-07 
Cr-55              1.354475e-99    1.000000e-99   3.767806e-100   9.776946e-100 
Cr-56              1.354475e-99    1.000000e-99   3.767806e-100   9.776946e-100 
Mn-51              1.354475e-99    1.000000e-99   3.767806e-100   9.776946e-100 
Mn-52              1.354475e-99    1.000000e-99   3.767806e-100   9.776946e-100 
Mn-53              2.828045e-18    1.000000e-99    6.078867e-19    2.220158e-18 
Mn-54              2.412038e-25    1.000000e-99    5.115297e-26    1.900508e-25 
Mn-55              1.518783e-05    1.098109e-05    4.208288e-06    1.097954e-05 
Mn-56              1.354475e-99    1.000000e-99   3.767806e-100   9.776946e-100 
Mn-57              1.354475e-99    1.000000e-99   3.767806e-100   9.776946e-100 
Fe-52              1.354475e-99    1.000000e-99   3.767806e-100   9.776946e-100 
Fe-53              1.354475e-99    1.000000e-99   3.767806e-100   9.776946e-100 
Fe-54              1.089400e-04    8.118227e-05    3.035703e-05    7.858296e-05 
Fe-55              3.070074e-13    1.000000e-99    6.784963e-14    2.391577e-13 
Fe-56              1.784189e-03    1.321588e-03    4.966194e-04    1.287570e-03 
Fe-57              4.501407e-05    3.106624e-05    1.236018e-05    3.265389e-05 
Fe-58              8.603505e-06    4.206879e-06    2.231719e-06    6.371786e-06 
Fe-59              1.354475e-99    1.000000e-99   3.767806e-100   9.776946e-100 
Fe-60              9.353612e-09    1.000000e-99    2.098699e-09    7.254913e-09 
Fe-61              1.354475e-99    1.000000e-99   3.767806e-100   9.776946e-100 
Co-55              1.354475e-99    1.000000e-99   3.767806e-100   9.776946e-100 
Co-56              1.354475e-99    1.000000e-99   3.767806e-100   9.776946e-100 
Co-57              4.436599e-24    1.000000e-99    9.483354e-25    3.488264e-24 
Co-58              1.354475e-99    1.000000e-99   3.767806e-100   9.776946e-100 
Co-59              5.913839e-06    3.991489e-06    1.616488e-06    4.297351e-06 
Co-60              4.510580e-25    1.000000e-99    1.933004e-25    2.577576e-25 
Co-61              1.354475e-99    1.000000e-99   3.767806e-100   9.776946e-100 
Co-62              1.354475e-99    1.000000e-99   3.767806e-100   9.776946e-100 
Co-63              1.354475e-99    1.000000e-99   3.767806e-100   9.776946e-100 
Ni-56              1.354475e-99    1.000000e-99   3.767806e-100   9.776946e-100 
Ni-57              1.354475e-99    1.000000e-99   3.767806e-100   9.776946e-100 
Ni-58              7.666810e-05    5.710980e-05    2.136298e-05    5.530513e-05 
Ni-59              1.514221e-07    1.000000e-99    3.377215e-08    1.176499e-07 
Ni-60              3.103892e-05    2.275717e-05    8.620879e-06    2.241804e-05 
Ni-61              1.561673e-06    1.005726e-06    4.232495e-07    1.138423e-06 
Ni-62              4.645201e-06    3.259262e-06    1.278845e-06    3.366356e-06 
Ni-63              1.374608e-15    1.000000e-99    2.998826e-16    1.074725e-15 
Ni-64              1.227225e-06    8.568133e-07    3.375531e-07    8.896719e-07 
Ni-65              1.354475e-99    1.000000e-99   3.767806e-100   9.776946e-100 
Ni-66              1.354475e-99    1.000000e-99   3.767806e-100   9.776946e-100 
Ni-67              1.354475e-99    1.000000e-99   3.767806e-100   9.776946e-100 
Ni-68              1.354475e-99    1.000000e-99   3.767806e-100   9.776946e-100 
Cu-60              1.354475e-99    1.000000e-99   3.767806e-100   9.776946e-100 
Cu-61              1.354475e-99    1.000000e-99   3.767806e-100   9.776946e-100 
Cu-62              1.354475e-99    1.000000e-99   3.767806e-100   9.776946e-100 
Cu-63              9.706582e-07    6.600340e-07    2.656658e-07    7.049924e-07 
Cu-64              1.354475e-99    1.000000e-99   3.767806e-100   9.776946e-100 
Cu-65              4.447792e-07    3.034684e-07    1.217247e-07    3.230545e-07 
Cu-66              1.354475e-99    1.000000e-99   3.767806e-100   9.776946e-100 
Cu-67              1.354475e-99    1.000000e-99   3.767806e-100   9.776946e-100 
Cu-68              1.354475e-99    1.000000e-99   3.767806e-100   9.776946e-100 
Cu-69              1.354475e-99    1.000000e-99   3.767806e-100   9.776946e-100 
Cu-70              1.354475e-99    1.000000e-99   3.767806e-100   9.776946e-100 
Cu-71              1.354475e-99    1.000000e-99   3.767806e-100   9.776946e-100 
Zn-62              1.354475e-99    1.000000e-99   3.767806e-100   9.776946e-100 
Zn-63              1.354475e-99    1.000000e-99   3.767806e-100   9.776946e-100 
Zn-64              1.538009e-06    1.130751e-06    4.273072e-07    1.110702e-06 
Zn-65              1.140116e-17    1.000000e-99    2.447808e-18    8.953351e-18 
Zn-66              9.228774e-07    6.690076e-07    2.556583e-07    6.672191e-07 
Zn-67              1.395302e-07    9.980253e-08    3.854973e-08    1.009805e-07 
Zn-68              6.461597e-07    4.632262e-07    1.786068e-07    4.675528e-07 
Zn-69              1.354475e-99    1.000000e-99   3.767806e-100   9.776946e-100 
Zn-70              2.123282e-08    1.576786e-08    5.912809e-09    1.532001e-08 
Zn-71              1.354475e-99    1.000000e-99   3.767806e-100   9.776946e-100 
Zn-72              1.354475e-99    1.000000e-99   3.767806e-100   9.776946e-100 
Zn-73              1.354475e-99    1.000000e-99   3.767806e-100   9.776946e-100 
Zn-74              1.354475e-99    1.000000e-99   3.767806e-100   9.776946e-100 
Ga-65              1.354475e-99    1.000000e-99   3.767806e-100   9.776946e-100 
Ga-66              1.354475e-99    1.000000e-99   3.767806e-100   9.776946e-100 
Ga-67              1.354475e-99    1.000000e-99   3.767806e-100   9.776946e-100 
Ga-68              1.354475e-99    1.000000e-99   3.767806e-100   9.776946e-100 
Ga-69              6.473713e-08    4.550546e-08    1.782777e-08    4.690936e-08 
Ga-70              1.354475e-99    1.000000e-99   3.767806e-100   9.776946e-100 
Ga-71              4.483773e-08    3.107622e-08    1.231336e-08    3.252437e-08 
Ga-72              1.354475e-99    1.000000e-99   3.767806e-100   9.776946e-100 
Ga-73              1.354475e-99    1.000000e-99   3.767806e-100   9.776946e-100 
Ga-74              1.354475e-99    1.000000e-99   3.767806e-100   9.776946e-100 
Ga-75              1.354475e-99    1.000000e-99   3.767806e-100   9.776946e-100 
Ge-66              1.354475e-99    1.000000e-99   3.767806e-100   9.776946e-100 
Ge-67              1.354475e-99    1.000000e-99   3.767806e-100   9.776946e-100 
Ge-68              1.354475e-99    1.000000e-99   3.767806e-100   9.776946e-100 
Ge-69              1.354475e-99    1.000000e-99   3.767806e-100   9.776946e-100 
Ge-70              7.474763e-08    5.157185e-08    2.051099e-08    5.423664e-08 
Ge-71              1.354475e-99    1.000000e-99   3.767806e-100   9.776946e-100 
Ge-72              9.817274e-08    6.910333e-08    2.703400e-08    7.113874e-08 
Ge-73              2.777158e-08    1.954584e-08    7.646556e-09    2.012503e-08 
Ge-74              1.329820e-07    9.228454e-08    3.650985e-08    9.647212e-08 
Ge-75              1.354475e-99    1.000000e-99   3.767806e-100   9.776946e-100 
Ge-76              2.641185e-08    1.962921e-08    7.356160e-09    1.905569e-08 
Ge-77              1.354475e-99    1.000000e-99   3.767806e-100   9.776946e-100 
Ge-78              1.354475e-99    1.000000e-99   3.767806e-100   9.776946e-100 
As-69              1.354475e-99    1.000000e-99   3.767806e-100   9.776946e-100 
As-70              1.354475e-99    1.000000e-99   3.767806e-100   9.776946e-100 
As-71              1.354475e-99    1.000000e-99   3.767806e-100   9.776946e-100 
As-72              1.354475e-99    1.000000e-99   3.767806e-100   9.776946e-100 
As-73              1.354475e-99    1.000000e-99   3.767806e-100   9.776946e-100 
As-74              1.354475e-99    1.000000e-99   3.767806e-100   9.776946e-100 
As-75              2.005090e-08    1.430027e-08    5.535351e-09    1.451555e-08 
As-76              1.354475e-99    1.000000e-99   3.767806e-100   9.776946e-100 
As-77              1.354475e-99    1.000000e-99   3.767806e-100   9.776946e-100 
As-78              1.354475e-99    1.000000e-99   3.767806e-100   9.776946e-100 
As-79              1.354475e-99    1.000000e-99   3.767806e-100   9.776946e-100 
As-80              1.354475e-99    1.000000e-99   3.767806e-100   9.776946e-100 
As-81              1.354475e-99    1.000000e-99   3.767806e-100   9.776946e-100 
Se-72              1.354475e-99    1.000000e-99   3.767806e-100   9.776946e-100 
Se-73              1.354475e-99    1.000000e-99   3.767806e-100   9.776946e-100 
Se-74              1.593895e-09    1.197888e-09    4.448879e-10    1.149007e-09 
Se-75              1.354475e-99    1.000000e-99   3.767806e-100   9.776946e-100 
Se-76              1.958932e-08    1.296136e-08    5.328391e-09    1.426093e-08 
Se-77              1.517718e-08    1.070490e-08    4.180932e-09    1.099625e-08 
Se-78              5.094009e-08    3.376317e-08    1.385944e-08    3.708065e-08 
Se-79              8.332086e-14    4.097865e-26    1.830573e-14    6.501513e-14 
Se-80              1.020840e-07    7.226298e-08    2.815824e-08    7.392575e-08 
Se-81              1.354475e-99    1.000000e-99   3.767806e-100   9.776946e-100 
Se-82              1.759367e-08    1.303649e-08    4.897332e-09    1.269634e-08 
Se-83              1.354475e-99    1.000000e-99   3.767806e-100   9.776946e-100 
Se-84              1.354475e-99    1.000000e-99   3.767806e-100   9.776946e-100 
Br-74              1.354475e-99    1.000000e-99   3.767806e-100   9.776946e-100 
Br-75              1.354475e-99    1.000000e-99   3.767806e-100   9.776946e-100 
Br-76              1.354475e-99    1.000000e-99   3.767806e-100   9.776946e-100 
Br-77              1.354475e-99    1.000000e-99   3.767806e-100   9.776946e-100 
Br-78              1.354475e-99    1.000000e-99   3.767806e-100   9.776946e-100 
Br-79              1.954218e-08    1.389306e-08    5.391788e-09    1.415039e-08 
Br-80              1.354475e-99    1.000000e-99   3.767806e-100   9.776946e-100 
Br-81              1.980577e-08    1.385920e-08    5.448951e-09    1.435682e-08 
Br-82              1.354475e-99    1.000000e-99   3.767806e-100   9.776946e-100 
Br-83              1.354475e-99    1.000000e-99   3.767806e-100   9.776946e-100 
Br-84              1.354475e-99    1.000000e-99   3.767806e-100   9.776946e-100 
Br-85              1.354475e-99    1.000000e-99   3.767806e-100   9.776946e-100 
Br-86              1.354475e-99    1.000000e-99   3.767806e-100   9.776946e-100 
Br-87              1.354475e-99    1.000000e-99   3.767806e-100   9.776946e-100 
Kr-76              1.354475e-99    1.000000e-99   3.767806e-100   9.776946e-100 
Kr-77              1.354475e-99    1.000000e-99   3.767806e-100   9.776946e-100 
Kr-78              5.188736e-10    3.900193e-10    1.448323e-10    3.740413e-10 
Kr-79              1.354475e-99    1.000000e-99   3.767806e-100   9.776946e-100 
Kr-80              3.845311e-09    2.574713e-09    1.047661e-09    2.797650e-09 
Kr-81              8.088443e-14    1.000000e-99    1.744110e-14    6.344333e-14 
Kr-82              2.172078e-08    1.319540e-08    5.806760e-09    1.591402e-08 
Kr-83              1.908391e-08    1.324168e-08    5.235670e-09    1.384824e-08 
Kr-84              9.680966e-08    6.601984e-08    2.646567e-08    7.034399e-08 
Kr-85              8.974862e-23    1.000000e-99    2.368434e-23    6.606428e-23 
Kr-86              3.009147e-08    2.044383e-08    8.217049e-09    2.187442e-08 
Kr-87              1.354475e-99    1.000000e-99   3.767806e-100   9.776946e-100 
Kr-88              1.354475e-99    1.000000e-99   3.767806e-100   9.776946e-100 
Kr-89              1.354475e-99    1.000000e-99   3.767806e-100   9.776946e-100 
Kr-90              1.354475e-99    1.000000e-99   3.767806e-100   9.776946e-100 
Rb-79              1.354475e-99    1.000000e-99   3.767806e-100   9.776946e-100 
Rb-80              1.354475e-99    1.000000e-99   3.767806e-100   9.776946e-100 
Rb-81              1.354475e-99    1.000000e-99   3.767806e-100   9.776946e-100 
Rb-82              1.354475e-99    1.000000e-99   3.767806e-100   9.776946e-100 
Rb-83              1.354475e-99    1.000000e-99   3.767806e-100   9.776946e-100 
Rb-84              1.354475e-99    1.000000e-99   3.767806e-100   9.776946e-100 
Rb-85              1.886329e-08    1.282422e-08    5.156134e-09    1.370716e-08 
Rb-86              1.354475e-99    1.000000e-99   3.767806e-100   9.776946e-100 
Rb-87              7.380731e-09    4.989853e-09    1.999684e-09    5.381047e-09 
Rb-88              1.354475e-99    1.000000e-99   3.767806e-100   9.776946e-100 
Rb-89              1.354475e-99    1.000000e-99   3.767806e-100   9.776946e-100 
Rb-90              1.354475e-99    1.000000e-99   3.767806e-100   9.776946e-100 
Rb-91              1.354475e-99    1.000000e-99   3.767806e-100   9.776946e-100 
Sr-80              1.354475e-99    1.000000e-99   3.767806e-100   9.776946e-100 
Sr-81              1.354475e-99    1.000000e-99   3.767806e-100   9.776946e-100 
Sr-82              1.354475e-99    1.000000e-99   3.767806e-100   9.776946e-100 
Sr-83              1.354475e-99    1.000000e-99   3.767806e-100   9.776946e-100 
Sr-84              4.292638e-10    3.227999e-10    1.198288e-10    3.094350e-10 
Sr-85              1.354475e-99    1.000000e-99   3.767806e-100   9.776946e-100 
Sr-86              1.164465e-08    5.844553e-09    3.015259e-09    8.629396e-09 
Sr-87              8.537351e-09    4.516023e-09    2.239634e-09    6.297717e-09 
Sr-88              1.072088e-07    5.010796e-08    2.733245e-08    7.987636e-08 
Sr-89              1.354475e-99    1.000000e-99   3.767806e-100   9.776946e-100 
Sr-90              5.930058e-21    1.000000e-99    1.335103e-21    4.594955e-21 
Sr-91              1.354475e-99    1.000000e-99   3.767806e-100   9.776946e-100 
Sr-92              1.354475e-99    1.000000e-99   3.767806e-100   9.776946e-100 
Sr-93              1.354475e-99    1.000000e-99   3.767806e-100   9.776946e-100 
Sr-94              1.354475e-99    1.000000e-99   3.767806e-100   9.776946e-100 
Y-85               1.354475e-99    1.000000e-99   3.767806e-100   9.776946e-100 
Y-86               1.354475e-99    1.000000e-99   3.767806e-100   9.776946e-100 
Y-87               1.354475e-99    1.000000e-99   3.767806e-100   9.776946e-100 
Y-88               1.354475e-99    1.000000e-99   3.767806e-100   9.776946e-100 
Y-89               2.689865e-08    1.229343e-08    6.810842e-09    2.008781e-08 
Y-90               1.508594e-24    1.000000e-99    3.396461e-25    1.168948e-24 
Y-91               1.354475e-99    1.000000e-99   3.767806e-100   9.776946e-100 
Y-92               1.354475e-99    1.000000e-99   3.767806e-100   9.776946e-100 
Y-93               1.354475e-99    1.000000e-99   3.767806e-100   9.776946e-100 
Y-94               1.354475e-99    1.000000e-99   3.767806e-100   9.776946e-100 
Y-95               1.354475e-99    1.000000e-99   3.767806e-100   9.776946e-100 
Y-96               1.354475e-99    1.000000e-99   3.767806e-100   9.776946e-100 
Zr-86              1.354475e-99    1.000000e-99   3.767806e-100   9.776946e-100 
Zr-87              1.354475e-99    1.000000e-99   3.767806e-100   9.776946e-100 
Zr-88              1.354475e-99    1.000000e-99   3.767806e-100   9.776946e-100 
Zr-89              1.354475e-99    1.000000e-99   3.767806e-100   9.776946e-100 
Zr-90              3.205176e-08    1.534361e-08    8.175216e-09    2.387655e-08 
Zr-91              7.482811e-09    3.384023e-09    1.885894e-09    5.596917e-09 
Zr-92              1.159733e-08    5.226772e-09    2.920416e-09    8.676918e-09 
Zr-93              3.618495e-12    1.000000e-99    7.636597e-13    2.854836e-12 
Zr-94              1.358108e-08    5.413280e-09    3.358235e-09    1.022284e-08 
Zr-95              1.354475e-99    1.000000e-99   3.767806e-100   9.776946e-100 
Zr-96              1.283845e-09    8.903423e-10    3.519886e-10    9.318569e-10 
Zr-97              1.354475e-99    1.000000e-99   3.767806e-100   9.776946e-100 
Zr-98              1.354475e-99    1.000000e-99   3.767806e-100   9.776946e-100 
Nb-89              1.354475e-99    1.000000e-99   3.767806e-100   9.776946e-100 
Nb-90              1.354475e-99    1.000000e-99   3.767806e-100   9.776946e-100 
Nb-91              1.354475e-99    1.000000e-99   3.767806e-100   9.776946e-100 
Nb-92              1.354475e-99    1.000000e-99   3.767806e-100   9.776946e-100 
Nb-93              4.196555e-09    1.900054e-09    1.057761e-09    3.138794e-09 
Nb-94              2.276343e-18    1.000000e-99    4.799362e-19    1.796407e-18 
Nb-95              1.354475e-99    1.000000e-99   3.767806e-100   9.776946e-100 
Nb-96              1.354475e-99    1.000000e-99   3.767806e-100   9.776946e-100 
Nb-97              1.354475e-99    1.000000e-99   3.767806e-100   9.776946e-100 
Nb-98              1.354475e-99    1.000000e-99   3.767806e-100   9.776946e-100 
Nb-99              1.354475e-99    1.000000e-99   3.767806e-100   9.776946e-100 
Mo-90              1.354475e-99    1.000000e-99   3.767806e-100   9.776946e-100 
Mo-91              1.354475e-99    1.000000e-99   3.767806e-100   9.776946e-100 
Mo-92              1.353348e-09    1.012496e-09    3.774106e-10    9.759374e-10 
Mo-93              8.332953e-18    1.000000e-99    1.865813e-18    6.467140e-18 
Mo-94              9.139936e-10    6.447522e-10    2.511813e-10    6.628123e-10 
Mo-95              2.258996e-09    1.121895e-09    5.778749e-10    1.681121e-09 
Mo-96              3.118504e-09    1.187505e-09    7.638442e-10    2.354659e-09 
Mo-97              1.430815e-09    6.875272e-10    3.635643e-10    1.067250e-09 
Mo-98              4.168437e-09    1.754359e-09    1.036098e-09    3.132338e-09 
Mo-99              1.354475e-99    1.000000e-99   3.767806e-100   9.776946e-100 
Mo-100             9.879993e-10    7.146065e-10    2.730946e-10    7.149047e-10 
Mo-101             1.354475e-99    1.000000e-99   3.767806e-100   9.776946e-100 
Mo-102             1.354475e-99    1.000000e-99   3.767806e-100   9.776946e-100 
Tc-93              1.354475e-99    1.000000e-99   3.767806e-100   9.776946e-100 
Tc-94              1.354475e-99    1.000000e-99   3.767806e-100   9.776946e-100 
Tc-95              1.354475e-99    1.000000e-99   3.767806e-100   9.776946e-100 
Tc-96              1.354475e-99    1.000000e-99   3.767806e-100   9.776946e-100 
Tc-97              7.575650e-16    1.000000e-99    1.749012e-16    5.826638e-16 
Tc-98              5.621595e-15    1.000000e-99    1.296056e-15    4.325540e-15 
Tc-99              7.100355e-14    1.000000e-99    1.488218e-14    5.612137e-14 
Tc-100             1.354475e-99    1.000000e-99   3.767806e-100   9.776946e-100 
Tc-101             1.354475e-99    1.000000e-99   3.767806e-100   9.776946e-100 
Tc-102             1.354475e-99    1.000000e-99   3.767806e-100   9.776946e-100 
Tc-103             1.354475e-99    1.000000e-99   3.767806e-100   9.776946e-100 
Tc-104             1.354475e-99    1.000000e-99   3.767806e-100   9.776946e-100 
Tc-105             1.354475e-99    1.000000e-99   3.767806e-100   9.776946e-100 
Ru-94              1.354475e-99    1.000000e-99   3.767806e-100   9.776946e-100 
Ru-95              1.354475e-99    1.000000e-99   3.767806e-100   9.776946e-100 
Ru-96              3.895296e-10    2.925638e-10    1.087122e-10    2.808174e-10 
Ru-97              1.354475e-99    1.000000e-99   3.767806e-100   9.776946e-100 
Ru-98              1.348626e-10    1.007098e-10    3.759573e-11    9.726683e-11 
Ru-99              1.173350e-09    6.945400e-10    3.101476e-10    8.632022e-10 
Ru-100             1.811401e-09    6.927902e-10    4.440396e-10    1.367361e-09 
Ru-101             1.453131e-09    9.475089e-10    3.922676e-10    1.060863e-09 
Ru-102             3.589679e-09    1.769736e-09    9.163729e-10    2.673306e-09 
Ru-103             1.354475e-99    1.000000e-99   3.767806e-100   9.776946e-100 
Ru-104             1.451159e-09    1.064926e-09    4.025551e-10    1.048604e-09 
Ru-105             1.354475e-99    1.000000e-99   3.767806e-100   9.776946e-100 
Ru-106             1.354475e-99    1.000000e-99   3.767806e-100   9.776946e-100 
Rh-98              1.354475e-99    1.000000e-99   3.767806e-100   9.776946e-100 
Rh-99              1.354475e-99    1.000000e-99   3.767806e-100   9.776946e-100 
Rh-100             1.354475e-99    1.000000e-99   3.767806e-100   9.776946e-100 
Rh-101             1.354475e-99    1.000000e-99   3.767806e-100   9.776946e-100 
Rh-102             1.354475e-99    1.000000e-99   3.767806e-100   9.776946e-100 
Rh-103             1.620531e-09    1.054679e-09    4.372461e-10    1.183285e-09 
Rh-104             1.354475e-99    1.000000e-99   3.767806e-100   9.776946e-100 
Rh-105             1.354475e-99    1.000000e-99   3.767806e-100   9.776946e-100 
Rh-106             1.354475e-99    1.000000e-99   3.767806e-100   9.776946e-100 
Rh-107             1.354475e-99    1.000000e-99   3.767806e-100   9.776946e-100 
Rh-108             1.354475e-99    1.000000e-99   3.767806e-100   9.776946e-100 
Pd-99              1.354475e-99    1.000000e-99   3.767806e-100   9.776946e-100 
Pd-100             1.354475e-99    1.000000e-99   3.767806e-100   9.776946e-100 
Pd-101             1.354475e-99    1.000000e-99   3.767806e-100   9.776946e-100 
Pd-102             5.639822e-11    4.241146e-11    1.574359e-11    4.065463e-11 
Pd-103             1.354475e-99    1.000000e-99   3.767806e-100   9.776946e-100 
Pd-104             1.290201e-09    4.722820e-10    3.145648e-10    9.756359e-10 
Pd-105             1.443310e-09    9.557865e-10    3.910208e-10    1.052289e-09 
Pd-106             2.370147e-09    1.180942e-09    6.065012e-10    1.763645e-09 
Pd-107             1.427000e-12    1.000000e-99    3.000656e-13    1.126935e-12 
Pd-108             2.562383e-09    1.164921e-09    6.451078e-10    1.917275e-09 
Pd-109             1.354475e-99    1.000000e-99   3.767806e-100   9.776946e-100 
Pd-110             7.384179e-10    5.255369e-10    2.032100e-10    5.352079e-10 
Pd-111             1.354475e-99    1.000000e-99   3.767806e-100   9.776946e-100 
Pd-112             1.354475e-99    1.000000e-99   3.767806e-100   9.776946e-100 
Ag-101             1.354475e-99    1.000000e-99   3.767806e-100   9.776946e-100 
Ag-102             1.354475e-99    1.000000e-99   3.767806e-100   9.776946e-100 
Ag-103             1.354475e-99    1.000000e-99   3.767806e-100   9.776946e-100 
Ag-104             1.354475e-99    1.000000e-99   3.767806e-100   9.776946e-100 
Ag-105             1.354475e-99    1.000000e-99   3.767806e-100   9.776946e-100 
Ag-106             1.354475e-99    1.000000e-99   3.767806e-100   9.776946e-100 
Ag-107             1.197724e-09    7.840161e-10    3.236421e-10    8.740817e-10 
Ag-108             1.354475e-99    1.000000e-99   3.767806e-100   9.776946e-100 
Ag-109             1.282348e-09    7.419986e-10    3.374441e-10    9.449039e-10 
Ag-110             1.354475e-99    1.000000e-99   3.767806e-100   9.776946e-100 
Ag-111             1.354475e-99    1.000000e-99   3.767806e-100   9.776946e-100 
Ag-112             1.354475e-99    1.000000e-99   3.767806e-100   9.776946e-100 
Ag-113             1.354475e-99    1.000000e-99   3.767806e-100   9.776946e-100 
Cd-102             1.354475e-99    1.000000e-99   3.767806e-100   9.776946e-100 
Cd-103             1.354475e-99    1.000000e-99   3.767806e-100   9.776946e-100 
Cd-104             1.354475e-99    1.000000e-99   3.767806e-100   9.776946e-100 
Cd-105             1.354475e-99    1.000000e-99   3.767806e-100   9.776946e-100 
Cd-106             8.441746e-11    6.345981e-11    2.356368e-11    6.085378e-11 
Cd-107             1.354475e-99    1.000000e-99   3.767806e-100   9.776946e-100 
Cd-108             6.610308e-11    4.603590e-11    1.815447e-11    4.794861e-11 
Cd-109             1.354475e-99    1.000000e-99   3.767806e-100   9.776946e-100 
Cd-110             1.725519e-09    6.580184e-10    4.225934e-10    1.302926e-09 
Cd-111             1.191946e-09    6.804807e-10    3.127812e-10    8.791647e-10 
Cd-112             2.837503e-09    1.294369e-09    7.141940e-10    2.123309e-09 
Cd-113             1.205786e-09    6.613517e-10    3.138313e-10    8.919544e-10 
Cd-114             3.725721e-09    1.568640e-09    9.249014e-10    2.800819e-09 
Cd-115             1.354475e-99    1.000000e-99   3.767806e-100   9.776946e-100 
Cd-116             6.159819e-10    4.161239e-10    1.673679e-10    4.486140e-10 
Cd-117             1.354475e-99    1.000000e-99   3.767806e-100   9.776946e-100 
Cd-118             1.354475e-99    1.000000e-99   3.767806e-100   9.776946e-100 
In-106             1.354475e-99    1.000000e-99   3.767806e-100   9.776946e-100 
In-107             1.354475e-99    1.000000e-99   3.767806e-100   9.776946e-100 
In-108             1.354475e-99    1.000000e-99   3.767806e-100   9.776946e-100 
In-109             1.354475e-99    1.000000e-99   3.767806e-100   9.776946e-100 
In-110             1.354475e-99    1.000000e-99   3.767806e-100   9.776946e-100 
In-111             1.354475e-99    1.000000e-99   3.767806e-100   9.776946e-100 
In-112             1.354475e-99    1.000000e-99   3.767806e-100   9.776946e-100 
In-113             3.471697e-11    2.603856e-11    9.686580e-12    2.503039e-11 
In-114             1.354475e-99    1.000000e-99   3.767806e-100   9.776946e-100 
In-115             1.109615e-09    5.914887e-10    2.870265e-10    8.225885e-10 
In-116             1.354475e-99    1.000000e-99   3.767806e-100   9.776946e-100 
In-117             1.354475e-99    1.000000e-99   3.767806e-100   9.776946e-100 
In-118             1.354475e-99    1.000000e-99   3.767806e-100   9.776946e-100 
In-119             1.354475e-99    1.000000e-99   3.767806e-100   9.776946e-100 
Sn-108             1.354475e-99    1.000000e-99   3.767806e-100   9.776946e-100 
Sn-109             1.354475e-99    1.000000e-99   3.767806e-100   9.776946e-100 
Sn-110             1.354475e-99    1.000000e-99   3.767806e-100   9.776946e-100 
Sn-111             1.354475e-99    1.000000e-99   3.767806e-100   9.776946e-100 
Sn-112             1.625640e-10    1.221013e-10    4.536959e-11    1.171945e-10 
Sn-113             1.354475e-99    1.000000e-99   3.767806e-100   9.776946e-100 
Sn-114             1.132694e-10    8.434768e-11    3.155836e-11    8.171104e-11 
Sn-115             5.872220e-11    4.377132e-11    1.636384e-11    4.235836e-11 
Sn-116             4.632251e-09    1.893153e-09    1.143475e-09    3.488775e-09 
Sn-117             2.009965e-09    1.008332e-09    5.137172e-10    1.496248e-09 
Sn-118             7.375281e-09    3.209171e-09    1.835340e-09    5.539941e-09 
Sn-119             2.463582e-09    1.147018e-09    6.203362e-10    1.843246e-09 
Sn-120             1.050903e-08    4.391253e-09    2.595209e-09    7.913821e-09 
Sn-121             1.354475e-99    1.000000e-99   3.767806e-100   9.776946e-100 
Sn-122             1.055692e-09    6.340593e-10    2.793765e-10    7.763155e-10 
Sn-123             1.354475e-99    1.000000e-99   3.767806e-100   9.776946e-100 
Sn-124             1.086312e-09    8.059500e-10    3.024529e-10    7.838593e-10 
Sn-125             1.354475e-99    1.000000e-99   3.767806e-100   9.776946e-100 
Sn-126             1.384368e-19    1.000000e-99    3.114040e-20    1.072964e-19 
Sn-127             1.354475e-99    1.000000e-99   3.767806e-100   9.776946e-100 
Sn-128             1.354475e-99    1.000000e-99   3.767806e-100   9.776946e-100 
Sn-129             1.354475e-99    1.000000e-99   3.767806e-100   9.776946e-100 
Sn-130             1.354475e-99    1.000000e-99   3.767806e-100   9.776946e-100 
Sb-112             1.354475e-99    1.000000e-99   3.767806e-100   9.776946e-100 
Sb-113             1.354475e-99    1.000000e-99   3.767806e-100   9.776946e-100 
Sb-114             1.354475e-99    1.000000e-99   3.767806e-100   9.776946e-100 
Sb-115             1.354475e-99    1.000000e-99   3.767806e-100   9.776946e-100 
Sb-116             1.354475e-99    1.000000e-99   3.767806e-100   9.776946e-100 
Sb-117             1.354475e-99    1.000000e-99   3.767806e-100   9.776946e-100 
Sb-118             1.354475e-99    1.000000e-99   3.767806e-100   9.776946e-100 
Sb-119             1.354475e-99    1.000000e-99   3.767806e-100   9.776946e-100 
Sb-120             1.354475e-99    1.000000e-99   3.767806e-100   9.776946e-100 
Sb-121             1.201800e-09    6.317758e-10    3.092965e-10    8.925036e-10 
Sb-122             1.354475e-99    1.000000e-99   3.767806e-100   9.776946e-100 
Sb-123             6.806034e-10    4.802946e-10    1.869124e-10    4.936910e-10 
Sb-124             1.354475e-99    1.000000e-99   3.767806e-100   9.776946e-100 
Sb-125             1.354475e-99    1.000000e-99   3.767806e-100   9.776946e-100 
Sb-126             7.882367e-26    1.000000e-99    1.772627e-26    6.109741e-26 
Sb-127             1.354475e-99    1.000000e-99   3.767806e-100   9.776946e-100 
Sb-128             1.354475e-99    1.000000e-99   3.767806e-100   9.776946e-100 
Sb-129             1.354475e-99    1.000000e-99   3.767806e-100   9.776946e-100 
Sb-130             1.354475e-99    1.000000e-99   3.767806e-100   9.776946e-100 
Sb-131             1.354475e-99    1.000000e-99   3.767806e-100   9.776946e-100 
Sb-132             1.354475e-99    1.000000e-99   3.767806e-100   9.776946e-100 
Sb-133             1.354475e-99    1.000000e-99   3.767806e-100   9.776946e-100 
Te-114             1.354475e-99    1.000000e-99   3.767806e-100   9.776946e-100 
Te-115             1.354475e-99    1.000000e-99   3.767806e-100   9.776946e-100 
Te-116             1.354475e-99    1.000000e-99   3.767806e-100   9.776946e-100 
Te-117             1.354475e-99    1.000000e-99   3.767806e-100   9.776946e-100 
Te-118             1.354475e-99    1.000000e-99   3.767806e-100   9.776946e-100 
Te-119             1.354475e-99    1.000000e-99   3.767806e-100   9.776946e-100 
Te-120             2.164412e-11    1.628304e-11    6.042383e-12    1.560174e-11 
Te-121             1.354475e-99    1.000000e-99   3.767806e-100   9.776946e-100 
Te-122             1.184362e-09    4.488662e-10    2.883890e-10    8.959727e-10 
Te-123             4.182121e-10    1.578519e-10    1.018070e-10    3.164051e-10 
Te-124             2.315080e-09    8.440945e-10    5.603182e-10    1.754762e-09 
Te-125             2.076278e-09    1.261335e-09    5.508524e-10    1.525425e-09 
Te-126             6.786010e-09    3.375270e-09    1.727514e-09    5.058495e-09 
Te-127             1.354475e-99    1.000000e-99   3.767806e-100   9.776946e-100 
Te-128             7.921319e-09    5.732895e-09    2.191274e-09    5.730045e-09 
Te-129             1.354475e-99    1.000000e-99   3.767806e-100   9.776946e-100 
Te-130             8.369162e-09    6.210550e-09    2.330296e-09    6.038866e-09 
Te-131             1.354475e-99    1.000000e-99   3.767806e-100   9.776946e-100 
Te-132             1.354475e-99    1.000000e-99   3.767806e-100   9.776946e-100 
Te-133             1.354475e-99    1.000000e-99   3.767806e-100   9.776946e-100 
Te-134             1.354475e-99    1.000000e-99   3.767806e-100   9.776946e-100 
I-117              1.354475e-99    1.000000e-99   3.767806e-100   9.776946e-100 
I-118              1.354475e-99    1.000000e-99   3.767806e-100   9.776946e-100 
I-119              1.354475e-99    1.000000e-99   3.767806e-100   9.776946e-100 
I-120              1.354475e-99    1.000000e-99   3.767806e-100   9.776946e-100 
I-121              1.354475e-99    1.000000e-99   3.767806e-100   9.776946e-100 
I-122              1.354475e-99    1.000000e-99   3.767806e-100   9.776946e-100 
I-123              1.354475e-99    1.000000e-99   3.767806e-100   9.776946e-100 
I-124              1.354475e-99    1.000000e-99   3.767806e-100   9.776946e-100 
I-125              1.354475e-99    1.000000e-99   3.767806e-100   9.776946e-100 
I-126              1.354475e-99    1.000000e-99   3.767806e-100   9.776946e-100 
I-127              2.241865e-09    1.459105e-09    6.038790e-10    1.637986e-09 
I-128              1.354475e-99    1.000000e-99   3.767806e-100   9.776946e-100 
I-129              9.584469e-14    1.000000e-99    2.038740e-14    7.545730e-14 
I-130              1.354475e-99    1.000000e-99   3.767806e-100   9.776946e-100 
I-131              1.354475e-99    1.000000e-99   3.767806e-100   9.776946e-100 
I-132              1.354475e-99    1.000000e-99   3.767806e-100   9.776946e-100 
I-133              1.354475e-99    1.000000e-99   3.767806e-100   9.776946e-100 
I-134              1.354475e-99    1.000000e-99   3.767806e-100   9.776946e-100 
I-135              1.354475e-99    1.000000e-99   3.767806e-100   9.776946e-100 
Xe-118             1.354475e-99    1.000000e-99   3.767806e-100   9.776946e-100 
Xe-119             1.354475e-99    1.000000e-99   3.767806e-100   9.776946e-100 
Xe-120             1.354475e-99    1.000000e-99   3.767806e-100   9.776946e-100 
Xe-121             1.354475e-99    1.000000e-99   3.767806e-100   9.776946e-100 
Xe-122             1.354475e-99    1.000000e-99   3.767806e-100   9.776946e-100 
Xe-123             1.354475e-99    1.000000e-99   3.767806e-100   9.776946e-100 
Xe-124             2.936445e-11    2.209501e-11    8.197889e-12    2.116656e-11 
Xe-125             1.354475e-99    1.000000e-99   3.767806e-100   9.776946e-100 
Xe-126             2.593915e-11    1.949268e-11    7.239932e-12    1.869922e-11 
Xe-127             1.354475e-99    1.000000e-99   3.767806e-100   9.776946e-100 
Xe-128             1.245426e-09    3.942736e-10    2.953529e-10    9.500733e-10 
Xe-129             6.818867e-09    4.892977e-09    1.880882e-09    4.937984e-09 
Xe-130             2.680490e-09    7.865029e-10    6.306182e-10    2.049871e-09 
Xe-131             5.877440e-09    3.944670e-09    1.594983e-09    4.282457e-09 
Xe-132             9.599254e-09    4.806204e-09    2.444530e-09    7.154724e-09 
Xe-133             1.354475e-99    1.000000e-99   3.767806e-100   9.776946e-100 
Xe-134             2.483136e-09    1.787989e-09    6.859052e-10    1.797231e-09 
Xe-135             1.354475e-99    1.000000e-99   3.767806e-100   9.776946e-100 
Xe-136             2.001745e-09    1.478416e-09    5.568401e-10    1.444904e-09 
Xe-137             1.354475e-99    1.000000e-99   3.767806e-100   9.776946e-100 
Xe-138             1.354475e-99    1.000000e-99   3.767806e-100   9.776946e-100 
Cs-123             1.354475e-99    1.000000e-99   3.767806e-100   9.776946e-100 
Cs-124             1.354475e-99    1.000000e-99   3.767806e-100   9.776946e-100 
Cs-125             1.354475e-99    1.000000e-99   3.767806e-100   9.776946e-100 
Cs-126             1.354475e-99    1.000000e-99   3.767806e-100   9.776946e-100 
Cs-127             1.354475e-99    1.000000e-99   3.767806e-100   9.776946e-100 
Cs-128             1.354475e-99    1.000000e-99   3.767806e-100   9.776946e-100 
Cs-129             1.354475e-99    1.000000e-99   3.767806e-100   9.776946e-100 
Cs-130             1.354475e-99    1.000000e-99   3.767806e-100   9.776946e-100 
Cs-131             1.354475e-99    1.000000e-99   3.767806e-100   9.776946e-100 
Cs-132             1.354475e-99    1.000000e-99   3.767806e-100   9.776946e-100 
Cs-133             2.331090e-09    1.426049e-09    6.187276e-10    1.712362e-09 
Cs-134             1.354475e-99    1.000000e-99   3.767806e-100   9.776946e-100 
Cs-135             4.810559e-13    1.000000e-99    1.000089e-13    3.810471e-13 
Cs-136             1.354475e-99    1.000000e-99   3.767806e-100   9.776946e-100 
Cs-137             4.001518e-21    1.000000e-99    9.506958e-22    3.050823e-21 
Cs-138             1.354475e-99    1.000000e-99   3.767806e-100   9.776946e-100 
Cs-139             1.354475e-99    1.000000e-99   3.767806e-100   9.776946e-100 
Ba-124             1.354475e-99    1.000000e-99   3.767806e-100   9.776946e-100 
Ba-125             1.354475e-99    1.000000e-99   3.767806e-100   9.776946e-100 
Ba-126             1.354475e-99    1.000000e-99   3.767806e-100   9.776946e-100 
Ba-127             1.354475e-99    1.000000e-99   3.767806e-100   9.776946e-100 
Ba-128             1.354475e-99    1.000000e-99   3.767806e-100   9.776946e-100 
Ba-129             1.354475e-99    1.000000e-99   3.767806e-100   9.776946e-100 
Ba-130             2.411017e-11    1.814312e-11    6.731093e-12    1.737907e-11 
Ba-131             1.354475e-99    1.000000e-99   3.767806e-100   9.776946e-100 
Ba-132             2.343954e-11    1.762128e-11    6.542771e-12    1.689677e-11 
Ba-133             1.354475e-99    1.000000e-99   3.767806e-100   9.776946e-100 
Ba-134             1.689753e-09    4.272326e-10    3.892148e-10    1.300538e-09 
Ba-135             2.110175e-09    1.173907e-09    5.488359e-10    1.561339e-09 
Ba-136             5.019736e-09    1.408826e-09    1.165727e-09    3.854009e-09 
Ba-137             5.158476e-09    2.029834e-09    1.255137e-09    3.903340e-09 
Ba-138             4.033260e-08    1.305194e-08    9.449114e-09    3.088349e-08 
Ba-139             1.354475e-99    1.000000e-99   3.767806e-100   9.776946e-100 
Ba-140             1.354475e-99    1.000000e-99   3.767806e-100   9.776946e-100 
Ba-141             1.354475e-99    1.000000e-99   3.767806e-100   9.776946e-100 
Ba-142             1.354475e-99    1.000000e-99   3.767806e-100   9.776946e-100 
La-127             1.354475e-99    1.000000e-99   3.767806e-100   9.776946e-100 
La-128             1.354475e-99    1.000000e-99   3.767806e-100   9.776946e-100 
La-129             1.354475e-99    1.000000e-99   3.767806e-100   9.776946e-100 
La-130             1.354475e-99    1.000000e-99   3.767806e-100   9.776946e-100 
La-131             1.354475e-99    1.000000e-99   3.767806e-100   9.776946e-100 
La-132             1.354475e-99    1.000000e-99   3.767806e-100   9.776946e-100 
La-133             1.354475e-99    1.000000e-99   3.767806e-100   9.776946e-100 
La-134             1.354475e-99    1.000000e-99   3.767806e-100   9.776946e-100 
La-135             1.354475e-99    1.000000e-99   3.767806e-100   9.776946e-100 
La-136             1.354475e-99    1.000000e-99   3.767806e-100   9.776946e-100 
La-137             8.441008e-20    1.000000e-99    1.952720e-20    6.488288e-20 
La-138             2.110397e-12    1.603122e-12    5.870859e-13    1.523311e-12 
La-139             4.923704e-09    1.790218e-09    1.172584e-09    3.751120e-09 
La-140             1.354475e-99    1.000000e-99   3.767806e-100   9.776946e-100 
La-141             1.354475e-99    1.000000e-99   3.767806e-100   9.776946e-100 
La-142             1.354475e-99    1.000000e-99   3.767806e-100   9.776946e-100 
La-143             1.354475e-99    1.000000e-99   3.767806e-100   9.776946e-100 
Ce-130             1.354475e-99    1.000000e-99   3.767806e-100   9.776946e-100 
Ce-131             1.354475e-99    1.000000e-99   3.767806e-100   9.776946e-100 
Ce-132             1.354475e-99    1.000000e-99   3.767806e-100   9.776946e-100 
Ce-133             1.354475e-99    1.000000e-99   3.767806e-100   9.776946e-100 
Ce-134             1.354475e-99    1.000000e-99   3.767806e-100   9.776946e-100 
Ce-135             1.354475e-99    1.000000e-99   3.767806e-100   9.776946e-100 
Ce-136             1.115014e-11    8.381751e-12    3.112362e-12    8.037780e-12 
Ce-137             1.354475e-99    1.000000e-99   3.767806e-100   9.776946e-100 
Ce-138             1.530176e-11    1.147744e-11    4.270498e-12    1.103127e-11 
Ce-139             1.354475e-99    1.000000e-99   3.767806e-100   9.776946e-100 
Ce-140             1.183765e-08    4.103022e-09    2.787695e-09    9.049952e-09 
Ce-141             1.354475e-99    1.000000e-99   3.767806e-100   9.776946e-100 
Ce-142             7.393110e-10    5.229277e-10    2.031535e-10    5.361575e-10 
Ce-143             1.354475e-99    1.000000e-99   3.767806e-100   9.776946e-100 
Ce-144             1.354475e-99    1.000000e-99   3.767806e-100   9.776946e-100 
Ce-145             1.354475e-99    1.000000e-99   3.767806e-100   9.776946e-100 
Ce-146             1.354475e-99    1.000000e-99   3.767806e-100   9.776946e-100 
Pr-133             1.354475e-99    1.000000e-99   3.767806e-100   9.776946e-100 
Pr-134             1.354475e-99    1.000000e-99   3.767806e-100   9.776946e-100 
Pr-135             1.354475e-99    1.000000e-99   3.767806e-100   9.776946e-100 
Pr-136             1.354475e-99    1.000000e-99   3.767806e-100   9.776946e-100 
Pr-137             1.354475e-99    1.000000e-99   3.767806e-100   9.776946e-100 
Pr-138             1.354475e-99    1.000000e-99   3.767806e-100   9.776946e-100 
Pr-139             1.354475e-99    1.000000e-99   3.767806e-100   9.776946e-100 
Pr-140             1.354475e-99    1.000000e-99   3.767806e-100   9.776946e-100 
Pr-141             1.491589e-09    6.910381e-10    3.695778e-10    1.122011e-09 
Pr-142             1.354475e-99    1.000000e-99   3.767806e-100   9.776946e-100 
Pr-143             1.354475e-99    1.000000e-99   3.767806e-100   9.776946e-100 
Pr-144             1.354475e-99    1.000000e-99   3.767806e-100   9.776946e-100 
Pr-145             1.354475e-99    1.000000e-99   3.767806e-100   9.776946e-100 
Pr-146             1.354475e-99    1.000000e-99   3.767806e-100   9.776946e-100 
Pr-147             1.354475e-99    1.000000e-99   3.767806e-100   9.776946e-100 
Pr-148             1.354475e-99    1.000000e-99   3.767806e-100   9.776946e-100 
Pr-149             1.354475e-99    1.000000e-99   3.767806e-100   9.776946e-100 
Nd-134             1.354475e-99    1.000000e-99   3.767806e-100   9.776946e-100 
Nd-135             1.354475e-99    1.000000e-99   3.767806e-100   9.776946e-100 
Nd-136             1.354475e-99    1.000000e-99   3.767806e-100   9.776946e-100 
Nd-137             1.354475e-99    1.000000e-99   3.767806e-100   9.776946e-100 
Nd-138             1.354475e-99    1.000000e-99   3.767806e-100   9.776946e-100 
Nd-139             1.354475e-99    1.000000e-99   3.767806e-100   9.776946e-100 
Nd-140             1.354475e-99    1.000000e-99   3.767806e-100   9.776946e-100 
Nd-141             1.354475e-99    1.000000e-99   3.767806e-100   9.776946e-100 
Nd-142             2.848680e-09    9.919756e-10    6.698043e-10    2.178875e-09 
Nd-143             8.176318e-10    4.483556e-10    2.100732e-10    6.075586e-10 
Nd-144             1.833322e-09    8.826112e-10    4.578006e-10    1.375521e-09 
Nd-145             5.330999e-10    3.095487e-10    1.388616e-10    3.942383e-10 
Nd-146             1.442259e-09    6.447718e-10    3.549019e-10    1.087357e-09 
Nd-147             1.354475e-99    1.000000e-99   3.767806e-100   9.776946e-100 
Nd-148             3.276173e-10    2.185025e-10    8.846872e-11    2.391486e-10 
Nd-149             1.354475e-99    1.000000e-99   3.767806e-100   9.776946e-100 
Nd-150             2.889469e-10    2.168256e-10    8.062520e-11    2.083217e-10 
Nd-151             1.354475e-99    1.000000e-99   3.767806e-100   9.776946e-100 
Nd-152             1.354475e-99    1.000000e-99   3.767806e-100   9.776946e-100 
Pm-137             1.354475e-99    1.000000e-99   3.767806e-100   9.776946e-100 
Pm-138             1.354475e-99    1.000000e-99   3.767806e-100   9.776946e-100 
Pm-139             1.354475e-99    1.000000e-99   3.767806e-100   9.776946e-100 
Pm-140             1.354475e-99    1.000000e-99   3.767806e-100   9.776946e-100 
Pm-141             1.354475e-99    1.000000e-99   3.767806e-100   9.776946e-100 
Pm-142             1.354475e-99    1.000000e-99   3.767806e-100   9.776946e-100 
Pm-143             1.354475e-99    1.000000e-99   3.767806e-100   9.776946e-100 
Pm-144             1.354475e-99    1.000000e-99   3.767806e-100   9.776946e-100 
Pm-145             2.359104e-25    1.000000e-99    5.360617e-26    1.823042e-25 
Pm-146             1.354475e-99    1.000000e-99   3.767806e-100   9.776946e-100 
Pm-147             1.354475e-99    1.000000e-99   3.767806e-100   9.776946e-100 
Pm-148             1.354475e-99    1.000000e-99   3.767806e-100   9.776946e-100 
Pm-149             1.354475e-99    1.000000e-99   3.767806e-100   9.776946e-100 
Pm-150             1.354475e-99    1.000000e-99   3.767806e-100   9.776946e-100 
Pm-151             1.354475e-99    1.000000e-99   3.767806e-100   9.776946e-100 
Pm-152             1.354475e-99    1.000000e-99   3.767806e-100   9.776946e-100 
Pm-153             1.354475e-99    1.000000e-99   3.767806e-100   9.776946e-100 
Pm-154             1.354475e-99    1.000000e-99   3.767806e-100   9.776946e-100 
Sm-140             1.354475e-99    1.000000e-99   3.767806e-100   9.776946e-100 
Sm-141             1.354475e-99    1.000000e-99   3.767806e-100   9.776946e-100 
Sm-142             1.354475e-99    1.000000e-99   3.767806e-100   9.776946e-100 
Sm-143             1.354475e-99    1.000000e-99   3.767806e-100   9.776946e-100 
Sm-144             4.919627e-11    3.683532e-11    1.372171e-11    3.547456e-11 
Sm-145             1.354475e-99    1.000000e-99   3.767806e-100   9.776946e-100 
Sm-146             6.101074e-14    1.000000e-99    1.347683e-14    4.753391e-14 
Sm-147             3.103236e-10    1.834427e-10    8.120511e-11    2.291184e-10 
Sm-148             3.470802e-10    1.384631e-10    8.355426e-11    2.635260e-10 
Sm-149             2.548978e-10    1.713731e-10    6.894378e-11    1.859540e-10 
Sm-150             2.445797e-10    9.213125e-11    5.826349e-11    1.863162e-10 
Sm-151             2.218726e-19    1.000000e-99    4.401838e-20    1.778543e-19 
Sm-152             5.503765e-10    3.383156e-10    1.454344e-10    4.049420e-10 
Sm-153             1.354475e-99    1.000000e-99   3.767806e-100   9.776946e-100 
Sm-154             4.045424e-10    2.916240e-10    1.115930e-10    2.929494e-10 
Sm-155             1.354475e-99    1.000000e-99   3.767806e-100   9.776946e-100 
Sm-156             1.354475e-99    1.000000e-99   3.767806e-100   9.776946e-100 
Sm-157             1.354475e-99    1.000000e-99   3.767806e-100   9.776946e-100 
Sm-158             1.354475e-99    1.000000e-99   3.767806e-100   9.776946e-100 
Eu-143             1.354475e-99    1.000000e-99   3.767806e-100   9.776946e-100 
Eu-144             1.354475e-99    1.000000e-99   3.767806e-100   9.776946e-100 
Eu-145             1.354475e-99    1.000000e-99   3.767806e-100   9.776946e-100 
Eu-146             1.354475e-99    1.000000e-99   3.767806e-100   9.776946e-100 
Eu-147             1.354475e-99    1.000000e-99   3.767806e-100   9.776946e-100 
Eu-148             1.354475e-99    1.000000e-99   3.767806e-100   9.776946e-100 
Eu-149             1.354475e-99    1.000000e-99   3.767806e-100   9.776946e-100 
Eu-150             1.354475e-99    1.000000e-99   3.767806e-100   9.776946e-100 
Eu-151             2.883999e-10    2.036004e-10    7.905155e-11    2.093484e-10 
Eu-152             2.185672e-27    1.000000e-99    5.707860e-28    1.614886e-27 
Eu-153             3.185779e-10    2.251965e-10    8.736448e-11    2.312134e-10 
Eu-154             3.830651e-27    1.000000e-99    1.215799e-27    2.614853e-27 
Eu-155             1.354475e-99    1.000000e-99   3.767806e-100   9.776946e-100 
Eu-156             1.354475e-99    1.000000e-99   3.767806e-100   9.776946e-100 
Eu-157             1.354475e-99    1.000000e-99   3.767806e-100   9.776946e-100 
Eu-158             1.354475e-99    1.000000e-99   3.767806e-100   9.776946e-100 
Eu-159             1.354475e-99    1.000000e-99   3.767806e-100   9.776946e-100 
Gd-144             1.354475e-99    1.000000e-99   3.767806e-100   9.776946e-100 
Gd-145             1.354475e-99    1.000000e-99   3.767806e-100   9.776946e-100 
Gd-146             1.354475e-99    1.000000e-99   3.767806e-100   9.776946e-100 
Gd-147             1.354475e-99    1.000000e-99   3.767806e-100   9.776946e-100 
Gd-148             1.354475e-99    1.000000e-99   3.767806e-100   9.776946e-100 
Gd-149             1.354475e-99    1.000000e-99   3.767806e-100   9.776946e-100 
Gd-150             1.354475e-99    1.000000e-99   3.767806e-100   9.776946e-100 
Gd-151             1.354475e-99    1.000000e-99   3.767806e-100   9.776946e-100 
Gd-152             6.146889e-12    2.947193e-12    1.528393e-12    4.618497e-12 
Gd-153             1.354475e-99    1.000000e-99   3.767806e-100   9.776946e-100 
Gd-154             8.408772e-11    3.209515e-11    2.009620e-11    6.399152e-11 
Gd-155             3.118816e-10    2.192151e-10    8.540530e-11    2.264763e-10 
Gd-156             4.824561e-10    3.051047e-10    1.284392e-10    3.540169e-10 
Gd-157             3.482692e-10    2.348264e-10    9.428619e-11    2.539830e-10 
Gd-158             6.444151e-10    3.749720e-10    1.680238e-10    4.763913e-10 
Gd-159             1.354475e-99    1.000000e-99   3.767806e-100   9.776946e-100 
Gd-160             4.554492e-10    3.342894e-10    1.262789e-10    3.291703e-10 
Gd-161             1.354475e-99    1.000000e-99   3.767806e-100   9.776946e-100 
Gd-162             1.354475e-99    1.000000e-99   3.767806e-100   9.776946e-100 
Tb-147             1.354475e-99    1.000000e-99   3.767806e-100   9.776946e-100 
Tb-148             1.354475e-99    1.000000e-99   3.767806e-100   9.776946e-100 
Tb-149             1.354475e-99    1.000000e-99   3.767806e-100   9.776946e-100 
Tb-150             1.354475e-99    1.000000e-99   3.767806e-100   9.776946e-100 
Tb-151             1.354475e-99    1.000000e-99   3.767806e-100   9.776946e-100 
Tb-152             1.354475e-99    1.000000e-99   3.767806e-100   9.776946e-100 
Tb-153             1.354475e-99    1.000000e-99   3.767806e-100   9.776946e-100 
Tb-154             1.354475e-99    1.000000e-99   3.767806e-100   9.776946e-100 
Tb-155             1.354475e-99    1.000000e-99   3.767806e-100   9.776946e-100 
Tb-156             1.354475e-99    1.000000e-99   3.767806e-100   9.776946e-100 
Tb-157             2.982936e-21    1.000000e-99    5.762642e-22    2.406672e-21 
Tb-158             1.049592e-21    1.000000e-99    2.039153e-22    8.456768e-22 
Tb-159             3.999380e-10    2.764904e-10    1.090078e-10    2.909301e-10 
Tb-160             1.354475e-99    1.000000e-99   3.767806e-100   9.776946e-100 
Tb-161             1.354475e-99    1.000000e-99   3.767806e-100   9.776946e-100 
Tb-162             1.354475e-99    1.000000e-99   3.767806e-100   9.776946e-100 
Tb-163             1.354475e-99    1.000000e-99   3.767806e-100   9.776946e-100 
Tb-164             1.354475e-99    1.000000e-99   3.767806e-100   9.776946e-100 
Tb-165             1.354475e-99    1.000000e-99   3.767806e-100   9.776946e-100 
Dy-148             1.354475e-99    1.000000e-99   3.767806e-100   9.776946e-100 
Dy-149             1.354475e-99    1.000000e-99   3.767806e-100   9.776946e-100 
Dy-150             1.354475e-99    1.000000e-99   3.767806e-100   9.776946e-100 
Dy-151             1.354475e-99    1.000000e-99   3.767806e-100   9.776946e-100 
Dy-152             1.354475e-99    1.000000e-99   3.767806e-100   9.776946e-100 
Dy-153             1.354475e-99    1.000000e-99   3.767806e-100   9.776946e-100 
Dy-154             1.354475e-99    1.000000e-99   3.767806e-100   9.776946e-100 
Dy-155             1.354475e-99    1.000000e-99   3.767806e-100   9.776946e-100 
Dy-156             1.333482e-12    1.003681e-12    3.722910e-13    9.611913e-13 
Dy-157             1.354475e-99    1.000000e-99   3.767806e-100   9.776946e-100 
Dy-158             2.325295e-12    1.742654e-12    6.483528e-13    1.676942e-12 
Dy-159             1.354475e-99    1.000000e-99   3.767806e-100   9.776946e-100 
Dy-160             1.079398e-10    4.301488e-11    2.600141e-11    8.193836e-11 
Dy-161             4.908482e-10    3.497843e-10    1.349202e-10    3.559281e-10 
Dy-162             7.397840e-10    4.747974e-10    1.977167e-10    5.420673e-10 
Dy-163             6.539290e-10    4.663048e-10    1.797954e-10    4.741335e-10 
Dy-164             8.737323e-10    5.311557e-10    2.306015e-10    6.431308e-10 
Dy-165             1.354475e-99    1.000000e-99   3.767806e-100   9.776946e-100 
Dy-166             1.354475e-99    1.000000e-99   3.767806e-100   9.776946e-100 
Dy-167             1.354475e-99    1.000000e-99   3.767806e-100   9.776946e-100 
Dy-168             1.354475e-99    1.000000e-99   3.767806e-100   9.776946e-100 
Ho-153             1.354475e-99    1.000000e-99   3.767806e-100   9.776946e-100 
Ho-154             1.354475e-99    1.000000e-99   3.767806e-100   9.776946e-100 
Ho-155             1.354475e-99    1.000000e-99   3.767806e-100   9.776946e-100 
Ho-156             1.354475e-99    1.000000e-99   3.767806e-100   9.776946e-100 
Ho-157             1.354475e-99    1.000000e-99   3.767806e-100   9.776946e-100 
Ho-158             1.354475e-99    1.000000e-99   3.767806e-100   9.776946e-100 
Ho-159             1.354475e-99    1.000000e-99   3.767806e-100   9.776946e-100 
Ho-160             1.354475e-99    1.000000e-99   3.767806e-100   9.776946e-100 
Ho-161             1.354475e-99    1.000000e-99   3.767806e-100   9.776946e-100 
Ho-162             1.354475e-99    1.000000e-99   3.767806e-100   9.776946e-100 
Ho-163             7.151087e-17    1.000000e-99    1.444979e-17    5.706108e-17 
Ho-164             1.354475e-99    1.000000e-99   3.767806e-100   9.776946e-100 
Ho-165             6.105626e-10    4.243917e-10    1.667051e-10    4.438575e-10 
Ho-166             1.354475e-99    1.000000e-99   3.767806e-100   9.776946e-100 
Ho-167             1.354475e-99    1.000000e-99   3.767806e-100   9.776946e-100 
Ho-168             1.354475e-99    1.000000e-99   3.767806e-100   9.776946e-100 
Ho-169             1.354475e-99    1.000000e-99   3.767806e-100   9.776946e-100 
Er-154             1.354475e-99    1.000000e-99   3.767806e-100   9.776946e-100 
Er-155             1.354475e-99    1.000000e-99   3.767806e-100   9.776946e-100 
Er-156             1.354475e-99    1.000000e-99   3.767806e-100   9.776946e-100 
Er-157             1.354475e-99    1.000000e-99   3.767806e-100   9.776946e-100 
Er-158             1.354475e-99    1.000000e-99   3.767806e-100   9.776946e-100 
Er-159             1.354475e-99    1.000000e-99   3.767806e-100   9.776946e-100 
Er-160             1.354475e-99    1.000000e-99   3.767806e-100   9.776946e-100 
Er-161             1.354475e-99    1.000000e-99   3.767806e-100   9.776946e-100 
Er-162             2.137517e-12    1.608861e-12    5.967673e-13    1.540750e-12 
Er-163             1.354475e-99    1.000000e-99   3.767806e-100   9.776946e-100 
Er-164             4.773243e-11    1.912858e-11    1.149236e-11    3.624007e-11 
Er-165             1.354475e-99    1.000000e-99   3.767806e-100   9.776946e-100 
Er-166             6.174901e-10    4.044450e-10    1.659517e-10    4.515384e-10 
Er-167             4.056160e-10    2.775897e-10    1.102858e-10    2.953301e-10 
Er-168             5.891685e-10    3.262608e-10    1.518963e-10    4.372722e-10 
Er-169             1.354475e-99    1.000000e-99   3.767806e-100   9.776946e-100 
Er-170             2.792172e-10    1.839889e-10    7.513553e-11    2.040817e-10 
Er-171             1.354475e-99    1.000000e-99   3.767806e-100   9.776946e-100 
Er-172             1.354475e-99    1.000000e-99   3.767806e-100   9.776946e-100 
Er-173             1.354475e-99    1.000000e-99   3.767806e-100   9.776946e-100 
Er-174             1.354475e-99    1.000000e-99   3.767806e-100   9.776946e-100 
Er-175             1.354475e-99    1.000000e-99   3.767806e-100   9.776946e-100 
Tm-159             1.354475e-99    1.000000e-99   3.767806e-100   9.776946e-100 
Tm-160             1.354475e-99    1.000000e-99   3.767806e-100   9.776946e-100 
Tm-161             1.354475e-99    1.000000e-99   3.767806e-100   9.776946e-100 
Tm-162             1.354475e-99    1.000000e-99   3.767806e-100   9.776946e-100 
Tm-163             1.354475e-99    1.000000e-99   3.767806e-100   9.776946e-100 
Tm-164             1.354475e-99    1.000000e-99   3.767806e-100   9.776946e-100 
Tm-165             1.354475e-99    1.000000e-99   3.767806e-100   9.776946e-100 
Tm-166             1.354475e-99    1.000000e-99   3.767806e-100   9.776946e-100 
Tm-167             1.354475e-99    1.000000e-99   3.767806e-100   9.776946e-100 
Tm-168             1.354475e-99    1.000000e-99   3.767806e-100   9.776946e-100 
Tm-169             2.771489e-10    1.854256e-10    7.488598e-11    2.022629e-10 
Tm-170             1.354475e-99    1.000000e-99   3.767806e-100   9.776946e-100 
Tm-171             1.354475e-99    1.000000e-99   3.767806e-100   9.776946e-100 
Tm-172             1.354475e-99    1.000000e-99   3.767806e-100   9.776946e-100 
Tm-173             1.354475e-99    1.000000e-99   3.767806e-100   9.776946e-100 
Tm-174             1.354475e-99    1.000000e-99   3.767806e-100   9.776946e-100 
Tm-175             1.354475e-99    1.000000e-99   3.767806e-100   9.776946e-100 
Tm-176             1.354475e-99    1.000000e-99   3.767806e-100   9.776946e-100 
Yb-160             1.354475e-99    1.000000e-99   3.767806e-100   9.776946e-100 
Yb-161             1.354475e-99    1.000000e-99   3.767806e-100   9.776946e-100 
Yb-162             1.354475e-99    1.000000e-99   3.767806e-100   9.776946e-100 
Yb-163             1.354475e-99    1.000000e-99   3.767806e-100   9.776946e-100 
Yb-164             1.354475e-99    1.000000e-99   3.767806e-100   9.776946e-100 
Yb-165             1.354475e-99    1.000000e-99   3.767806e-100   9.776946e-100 
Yb-166             1.354475e-99    1.000000e-99   3.767806e-100   9.776946e-100 
Yb-167             1.354475e-99    1.000000e-99   3.767806e-100   9.776946e-100 
Yb-168             2.103495e-12    1.583199e-12    5.872674e-13    1.516227e-12 
Yb-169             1.354475e-99    1.000000e-99   3.767806e-100   9.776946e-100 
Yb-170             9.678493e-11    3.746325e-11    2.321975e-11    7.356518e-11 
Yb-171             2.928102e-10    1.770138e-10    7.708432e-11    2.157259e-10 
Yb-172             5.111513e-10    2.721856e-10    1.305532e-10    3.805981e-10 
Yb-173             3.426634e-10    2.022849e-10    8.965021e-11    2.530132e-10 
Yb-174             8.688375e-10    4.014845e-10    2.150864e-10    6.537511e-10 
Yb-175             1.354475e-99    1.000000e-99   3.767806e-100   9.776946e-100 
Yb-176             3.364017e-10    1.628828e-10    8.430521e-11    2.520964e-10 
Yb-177             1.354475e-99    1.000000e-99   3.767806e-100   9.776946e-100 
Yb-178             1.354475e-99    1.000000e-99   3.767806e-100   9.776946e-100 
Yb-179             1.354475e-99    1.000000e-99   3.767806e-100   9.776946e-100 
Yb-180             1.354475e-99    1.000000e-99   3.767806e-100   9.776946e-100 
Lu-165             1.354475e-99    1.000000e-99   3.767806e-100   9.776946e-100 
Lu-166             1.354475e-99    1.000000e-99   3.767806e-100   9.776946e-100 
Lu-167             1.354475e-99    1.000000e-99   3.767806e-100   9.776946e-100 
Lu-168             1.354475e-99    1.000000e-99   3.767806e-100   9.776946e-100 
Lu-169             1.354475e-99    1.000000e-99   3.767806e-100   9.776946e-100 
Lu-170             1.354475e-99    1.000000e-99   3.767806e-100   9.776946e-100 
Lu-171             1.354475e-99    1.000000e-99   3.767806e-100   9.776946e-100 
Lu-172             1.354475e-99    1.000000e-99   3.767806e-100   9.776946e-100 
Lu-173             1.354475e-99    1.000000e-99   3.767806e-100   9.776946e-100 
Lu-174             1.354475e-99    1.000000e-99   3.767806e-100   9.776946e-100 
Lu-175             2.896619e-10    1.827895e-10    7.703266e-11    2.126293e-10 
Lu-176             2.749963e-11    4.704642e-12    5.897399e-12    2.160224e-11 
Lu-177             1.354475e-99    1.000000e-99   3.767806e-100   9.776946e-100 
Lu-178             1.354475e-99    1.000000e-99   3.767806e-100   9.776946e-100 
Lu-179             1.354475e-99    1.000000e-99   3.767806e-100   9.776946e-100 
Lu-180             1.354475e-99    1.000000e-99   3.767806e-100   9.776946e-100 
Lu-181             1.354475e-99    1.000000e-99   3.767806e-100   9.776946e-100 
Lu-182             1.354475e-99    1.000000e-99   3.767806e-100   9.776946e-100 
Hf-166             1.354475e-99    1.000000e-99   3.767806e-100   9.776946e-100 
Hf-167             1.354475e-99    1.000000e-99   3.767806e-100   9.776946e-100 
Hf-168             1.354475e-99    1.000000e-99   3.767806e-100   9.776946e-100 
Hf-169             1.354475e-99    1.000000e-99   3.767806e-100   9.776946e-100 
Hf-170             1.354475e-99    1.000000e-99   3.767806e-100   9.776946e-100 
Hf-171             1.354475e-99    1.000000e-99   3.767806e-100   9.776946e-100 
Hf-172             1.354475e-99    1.000000e-99   3.767806e-100   9.776946e-100 
Hf-173             1.354475e-99    1.000000e-99   3.767806e-100   9.776946e-100 
Hf-174             1.635983e-12    1.231253e-12    4.567421e-13    1.179241e-12 
Hf-175             1.354475e-99    1.000000e-99   3.767806e-100   9.776946e-100 
Hf-176             6.890439e-11    4.044770e-11    1.802878e-11    5.087561e-11 
Hf-177             2.323438e-10    1.437825e-10    6.149521e-11    1.708486e-10 
Hf-178             4.555410e-10    2.121343e-10    1.128990e-10    3.426419e-10 
Hf-179             2.020512e-10    1.065106e-10    5.141963e-11    1.506316e-10 
Hf-180             6.969702e-10    2.758446e-10    1.672209e-10    5.297493e-10 
Hf-181             1.354475e-99    1.000000e-99   3.767806e-100   9.776946e-100 
Hf-182             5.855127e-14    1.000000e-99    1.176216e-14    4.678911e-14 
Hf-183             1.354475e-99    1.000000e-99   3.767806e-100   9.776946e-100 
Hf-184             1.354475e-99    1.000000e-99   3.767806e-100   9.776946e-100 
Hf-185             1.354475e-99    1.000000e-99   3.767806e-100   9.776946e-100 
Ta-169             1.354475e-99    1.000000e-99   3.767806e-100   9.776946e-100 
Ta-170             1.354475e-99    1.000000e-99   3.767806e-100   9.776946e-100 
Ta-171             1.354475e-99    1.000000e-99   3.767806e-100   9.776946e-100 
Ta-172             1.354475e-99    1.000000e-99   3.767806e-100   9.776946e-100 
Ta-173             1.354475e-99    1.000000e-99   3.767806e-100   9.776946e-100 
Ta-174             1.354475e-99    1.000000e-99   3.767806e-100   9.776946e-100 
Ta-175             1.354475e-99    1.000000e-99   3.767806e-100   9.776946e-100 
Ta-176             1.354475e-99    1.000000e-99   3.767806e-100   9.776946e-100 
Ta-177             1.354475e-99    1.000000e-99   3.767806e-100   9.776946e-100 
Ta-178             1.354475e-99    1.000000e-99   3.767806e-100   9.776946e-100 
Ta-179             1.354475e-99    1.000000e-99   3.767806e-100   9.776946e-100 
Ta-180             3.237644e-14    2.429182e-14    9.030595e-15    2.334584e-14 
Ta-181             3.317727e-10    1.985674e-10    8.699426e-11    2.447784e-10 
Ta-182             2.061817e-21    1.000000e-99    4.141912e-22    1.647626e-21 
Ta-183             1.354475e-99    1.000000e-99   3.767806e-100   9.776946e-100 
Ta-184             1.354475e-99    1.000000e-99   3.767806e-100   9.776946e-100 
Ta-185             1.354475e-99    1.000000e-99   3.767806e-100   9.776946e-100 
Ta-186             1.354475e-99    1.000000e-99   3.767806e-100   9.776946e-100 
W-172              1.354475e-99    1.000000e-99   3.767806e-100   9.776946e-100 
W-173              1.354475e-99    1.000000e-99   3.767806e-100   9.776946e-100 
W-174              1.354475e-99    1.000000e-99   3.767806e-100   9.776946e-100 
W-175              1.354475e-99    1.000000e-99   3.767806e-100   9.776946e-100 
W-176              1.354475e-99    1.000000e-99   3.767806e-100   9.776946e-100 
W-177              1.354475e-99    1.000000e-99   3.767806e-100   9.776946e-100 
W-178              1.354475e-99    1.000000e-99   3.767806e-100   9.776946e-100 
W-179              1.354475e-99    1.000000e-99   3.767806e-100   9.776946e-100 
W-180              1.136110e-12    8.394836e-13    3.154028e-13    8.207071e-13 
W-181              1.354475e-99    1.000000e-99   3.767806e-100   9.776946e-100 
W-182              4.011030e-10    1.877481e-10    9.939128e-11    3.017117e-10 
W-183              2.271539e-10    1.019725e-10    5.577949e-11    1.713744e-10 
W-184              5.143842e-10    2.194930e-10    1.249358e-10    3.894484e-10 
W-185              1.354475e-99    1.000000e-99   3.767806e-100   9.776946e-100 
W-186              3.296217e-10    2.058307e-10    8.739225e-11    2.422295e-10 
W-187              1.354475e-99    1.000000e-99   3.767806e-100   9.776946e-100 
W-188              1.354475e-99    1.000000e-99   3.767806e-100   9.776946e-100 
W-189              1.354475e-99    1.000000e-99   3.767806e-100   9.776946e-100 
W-190              1.354475e-99    1.000000e-99   3.767806e-100   9.776946e-100 
Re-175             1.354475e-99    1.000000e-99   3.767806e-100   9.776946e-100 
Re-176             1.354475e-99    1.000000e-99   3.767806e-100   9.776946e-100 
Re-177             1.354475e-99    1.000000e-99   3.767806e-100   9.776946e-100 
Re-178             1.354475e-99    1.000000e-99   3.767806e-100   9.776946e-100 
Re-179             1.354475e-99    1.000000e-99   3.767806e-100   9.776946e-100 
Re-180             1.354475e-99    1.000000e-99   3.767806e-100   9.776946e-100 
Re-181             1.354475e-99    1.000000e-99   3.767806e-100   9.776946e-100 
Re-182             1.354475e-99    1.000000e-99   3.767806e-100   9.776946e-100 
Re-183             1.354475e-99    1.000000e-99   3.767806e-100   9.776946e-100 
Re-184             1.354475e-99    1.000000e-99   3.767806e-100   9.776946e-100 
Re-185             1.851286e-10    1.047859e-10    4.784497e-11    1.372836e-10 
Re-186             1.354475e-99    1.000000e-99   3.767806e-100   9.776946e-100 
Re-187             2.445932e-10    1.745645e-10    6.682315e-11    1.777700e-10 
Re-188             1.354475e-99    1.000000e-99   3.767806e-100   9.776946e-100 
Re-189             1.354475e-99    1.000000e-99   3.767806e-100   9.776946e-100 
Re-190             1.354475e-99    1.000000e-99   3.767806e-100   9.776946e-100 
Re-191             1.354475e-99    1.000000e-99   3.767806e-100   9.776946e-100 
Os-179             1.354475e-99    1.000000e-99   3.767806e-100   9.776946e-100 
Os-180             1.354475e-99    1.000000e-99   3.767806e-100   9.776946e-100 
Os-181             1.354475e-99    1.000000e-99   3.767806e-100   9.776946e-100 
Os-182             1.354475e-99    1.000000e-99   3.767806e-100   9.776946e-100 
Os-183             1.354475e-99    1.000000e-99   3.767806e-100   9.776946e-100 
Os-184             9.447455e-13    7.108303e-13    2.637496e-13    6.809959e-13 
Os-185             1.354475e-99    1.000000e-99   3.767806e-100   9.776946e-100 
Os-186             1.617458e-10    5.778212e-11    3.800800e-11    1.237378e-10 
Os-187             1.114123e-10    6.271986e-11    2.916615e-11    8.224617e-11 
Os-188             8.073337e-10    4.873616e-10    2.120506e-10    5.952831e-10 
Os-189             8.276573e-10    5.973629e-10    2.282360e-10    5.994213e-10 
Os-190             1.468625e-09    9.765959e-10    3.958645e-10    1.072760e-09 
Os-191             1.354475e-99    1.000000e-99   3.767806e-100   9.776946e-100 
Os-192             2.089105e-09    1.532704e-09    5.791772e-10    1.509928e-09 
Os-193             1.354475e-99    1.000000e-99   3.767806e-100   9.776946e-100 
Os-194             1.354475e-99    1.000000e-99   3.767806e-100   9.776946e-100 
Os-195             1.354475e-99    1.000000e-99   3.767806e-100   9.776946e-100 
Os-196             1.354475e-99    1.000000e-99   3.767806e-100   9.776946e-100 
Ir-181             1.354475e-99    1.000000e-99   3.767806e-100   9.776946e-100 
Ir-182             1.354475e-99    1.000000e-99   3.767806e-100   9.776946e-100 
Ir-183             1.354475e-99    1.000000e-99   3.767806e-100   9.776946e-100 
Ir-184             1.354475e-99    1.000000e-99   3.767806e-100   9.776946e-100 
Ir-185             1.354475e-99    1.000000e-99   3.767806e-100   9.776946e-100 
Ir-186             1.354475e-99    1.000000e-99   3.767806e-100   9.776946e-100 
Ir-187             1.354475e-99    1.000000e-99   3.767806e-100   9.776946e-100 
Ir-188             1.354475e-99    1.000000e-99   3.767806e-100   9.776946e-100 
Ir-189             1.354475e-99    1.000000e-99   3.767806e-100   9.776946e-100 
Ir-190             1.354475e-99    1.000000e-99   3.767806e-100   9.776946e-100 
Ir-191             1.833980e-09    1.357372e-09    5.094978e-10    1.324482e-09 
Ir-192             1.354475e-99    1.000000e-99   3.767806e-100   9.776946e-100 
Ir-193             3.106176e-09    2.308350e-09    8.640444e-10    2.242132e-09 
Ir-194             1.354475e-99    1.000000e-99   3.767806e-100   9.776946e-100 
Ir-195             1.354475e-99    1.000000e-99   3.767806e-100   9.776946e-100 
Ir-196             1.354475e-99    1.000000e-99   3.767806e-100   9.776946e-100 
Ir-197             1.354475e-99    1.000000e-99   3.767806e-100   9.776946e-100 
Pt-184             1.354475e-99    1.000000e-99   3.767806e-100   9.776946e-100 
Pt-185             1.354475e-99    1.000000e-99   3.767806e-100   9.776946e-100 
Pt-186             1.354475e-99    1.000000e-99   3.767806e-100   9.776946e-100 
Pt-187             1.354475e-99    1.000000e-99   3.767806e-100   9.776946e-100 
Pt-188             1.354475e-99    1.000000e-99   3.767806e-100   9.776946e-100 
Pt-189             1.354475e-99    1.000000e-99   3.767806e-100   9.776946e-100 
Pt-190             1.340537e-12    1.008463e-12    3.742355e-13    9.663016e-13 
Pt-191             1.354475e-99    1.000000e-99   3.767806e-100   9.776946e-100 
Pt-192             1.236124e-10    5.850019e-11    3.076415e-11    9.284820e-11 
Pt-193             3.970148e-20    1.000000e-99    7.787293e-21    3.191419e-20 
Pt-194             3.445656e-09    2.489798e-09    9.511099e-10    2.494546e-09 
Pt-195             3.470662e-09    2.568263e-09    9.643833e-10    2.506279e-09 
Pt-196             2.839872e-09    1.926003e-09    7.709876e-10    2.068885e-09 
Pt-197             1.354475e-99    1.000000e-99   3.767806e-100   9.776946e-100 
Pt-198             7.428428e-10    5.521699e-10    2.067780e-10    5.360648e-10 
Pt-199             1.354475e-99    1.000000e-99   3.767806e-100   9.776946e-100 
Pt-200             1.354475e-99    1.000000e-99   3.767806e-100   9.776946e-100 
Pt-201             1.354475e-99    1.000000e-99   3.767806e-100   9.776946e-100 
Pt-202             1.354475e-99    1.000000e-99   3.767806e-100   9.776946e-100 
Au-185             1.354475e-99    1.000000e-99   3.767806e-100   9.776946e-100 
Au-186             1.354475e-99    1.000000e-99   3.767806e-100   9.776946e-100 
Au-187             1.354475e-99    1.000000e-99   3.767806e-100   9.776946e-100 
Au-188             1.354475e-99    1.000000e-99   3.767806e-100   9.776946e-100 
Au-189             1.354475e-99    1.000000e-99   3.767806e-100   9.776946e-100 
Au-190             1.354475e-99    1.000000e-99   3.767806e-100   9.776946e-100 
Au-191             1.354475e-99    1.000000e-99   3.767806e-100   9.776946e-100 
Au-192             1.354475e-99    1.000000e-99   3.767806e-100   9.776946e-100 
Au-193             1.354475e-99    1.000000e-99   3.767806e-100   9.776946e-100 
Au-194             1.354475e-99    1.000000e-99   3.767806e-100   9.776946e-100 
Au-195             1.354475e-99    1.000000e-99   3.767806e-100   9.776946e-100 
Au-196             1.354475e-99    1.000000e-99   3.767806e-100   9.776946e-100 
Au-197             1.525371e-09    1.083301e-09    4.191581e-10    1.106213e-09 
Au-198             1.354475e-99    1.000000e-99   3.767806e-100   9.776946e-100 
Au-199             1.354475e-99    1.000000e-99   3.767806e-100   9.776946e-100 
Au-200             1.354475e-99    1.000000e-99   3.767806e-100   9.776946e-100 
Au-201             1.354475e-99    1.000000e-99   3.767806e-100   9.776946e-100 
Au-202             1.354475e-99    1.000000e-99   3.767806e-100   9.776946e-100 
Au-203             1.354475e-99    1.000000e-99   3.767806e-100   9.776946e-100 
Hg-189             1.354475e-99    1.000000e-99   3.767806e-100   9.776946e-100 
Hg-190             1.354475e-99    1.000000e-99   3.767806e-100   9.776946e-100 
Hg-191             1.354475e-99    1.000000e-99   3.767806e-100   9.776946e-100 
Hg-192             1.354475e-99    1.000000e-99   3.767806e-100   9.776946e-100 
Hg-193             1.354475e-99    1.000000e-99   3.767806e-100   9.776946e-100 
Hg-194             1.354475e-99    1.000000e-99   3.767806e-100   9.776946e-100 
Hg-195             1.354475e-99    1.000000e-99   3.767806e-100   9.776946e-100 
Hg-196             4.006978e-12    3.009384e-12    1.118282e-12    2.888696e-12 
Hg-197             1.354475e-99    1.000000e-99   3.767806e-100   9.776946e-100 
Hg-198             5.257134e-10    1.974950e-10    1.260793e-10    3.996341e-10 
Hg-199             5.654364e-10    3.359915e-10    1.485029e-10    4.169335e-10 
Hg-200             9.773267e-10    4.622210e-10    2.441628e-10    7.331639e-10 
Hg-201             5.039719e-10    2.651107e-10    1.286533e-10    3.753187e-10 
Hg-202             1.339276e-09    6.036257e-10    3.304841e-10    1.008792e-09 
Hg-203             1.354475e-99    1.000000e-99   3.767806e-100   9.776946e-100 
Hg-204             1.990898e-10    1.401373e-10    5.455605e-11    1.445338e-10 
Hg-205             1.354475e-99    1.000000e-99   3.767806e-100   9.776946e-100 
Hg-206             1.354475e-99    1.000000e-99   3.767806e-100   9.776946e-100 
Hg-207             1.354475e-99    1.000000e-99   3.767806e-100   9.776946e-100 
Hg-208             1.354475e-99    1.000000e-99   3.767806e-100   9.776946e-100 
Tl-192             1.354475e-99    1.000000e-99   3.767806e-100   9.776946e-100 
Tl-193             1.354475e-99    1.000000e-99   3.767806e-100   9.776946e-100 
Tl-194             1.354475e-99    1.000000e-99   3.767806e-100   9.776946e-100 
Tl-195             1.354475e-99    1.000000e-99   3.767806e-100   9.776946e-100 
Tl-196             1.354475e-99    1.000000e-99   3.767806e-100   9.776946e-100 
Tl-197             1.354475e-99    1.000000e-99   3.767806e-100   9.776946e-100 
Tl-198             1.354475e-99    1.000000e-99   3.767806e-100   9.776946e-100 
Tl-199             1.354475e-99    1.000000e-99   3.767806e-100   9.776946e-100 
Tl-200             1.354475e-99    1.000000e-99   3.767806e-100   9.776946e-100 
Tl-201             1.354475e-99    1.000000e-99   3.767806e-100   9.776946e-100 
Tl-202             1.354475e-99    1.000000e-99   3.767806e-100   9.776946e-100 
Tl-203             6.569219e-10    3.220729e-10    1.646274e-10    4.922945e-10 
Tl-204             1.354475e-99    1.000000e-99   3.767806e-100   9.776946e-100 
Tl-205             1.432638e-09    7.763865e-10    3.664351e-10    1.066202e-09 
Tl-206             1.354475e-99    1.000000e-99   3.767806e-100   9.776946e-100 
Tl-207             1.354475e-99    1.000000e-99   3.767806e-100   9.776946e-100 
Tl-208             1.354475e-99    1.000000e-99   3.767806e-100   9.776946e-100 
Tl-209             1.354475e-99    1.000000e-99   3.767806e-100   9.776946e-100 
Tl-210             1.354475e-99    1.000000e-99   3.767806e-100   9.776946e-100 
Pb-193             1.354475e-99    1.000000e-99   3.767806e-100   9.776946e-100 
Pb-194             1.354475e-99    1.000000e-99   3.767806e-100   9.776946e-100 
Pb-195             1.354475e-99    1.000000e-99   3.767806e-100   9.776946e-100 
Pb-196             1.354475e-99    1.000000e-99   3.767806e-100   9.776946e-100 
Pb-197             1.354475e-99    1.000000e-99   3.767806e-100   9.776946e-100 
Pb-198             1.354475e-99    1.000000e-99   3.767806e-100   9.776946e-100 
Pb-199             1.354475e-99    1.000000e-99   3.767806e-100   9.776946e-100 
Pb-200             1.354475e-99    1.000000e-99   3.767806e-100   9.776946e-100 
Pb-201             1.354475e-99    1.000000e-99   3.767806e-100   9.776946e-100 
Pb-202             1.354475e-99    1.000000e-99   3.767806e-100   9.776946e-100 
Pb-203             1.354475e-99    1.000000e-99   3.767806e-100   9.776946e-100 
Pb-204             6.892829e-10    2.931006e-10    1.673627e-10    5.219202e-10 
Pb-205             6.566823e-14    1.000000e-99    1.327880e-14    5.238942e-14 
Pb-208             1.273921e-08    8.849766e-09    3.477992e-09    9.261217e-09 
Pb-209             1.354475e-99    1.000000e-99   3.767806e-100   9.776946e-100 
Pb-210             1.354475e-99    1.000000e-99   3.767806e-100   9.776946e-100 
Pb-211             1.354475e-99    1.000000e-99   3.767806e-100   9.776946e-100 
Bi-202             1.354475e-99    1.000000e-99   3.767806e-100   9.776946e-100 
Bi-203             1.354475e-99    1.000000e-99   3.767806e-100   9.776946e-100 
Bi-204             1.354475e-99    1.000000e-99   3.767806e-100   9.776946e-100 
Bi-205             1.354475e-99    1.000000e-99   3.767806e-100   9.776946e-100 
Bi-206             1.354475e-99    1.000000e-99   3.767806e-100   9.776946e-100 
Bi-207             1.354475e-99    1.000000e-99   3.767806e-100   9.776946e-100 
Bi-208             1.354475e-99    1.000000e-99   3.767806e-100   9.776946e-100 
Bi-209             1.186212e-09    8.718247e-10    3.294849e-10    8.567267e-10 
Bi-210             2.077817e-12    1.000000e-99    4.360885e-13    1.641728e-12 
Al-26m1            1.354475e-99    1.000000e-99   3.767806e-100   9.776946e-100 
Kr-85m1            1.354475e-99    1.000000e-99   3.767806e-100   9.776946e-100 
Cd-115m1           1.354475e-99    1.000000e-99   3.767806e-100   9.776946e-100 
Lu-176m1           1.354475e-99    1.000000e-99   3.767806e-100   9.776946e-100 
Ta-180m1           1.354475e-99    1.000000e-99   3.767806e-100   9.776946e-100 
