# Battino yields
# Model: m3z2m2-rotmix.st
# Mini: 3.00
# Z: 2.00e-02
# Mfinal: 0.6593185342726561
# Mfinal (MESA): 0.6794598378016485
# Created by Daniel Boyea on 2024-12-10
isotope         wind_yield      initial_abundance wind_yield_mesaevo wind_yield_postmesa 
Neutron-1          2.340682e-99    1.000000e-99    2.320540e-99   2.014130e-101 
H-1                1.539481e+00    7.064434e-01    1.526355e+00    1.312567e-02 
H-2                5.948392e-06    1.370527e-05    5.901438e-06    4.695392e-08 
He-3               3.271345e-04    4.539991e-05    3.243347e-04    2.799815e-06 
He-4               7.091723e-01    2.734975e-01    7.030391e-01    6.133235e-03 
Be-7               1.445684e-10    1.000000e-99    1.429964e-10    1.571944e-12 
B-8                1.487570e-27    1.000000e-99    1.467508e-27    2.006161e-29 
Li-7               3.723172e-11    7.605094e-11    3.691441e-11    3.173132e-13 
C-11               3.269378e-26    1.000000e-99    3.222019e-26    4.735929e-28 
B-11               6.684262e-09    2.855891e-09    6.626750e-09    5.751139e-11 
C-12               3.460265e-02    3.424729e-03    3.424774e-02    3.549090e-04 
C-13               2.276319e-04    4.156115e-05    2.256841e-04    1.947863e-06 
N-13               1.216856e-20    1.000000e-99    1.191777e-20    2.507922e-22 
N-14               7.192496e-03    1.058808e-03    7.130814e-03    6.168201e-05 
C-14               7.431317e-08    1.000000e-99    7.341435e-08    8.988152e-10 
N-15               4.390963e-06    4.170720e-06    4.353673e-06    3.729020e-08 
O-16               3.283383e-02    9.624352e-03    3.252811e-02    3.057174e-04 
O-17               6.475126e-05    3.813070e-06    6.419649e-05    5.547755e-07 
O-18               3.464949e-05    2.171062e-05    3.435449e-05    2.950075e-07 
F-17               6.878306e-27    1.000000e-99    6.690310e-27    1.879962e-28 
F-18               1.700048e-28    1.000000e-99    1.652990e-28    4.705760e-30 
F-19               4.923882e-06    5.610951e-07    4.869406e-06    5.447694e-08 
Ne-20              4.287965e-03    1.817733e-03    4.250957e-03    3.700768e-05 
Ne-21              1.299835e-05    4.575277e-06    1.288111e-05    1.172431e-07 
Ne-22              2.768957e-03    1.470235e-04    2.738261e-03    3.069592e-05 
Na-22              1.916932e-15    1.000000e-99    1.892496e-15    2.443627e-17 
Na-23              1.528725e-04    3.999546e-05    1.514979e-04    1.374664e-06 
Mg-23              2.340682e-99    1.000000e-99    2.320540e-99   2.014130e-101 
Mg-24              1.390866e-03    5.862424e-04    1.378839e-03    1.202659e-05 
Mg-25              3.080470e-04    7.733092e-05    3.050155e-04    3.031486e-06 
Mg-26              4.737960e-04    8.848024e-05    4.689086e-04    4.887438e-06 
Al-26              1.896114e-07    1.000000e-99    1.876395e-07    1.971910e-09 
Al-27              1.565081e-04    6.481069e-05    1.551479e-04    1.360180e-06 
Si-27              2.340682e-99    1.000000e-99    2.320540e-99   2.014130e-101 
Si-28              1.742668e-03    7.452665e-04    1.727678e-03    1.499019e-05 
Si-29              9.356788e-05    3.919403e-05    9.275825e-05    8.096283e-07 
Si-30              6.909121e-05    2.672780e-05    6.848002e-05    6.111947e-07 
P-31               1.776220e-05    7.106317e-06    1.760622e-05    1.559720e-07 
S-31               2.340682e-99    1.000000e-99    2.320540e-99   2.014130e-101 
Be-8               2.340682e-99    1.000000e-99    2.320540e-99   2.014130e-101 
O-14               2.340682e-99    1.000000e-99    2.320540e-99   2.014130e-101 
O-15               6.260875e-25    1.000000e-99    6.203343e-25    5.753155e-27 
Na-21              1.983595e-34    1.000000e-99    1.922394e-34    6.120096e-36 
Al-25              2.340682e-99    1.000000e-99    2.320540e-99   2.014130e-101 
P-29               2.340682e-99    1.000000e-99    2.320540e-99   2.014130e-101 
P-30               2.340682e-99    1.000000e-99    2.320540e-99   2.014130e-101 
Pb-206             7.952857e-09    2.797732e-09    7.881613e-09    7.124378e-11 
Pb-207             8.330436e-09    3.089652e-09    8.256547e-09    7.388873e-11 
Bi-211             2.340682e-99    1.000000e-99    2.320540e-99   2.014130e-101 
Po-210             2.340682e-99    1.000000e-99    2.320540e-99   2.014130e-101 
F-20               2.340682e-99    1.000000e-99    2.320540e-99   2.014130e-101 
Ne-19              2.340682e-99    1.000000e-99    2.320540e-99   2.014130e-101 
Na-24              2.340682e-99    1.000000e-99    2.320540e-99   2.014130e-101 
Mg-27              2.340682e-99    1.000000e-99    2.320540e-99   2.014130e-101 
Mg-28              2.340682e-99    1.000000e-99    2.320540e-99   2.014130e-101 
Al-28              2.340682e-99    1.000000e-99    2.320540e-99   2.014130e-101 
Al-29              2.340682e-99    1.000000e-99    2.320540e-99   2.014130e-101 
Si-31              2.340682e-99    1.000000e-99    2.320540e-99   2.014130e-101 
Si-32              1.039244e-10    1.000000e-99    1.027256e-10    1.198818e-12 
P-32               2.359590e-14    1.000000e-99    2.332371e-14    2.721902e-16 
P-33               2.340682e-99    1.000000e-99    2.320540e-99   2.014130e-101 
P-34               2.340682e-99    1.000000e-99    2.320540e-99   2.014130e-101 
P-35               2.340682e-99    1.000000e-99    2.320540e-99   2.014130e-101 
S-32               9.327401e-04    4.010872e-04    9.247298e-04    8.010327e-06 
S-33               8.026940e-06    3.264811e-06    7.957076e-06    6.986380e-08 
S-34               4.590256e-05    1.890425e-05    4.550351e-05    3.990525e-07 
S-35               2.340682e-99    1.000000e-99    2.320540e-99   2.014130e-101 
S-36               3.891576e-07    8.072988e-08    3.853203e-07    3.837327e-09 
S-37               2.340682e-99    1.000000e-99    2.320540e-99   2.014130e-101 
S-38               2.340682e-99    1.000000e-99    2.320540e-99   2.014130e-101 
Cl-34              2.340682e-99    1.000000e-99    2.320540e-99   2.014130e-101 
Cl-35              1.575799e-05    6.821093e-06    1.562288e-05    1.351059e-07 
Cl-36              2.972262e-08    1.000000e-99    2.940546e-08    3.171584e-10 
Cl-37              6.489434e-06    2.305792e-06    6.431209e-06    5.822534e-08 
Cl-38              2.340682e-99    1.000000e-99    2.320540e-99   2.014130e-101 
Cl-39              2.340682e-99    1.000000e-99    2.320540e-99   2.014130e-101 
Cl-40              2.340682e-99    1.000000e-99    2.320540e-99   2.014130e-101 
Ar-35              2.340682e-99    1.000000e-99    2.320540e-99   2.014130e-101 
Ar-36              1.893765e-04    8.202156e-05    1.877532e-04    1.623282e-06 
Ar-37              5.848786e-10    1.000000e-99    5.779171e-10    6.961560e-12 
Ar-38              3.793658e-05    1.574147e-05    3.760760e-05    3.289872e-07 
Ar-39              6.950246e-08    1.000000e-99    6.873367e-08    7.687908e-10 
Ar-40              1.267979e-07    2.650196e-08    1.255252e-07    1.272624e-09 
Ar-41              2.340682e-99    1.000000e-99    2.320540e-99   2.014130e-101 
Ar-42              3.919610e-14    1.000000e-99    3.872902e-14    4.670748e-16 
Ar-43              2.340682e-99    1.000000e-99    2.320540e-99   2.014130e-101 
Ar-44              2.340682e-99    1.000000e-99    2.320540e-99   2.014130e-101 
K-38               2.340682e-99    1.000000e-99    2.320540e-99   2.014130e-101 
K-39               9.203555e-06    3.899726e-06    9.124157e-06    7.939729e-08 
K-40               5.100180e-08    5.005111e-10    5.044827e-08    5.535308e-10 
K-41               7.514317e-07    2.958666e-07    7.448348e-07    6.596901e-09 
K-42               1.714991e-18    1.000000e-99    1.694554e-18    2.043645e-20 
K-43               2.340682e-99    1.000000e-99    2.320540e-99   2.014130e-101 
K-44               2.340682e-99    1.000000e-99    2.320540e-99   2.014130e-101 
K-45               2.340682e-99    1.000000e-99    2.320540e-99   2.014130e-101 
K-46               2.340682e-99    1.000000e-99    2.320540e-99   2.014130e-101 
Ca-39              2.340682e-99    1.000000e-99    2.320540e-99   2.014130e-101 
Ca-40              1.674111e-04    7.225208e-05    1.659747e-04    1.436336e-06 
Ca-41              5.838153e-08    1.000000e-99    5.775699e-08    6.245393e-10 
Ca-42              1.295431e-06    5.063333e-07    1.284036e-06    1.139525e-08 
Ca-43              2.804415e-07    1.081646e-07    2.779644e-07    2.477115e-09 
Ca-44              4.036397e-06    1.710212e-06    4.001572e-06    3.482473e-08 
Ca-45              2.340682e-99    1.000000e-99    2.320540e-99   2.014130e-101 
Ca-46              1.398067e-08    3.428473e-09    1.384088e-08    1.397842e-10 
Ca-47              2.340682e-99    1.000000e-99    2.320540e-99   2.014130e-101 
Ca-48              3.907012e-07    1.672498e-07    3.873414e-07    3.359735e-09 
Ca-49              2.340682e-99    1.000000e-99    2.320540e-99   2.014130e-101 
Sc-43              2.340682e-99    1.000000e-99    2.320540e-99   2.014130e-101 
Sc-44              2.340682e-99    1.000000e-99    2.320540e-99   2.014130e-101 
Sc-45              1.494619e-07    5.413715e-08    1.481200e-07    1.341825e-09 
Sc-46              2.340682e-99    1.000000e-99    2.320540e-99   2.014130e-101 
Sc-47              2.340682e-99    1.000000e-99    2.320540e-99   2.014130e-101 
Sc-48              2.340682e-99    1.000000e-99    2.320540e-99   2.014130e-101 
Sc-49              2.340682e-99    1.000000e-99    2.320540e-99   2.014130e-101 
Sc-50              2.340682e-99    1.000000e-99    2.320540e-99   2.014130e-101 
Ti-44              1.078607e-22    1.000000e-99    1.067089e-22    1.151808e-24 
Ti-45              2.340682e-99    1.000000e-99    2.320540e-99   2.014130e-101 
Ti-46              7.669738e-07    3.231782e-07    7.603491e-07    6.624723e-09 
Ti-47              6.898776e-07    2.976998e-07    6.839545e-07    5.923100e-09 
Ti-48              6.903579e-06    3.013765e-06    6.844509e-06    5.906963e-08 
Ti-49              6.155432e-07    2.257335e-07    6.100644e-07    5.478746e-09 
Ti-50              6.535145e-07    2.208013e-07    6.475711e-07    5.943366e-09 
Ti-51              2.340682e-99    1.000000e-99    2.320540e-99   2.014130e-101 
Ti-52              2.340682e-99    1.000000e-99    2.320540e-99   2.014130e-101 
V-47               2.340682e-99    1.000000e-99    2.320540e-99   2.014130e-101 
V-48               2.340682e-99    1.000000e-99    2.320540e-99   2.014130e-101 
V-49               7.098425e-18    1.000000e-99    7.017144e-18    8.128107e-20 
V-50               2.310370e-09    1.015480e-09    2.290637e-09    1.973268e-11 
V-51               9.614930e-07    4.137779e-07    9.532362e-07    8.256805e-09 
V-52               2.340682e-99    1.000000e-99    2.320540e-99   2.014130e-101 
V-53               2.340682e-99    1.000000e-99    2.320540e-99   2.014130e-101 
Cr-48              2.340682e-99    1.000000e-99    2.320540e-99   2.014130e-101 
Cr-49              2.340682e-99    1.000000e-99    2.320540e-99   2.014130e-101 
Cr-50              1.880281e-06    8.265377e-07    1.864222e-06    1.605893e-08 
Cr-51              2.296686e-11    1.000000e-99    2.268060e-11    2.862673e-13 
Cr-52              3.839483e-05    1.657585e-05    3.806545e-05    3.293771e-07 
Cr-53              4.450180e-06    1.915622e-06    4.411973e-06    3.820694e-08 
Cr-54              1.509983e-06    4.857946e-07    1.496143e-06    1.384002e-08 
Cr-55              2.340682e-99    1.000000e-99    2.320540e-99   2.014130e-101 
Cr-56              2.340682e-99    1.000000e-99    2.320540e-99   2.014130e-101 
Mn-51              2.340682e-99    1.000000e-99    2.320540e-99   2.014130e-101 
Mn-52              2.340682e-99    1.000000e-99    2.320540e-99   2.014130e-101 
Mn-53              1.158973e-17    1.000000e-99    1.145912e-17    1.306053e-19 
Mn-54              5.244057e-18    1.000000e-99    5.185003e-18    5.905336e-20 
Mn-55              2.546923e-05    1.098109e-05    2.525081e-05    2.184199e-07 
Mn-56              2.340682e-99    1.000000e-99    2.320540e-99   2.014130e-101 
Mn-57              2.340682e-99    1.000000e-99    2.320540e-99   2.014130e-101 
Fe-52              2.340682e-99    1.000000e-99    2.320540e-99   2.014130e-101 
Fe-53              2.340682e-99    1.000000e-99    2.320540e-99   2.014130e-101 
Fe-54              1.852878e-04    8.118227e-05    1.837041e-04    1.583757e-06 
Fe-55              5.296553e-07    1.000000e-99    5.239647e-07    5.690598e-09 
Fe-56              3.052528e-03    1.321588e-03    3.026361e-03    2.616655e-05 
Fe-57              8.278632e-05    3.106624e-05    8.205361e-05    7.327050e-07 
Fe-58              2.992419e-05    4.206879e-06    2.962199e-05    3.021967e-07 
Fe-59              7.238478e-92    1.000000e-99    7.015011e-92    2.234666e-93 
Fe-60              6.750423e-07    1.000000e-99    6.669855e-07    8.056727e-09 
Fe-61              2.340682e-99    1.000000e-99    2.320540e-99   2.014130e-101 
Co-55              2.340682e-99    1.000000e-99    2.320540e-99   2.014130e-101 
Co-56              2.340682e-99    1.000000e-99    2.320540e-99   2.014130e-101 
Co-57              4.410253e-17    1.000000e-99    4.360323e-17    4.993076e-19 
Co-58              2.529343e-66    1.000000e-99    2.452337e-66    7.700644e-68 
Co-59              1.414908e-05    3.991489e-06    1.401597e-05    1.331022e-07 
Co-60              1.153327e-13    1.000000e-99    1.138790e-13    1.453713e-15 
Co-61              2.340682e-99    1.000000e-99    2.320540e-99   2.014130e-101 
Co-62              2.340682e-99    1.000000e-99    2.320540e-99   2.014130e-101 
Co-63              2.340682e-99    1.000000e-99    2.320540e-99   2.014130e-101 
Ni-56              2.340682e-99    1.000000e-99    2.320540e-99   2.014130e-101 
Ni-57              2.340682e-99    1.000000e-99    2.320540e-99   2.014130e-101 
Ni-58              1.303689e-04    5.710980e-05    1.292545e-04    1.114365e-06 
Ni-59              3.639224e-07    1.000000e-99    3.600307e-07    3.891648e-09 
Ni-60              5.610074e-05    2.275717e-05    5.561121e-05    4.895234e-07 
Ni-61              4.127829e-06    1.005726e-06    4.087975e-06    3.985436e-08 
Ni-62              1.131413e-05    3.259262e-06    1.120683e-05    1.072940e-07 
Ni-63              3.027873e-07    1.000000e-99    2.992926e-07    3.494767e-09 
Ni-64              4.325159e-06    8.568133e-07    4.280371e-06    4.478802e-08 
Ni-65              2.340682e-99    1.000000e-99    2.320540e-99   2.014130e-101 
Ni-66              2.340682e-99    1.000000e-99    2.320540e-99   2.014130e-101 
Ni-67              2.340682e-99    1.000000e-99    2.320540e-99   2.014130e-101 
Ni-68              2.340682e-99    1.000000e-99    2.320540e-99   2.014130e-101 
Cu-60              2.340682e-99    1.000000e-99    2.320540e-99   2.014130e-101 
Cu-61              2.340682e-99    1.000000e-99    2.320540e-99   2.014130e-101 
Cu-62              2.340682e-99    1.000000e-99    2.320540e-99   2.014130e-101 
Cu-63              2.536434e-06    6.600340e-07    2.511873e-06    2.456144e-08 
Cu-64              2.340682e-99    1.000000e-99    2.320540e-99   2.014130e-101 
Cu-65              1.424296e-06    3.034684e-07    1.409732e-06    1.456363e-08 
Cu-66              2.340682e-99    1.000000e-99    2.320540e-99   2.014130e-101 
Cu-67              2.340682e-99    1.000000e-99    2.320540e-99   2.014130e-101 
Cu-68              2.340682e-99    1.000000e-99    2.320540e-99   2.014130e-101 
Cu-69              2.340682e-99    1.000000e-99    2.320540e-99   2.014130e-101 
Cu-70              2.340682e-99    1.000000e-99    2.320540e-99   2.014130e-101 
Cu-71              2.340682e-99    1.000000e-99    2.320540e-99   2.014130e-101 
Zn-62              2.340682e-99    1.000000e-99    2.320540e-99   2.014130e-101 
Zn-63              2.340682e-99    1.000000e-99    2.320540e-99   2.014130e-101 
Zn-64              2.850191e-06    1.130751e-06    2.825060e-06    2.513175e-08 
Zn-65              4.132966e-09    1.000000e-99    4.083619e-09    4.934705e-11 
Zn-66              2.129522e-06    6.690076e-07    2.109333e-06    2.018880e-08 
Zn-67              3.554539e-07    9.980253e-08    3.519884e-07    3.465453e-09 
Zn-68              1.646915e-06    4.632262e-07    1.630719e-06    1.619568e-08 
Zn-69              2.340682e-99    1.000000e-99    2.320540e-99   2.014130e-101 
Zn-70              3.693430e-08    1.576786e-08    3.661502e-08    3.192796e-10 
Zn-71              2.340682e-99    1.000000e-99    2.320540e-99   2.014130e-101 
Zn-72              2.340682e-99    1.000000e-99    2.320540e-99   2.014130e-101 
Zn-73              2.340682e-99    1.000000e-99    2.320540e-99   2.014130e-101 
Zn-74              2.340682e-99    1.000000e-99    2.320540e-99   2.014130e-101 
Ga-65              2.340682e-99    1.000000e-99    2.320540e-99   2.014130e-101 
Ga-66              2.340682e-99    1.000000e-99    2.320540e-99   2.014130e-101 
Ga-67              2.340682e-99    1.000000e-99    2.320540e-99   2.014130e-101 
Ga-68              2.340682e-99    1.000000e-99    2.320540e-99   2.014130e-101 
Ga-69              1.830605e-07    4.550546e-08    1.812084e-07    1.852145e-09 
Ga-70              2.340682e-99    1.000000e-99    2.320540e-99   2.014130e-101 
Ga-71              1.205746e-07    3.107622e-08    1.193654e-07    1.209193e-09 
Ga-72              2.340682e-99    1.000000e-99    2.320540e-99   2.014130e-101 
Ga-73              2.340682e-99    1.000000e-99    2.320540e-99   2.014130e-101 
Ga-74              2.340682e-99    1.000000e-99    2.320540e-99   2.014130e-101 
Ga-75              2.340682e-99    1.000000e-99    2.320540e-99   2.014130e-101 
Ge-66              2.340682e-99    1.000000e-99    2.320540e-99   2.014130e-101 
Ge-67              2.340682e-99    1.000000e-99    2.320540e-99   2.014130e-101 
Ge-68              2.340682e-99    1.000000e-99    2.320540e-99   2.014130e-101 
Ge-69              2.340682e-99    1.000000e-99    2.320540e-99   2.014130e-101 
Ge-70              2.283339e-07    5.157185e-08    2.259783e-07    2.355673e-09 
Ge-71              2.340682e-99    1.000000e-99    2.320541e-99   2.014131e-101 
Ge-72              2.628963e-07    6.910333e-08    2.602666e-07    2.629626e-09 
Ge-73              7.506434e-08    1.954584e-08    7.431206e-08    7.522786e-10 
Ge-74              3.689574e-07    9.228454e-08    3.652321e-07    3.725298e-09 
Ge-75              2.340682e-99    1.000000e-99    2.320540e-99   2.014130e-101 
Ge-76              4.576957e-08    1.962921e-08    4.537450e-08    3.950654e-10 
Ge-77              2.340682e-99    1.000000e-99    2.320540e-99   2.014130e-101 
Ge-78              2.340682e-99    1.000000e-99    2.320540e-99   2.014130e-101 
As-69              2.340682e-99    1.000000e-99    2.320540e-99   2.014130e-101 
As-70              2.340682e-99    1.000000e-99    2.320540e-99   2.014130e-101 
As-71              2.340682e-99    1.000000e-99    2.320540e-99   2.014130e-101 
As-72              2.340682e-99    1.000000e-99    2.320540e-99   2.014130e-101 
As-73              2.340682e-99    1.000000e-99    2.320540e-99   2.014130e-101 
As-74              1.124135e-23    1.000000e-99    1.109183e-23    1.495153e-25 
As-75              4.836035e-08    1.430027e-08    4.789011e-08    4.702465e-10 
As-76              2.340682e-99    1.000000e-99    2.320540e-99   2.014130e-101 
As-77              2.340682e-99    1.000000e-99    2.320540e-99   2.014130e-101 
As-78              2.340682e-99    1.000000e-99    2.320540e-99   2.014130e-101 
As-79              2.340682e-99    1.000000e-99    2.320540e-99   2.014130e-101 
As-80              2.340682e-99    1.000000e-99    2.320540e-99   2.014130e-101 
As-81              2.340682e-99    1.000000e-99    2.320540e-99   2.014130e-101 
Se-72              2.340682e-99    1.000000e-99    2.320540e-99   2.014130e-101 
Se-73              2.340682e-99    1.000000e-99    2.320540e-99   2.014130e-101 
Se-74              2.711751e-09    1.197888e-09    2.688620e-09    2.313111e-11 
Se-75              2.340682e-99    1.000000e-99    2.320540e-99   2.014130e-101 
Se-76              6.369424e-08    1.296136e-08    6.302751e-08    6.667350e-10 
Se-77              3.753720e-08    1.070490e-08    3.716933e-08    3.678727e-10 
Se-78              1.558882e-07    3.376317e-08    1.542817e-07    1.606418e-09 
Se-79              1.407805e-08    1.000000e-99    1.390856e-08    1.694894e-10 
Se-80              2.389365e-07    7.226298e-08    2.366509e-07    2.285648e-09 
Se-81              2.340682e-99    1.000000e-99    2.320540e-99   2.014130e-101 
Se-82              3.019095e-08    1.303649e-08    2.993177e-08    2.591793e-10 
Se-83              2.340682e-99    1.000000e-99    2.320540e-99   2.014130e-101 
Se-84              2.340682e-99    1.000000e-99    2.320540e-99   2.014130e-101 
Br-74              2.340682e-99    1.000000e-99    2.320540e-99   2.014130e-101 
Br-75              2.340682e-99    1.000000e-99    2.320540e-99   2.014130e-101 
Br-76              2.340682e-99    1.000000e-99    2.320540e-99   2.014130e-101 
Br-77              2.340682e-99    1.000000e-99    2.320540e-99   2.014130e-101 
Br-78              2.340682e-99    1.000000e-99    2.320540e-99   2.014130e-101 
Br-79              3.374450e-08    1.389306e-08    3.344942e-08    2.950814e-10 
Br-80              2.340682e-99    1.000000e-99    2.320540e-99   2.014130e-101 
Br-81              4.442514e-08    1.385920e-08    4.400381e-08    4.213296e-10 
Br-82              2.340682e-99    1.000000e-99    2.320540e-99   2.014130e-101 
Br-83              2.340682e-99    1.000000e-99    2.320540e-99   2.014130e-101 
Br-84              2.340682e-99    1.000000e-99    2.320540e-99   2.014130e-101 
Br-85              2.340682e-99    1.000000e-99    2.320540e-99   2.014130e-101 
Br-86              2.340682e-99    1.000000e-99    2.320540e-99   2.014130e-101 
Br-87              2.340682e-99    1.000000e-99    2.320540e-99   2.014130e-101 
Kr-76              2.340682e-99    1.000000e-99    2.320540e-99   2.014130e-101 
Kr-77              2.340682e-99    1.000000e-99    2.320540e-99   2.014130e-101 
Kr-78              8.828586e-10    3.900193e-10    8.753280e-10    7.530609e-12 
Kr-79              2.340682e-99    1.000000e-99    2.320540e-99   2.014130e-101 
Kr-80              7.427683e-09    2.574713e-09    7.358965e-09    6.871831e-11 
Kr-81              7.317036e-10    1.000000e-99    7.228674e-10    8.836117e-12 
Kr-82              6.669198e-08    1.319540e-08    6.600832e-08    6.836507e-10 
Kr-83              4.353941e-08    1.324168e-08    4.312670e-08    4.127114e-10 
Kr-84              2.401394e-07    6.601984e-08    2.378367e-07    2.302710e-09 
Kr-85              2.547455e-12    1.000000e-99    2.515581e-12    3.187405e-14 
Kr-86              8.630295e-08    2.044383e-08    8.544483e-08    8.581229e-10 
Kr-87              2.340682e-99    1.000000e-99    2.320540e-99   2.014130e-101 
Kr-88              2.340682e-99    1.000000e-99    2.320540e-99   2.014130e-101 
Kr-89              2.340682e-99    1.000000e-99    2.320540e-99   2.014130e-101 
Kr-90              2.340682e-99    1.000000e-99    2.320540e-99   2.014130e-101 
Rb-79              2.340682e-99    1.000000e-99    2.320540e-99   2.014130e-101 
Rb-80              2.340682e-99    1.000000e-99    2.320540e-99   2.014130e-101 
Rb-81              2.340682e-99    1.000000e-99    2.320540e-99   2.014130e-101 
Rb-82              2.340682e-99    1.000000e-99    2.320540e-99   2.014130e-101 
Rb-83              2.340682e-99    1.000000e-99    2.320540e-99   2.014130e-101 
Rb-84              3.818729e-26    1.000000e-99    3.769479e-26    4.925011e-28 
Rb-85              5.382220e-08    1.282422e-08    5.329397e-08    5.282341e-10 
Rb-86              2.340682e-99    1.000000e-99    2.320540e-99   2.014130e-101 
Rb-87              3.294866e-08    5.062758e-09    3.259730e-08    3.513535e-10 
Rb-88              2.340682e-99    1.000000e-99    2.320540e-99   2.014130e-101 
Rb-89              2.340682e-99    1.000000e-99    2.320540e-99   2.014130e-101 
Rb-90              2.340682e-99    1.000000e-99    2.320540e-99   2.014130e-101 
Rb-91              2.340682e-99    1.000000e-99    2.320540e-99   2.014130e-101 
Sr-80              2.340682e-99    1.000000e-99    2.320540e-99   2.014130e-101 
Sr-81              2.340682e-99    1.000000e-99    2.320540e-99   2.014130e-101 
Sr-82              2.340682e-99    1.000000e-99    2.320540e-99   2.014130e-101 
Sr-83              2.340682e-99    1.000000e-99    2.320540e-99   2.014130e-101 
Sr-84              7.306247e-10    3.227999e-10    7.243928e-10    6.231894e-12 
Sr-85              2.340682e-99    1.000000e-99    2.320540e-99   2.014130e-101 
Sr-86              3.907770e-08    5.844553e-09    3.868032e-08    3.973828e-10 
Sr-87              2.663711e-08    4.443118e-09    2.637311e-08    2.640018e-10 
Sr-88              3.863874e-07    5.010796e-08    3.826104e-07    3.777033e-09 
Sr-89              2.340682e-99    1.000000e-99    2.320540e-99   2.014130e-101 
Sr-90              3.634359e-11    1.000000e-99    3.594396e-11    3.996220e-13 
Sr-91              2.340682e-99    1.000000e-99    2.320540e-99   2.014130e-101 
Sr-92              2.340682e-99    1.000000e-99    2.320540e-99   2.014130e-101 
Sr-93              2.340682e-99    1.000000e-99    2.320540e-99   2.014130e-101 
Sr-94              2.340682e-99    1.000000e-99    2.320540e-99   2.014130e-101 
Y-85               2.340682e-99    1.000000e-99    2.320540e-99   2.014130e-101 
Y-86               2.340682e-99    1.000000e-99    2.320540e-99   2.014130e-101 
Y-87               2.340682e-99    1.000000e-99    2.320540e-99   2.014130e-101 
Y-88               2.340682e-99    1.000000e-99    2.320540e-99   2.014130e-101 
Y-89               1.044090e-07    1.229343e-08    1.033862e-07    1.022797e-09 
Y-90               9.245737e-15    1.000000e-99    9.144074e-15    1.016630e-16 
Y-91               2.340682e-99    1.000000e-99    2.320540e-99   2.014130e-101 
Y-92               2.340682e-99    1.000000e-99    2.320540e-99   2.014130e-101 
Y-93               2.340682e-99    1.000000e-99    2.320540e-99   2.014130e-101 
Y-94               2.340682e-99    1.000000e-99    2.320540e-99   2.014130e-101 
Y-95               2.340682e-99    1.000000e-99    2.320540e-99   2.014130e-101 
Y-96               2.340682e-99    1.000000e-99    2.320540e-99   2.014130e-101 
Zr-86              2.340682e-99    1.000000e-99    2.320540e-99   2.014130e-101 
Zr-87              2.340682e-99    1.000000e-99    2.320540e-99   2.014130e-101 
Zr-88              2.340682e-99    1.000000e-99    2.320540e-99   2.014130e-101 
Zr-89              2.340682e-99    1.000000e-99    2.320540e-99   2.014130e-101 
Zr-90              1.021592e-07    1.534361e-08    1.011821e-07    9.771529e-10 
Zr-91              2.776160e-08    3.384023e-09    2.749221e-08    2.693954e-10 
Zr-92              4.335646e-08    5.226772e-09    4.293426e-08    4.221962e-10 
Zr-93              1.136516e-08    1.000000e-99    1.124919e-08    1.159651e-10 
Zr-94              4.763852e-08    5.413280e-09    4.717492e-08    4.635994e-10 
Zr-95              2.340682e-99    1.000000e-99    2.320540e-99   2.014130e-101 
Zr-96              5.888966e-09    8.903423e-10    5.828905e-09    6.006047e-11 
Zr-97              2.340682e-99    1.000000e-99    2.320540e-99   2.014130e-101 
Zr-98              2.340682e-99    1.000000e-99    2.320540e-99   2.014130e-101 
Nb-89              2.340682e-99    1.000000e-99    2.320540e-99   2.014130e-101 
Nb-90              2.340682e-99    1.000000e-99    2.320540e-99   2.014130e-101 
Nb-91              1.888564e-26    1.000000e-99    1.868424e-26    2.013955e-28 
Nb-92              2.340682e-99    1.000000e-99    2.320540e-99   2.014130e-101 
Nb-93              4.309032e-09    1.900054e-09    4.272265e-09    3.676741e-11 
Nb-94              9.283286e-14    1.000000e-99    9.183666e-14    9.961997e-16 
Nb-95              2.340682e-99    1.000000e-99    2.320540e-99   2.014130e-101 
Nb-96              2.340682e-99    1.000000e-99    2.320540e-99   2.014130e-101 
Nb-97              2.340682e-99    1.000000e-99    2.320540e-99   2.014130e-101 
Nb-98              2.340682e-99    1.000000e-99    2.320540e-99   2.014130e-101 
Nb-99              2.340682e-99    1.000000e-99    2.320540e-99   2.014130e-101 
Mo-90              2.340682e-99    1.000000e-99    2.320540e-99   2.014130e-101 
Mo-91              2.340682e-99    1.000000e-99    2.320540e-99   2.014130e-101 
Mo-92              2.299357e-09    1.012496e-09    2.279727e-09    1.962981e-11 
Mo-93              2.288310e-12    1.000000e-99    2.263557e-12    2.475375e-14 
Mo-94              1.528500e-09    6.447522e-10    1.515353e-09    1.314697e-11 
Mo-95              7.948489e-09    1.121895e-09    7.871543e-09    7.694667e-11 
Mo-96              1.139441e-08    1.187505e-09    1.128298e-08    1.114376e-10 
Mo-97              4.364488e-09    6.875272e-10    4.322572e-09    4.191671e-11 
Mo-98              1.306864e-08    1.754359e-09    1.294229e-08    1.263542e-10 
Mo-99              2.340682e-99    1.000000e-99    2.320540e-99   2.014130e-101 
Mo-100             2.379213e-09    7.146065e-10    2.357447e-09    2.176588e-11 
Mo-101             2.340682e-99    1.000000e-99    2.320540e-99   2.014130e-101 
Mo-102             2.340682e-99    1.000000e-99    2.320540e-99   2.014130e-101 
Tc-93              2.340682e-99    1.000000e-99    2.320540e-99   2.014130e-101 
Tc-94              2.340682e-99    1.000000e-99    2.320540e-99   2.014130e-101 
Tc-95              2.340682e-99    1.000000e-99    2.320540e-99   2.014130e-101 
Tc-96              2.340682e-99    1.000000e-99    2.320540e-99   2.014130e-101 
Tc-97              9.004047e-14    1.000000e-99    8.905457e-14    9.858983e-16 
Tc-98              3.191845e-14    1.000000e-99    3.157408e-14    3.443683e-16 
Tc-99              1.203216e-09    1.000000e-99    1.190964e-09    1.225193e-11 
Tc-100             2.340682e-99    1.000000e-99    2.320540e-99   2.014130e-101 
Tc-101             2.340682e-99    1.000000e-99    2.320540e-99   2.014130e-101 
Tc-102             2.340682e-99    1.000000e-99    2.320540e-99   2.014130e-101 
Tc-103             2.340682e-99    1.000000e-99    2.320540e-99   2.014130e-101 
Tc-104             2.340682e-99    1.000000e-99    2.320540e-99   2.014130e-101 
Tc-105             2.340682e-99    1.000000e-99    2.320540e-99   2.014130e-101 
Ru-94              2.340682e-99    1.000000e-99    2.320540e-99   2.014130e-101 
Ru-95              2.340682e-99    1.000000e-99    2.320540e-99   2.014130e-101 
Ru-96              6.624633e-10    2.925638e-10    6.568121e-10    5.651188e-12 
Ru-97              2.340682e-99    1.000000e-99    2.320540e-99   2.014130e-101 
Ru-98              2.287615e-10    1.007098e-10    2.268082e-10    1.953285e-12 
Ru-99              1.611525e-09    6.945400e-10    1.597721e-09    1.380426e-11 
Ru-100             5.707531e-09    6.927902e-10    5.652254e-09    5.527650e-11 
Ru-101             3.103973e-09    9.475089e-10    3.075949e-09    2.802448e-11 
Ru-102             9.958782e-09    1.769736e-09    9.864387e-09    9.439512e-11 
Ru-103             2.340682e-99    1.000000e-99    2.320540e-99   2.014130e-101 
Ru-104             2.961744e-09    1.064926e-09    2.935462e-09    2.628174e-11 
Ru-105             2.340682e-99    1.000000e-99    2.320540e-99   2.014130e-101 
Ru-106             7.297454e-56    1.000000e-99    7.230645e-56    6.680823e-58 
Rh-98              2.340682e-99    1.000000e-99    2.320540e-99   2.014130e-101 
Rh-99              2.340682e-99    1.000000e-99    2.320540e-99   2.014130e-101 
Rh-100             2.340682e-99    1.000000e-99    2.320540e-99   2.014130e-101 
Rh-101             2.340682e-99    1.000000e-99    2.320540e-99   2.014130e-101 
Rh-102             2.340682e-99    1.000000e-99    2.320540e-99   2.014130e-101 
Rh-103             3.452555e-09    1.054679e-09    3.421408e-09    3.114651e-11 
Rh-104             2.340682e-99    1.000000e-99    2.320540e-99   2.014130e-101 
Rh-105             2.340682e-99    1.000000e-99    2.320540e-99   2.014130e-101 
Rh-106             2.340682e-99    1.000000e-99    2.320540e-99   2.014130e-101 
Rh-107             2.340682e-99    1.000000e-99    2.320540e-99   2.014130e-101 
Rh-108             2.340682e-99    1.000000e-99    2.320540e-99   2.014130e-101 
Pd-99              2.340682e-99    1.000000e-99    2.320540e-99   2.014130e-101 
Pd-100             2.340682e-99    1.000000e-99    2.320540e-99   2.014130e-101 
Pd-101             2.340682e-99    1.000000e-99    2.320540e-99   2.014130e-101 
Pd-102             9.599359e-11    4.241146e-11    9.517481e-11    8.187803e-13 
Pd-103             2.340682e-99    1.000000e-99    2.320540e-99   2.014130e-101 
Pd-104             4.052322e-09    4.722820e-10    4.013110e-09    3.921161e-11 
Pd-105             2.994455e-09    9.557865e-10    2.967598e-09    2.685667e-11 
Pd-106             6.378592e-09    1.180942e-09    6.318363e-09    6.022911e-11 
Pd-107             7.232010e-10    1.000000e-99    7.158977e-10    7.303329e-12 
Pd-108             7.206863e-09    1.164921e-09    7.138261e-09    6.860192e-11 
Pd-109             2.340682e-99    1.000000e-99    2.320540e-99   2.014130e-101 
Pd-110             1.833667e-09    5.255369e-10    1.816836e-09    1.683054e-11 
Pd-111             2.340682e-99    1.000000e-99    2.320540e-99   2.014130e-101 
Pd-112             2.340682e-99    1.000000e-99    2.320540e-99   2.014130e-101 
Ag-101             2.340682e-99    1.000000e-99    2.320540e-99   2.014130e-101 
Ag-102             2.340682e-99    1.000000e-99    2.320540e-99   2.014130e-101 
Ag-103             2.340682e-99    1.000000e-99    2.320540e-99   2.014130e-101 
Ag-104             2.340682e-99    1.000000e-99    2.320540e-99   2.014130e-101 
Ag-105             2.340682e-99    1.000000e-99    2.320540e-99   2.014130e-101 
Ag-106             2.340682e-99    1.000000e-99    2.320540e-99   2.014130e-101 
Ag-107             1.774492e-09    7.840161e-10    1.759356e-09    1.513536e-11 
Ag-108             2.340682e-99    1.000000e-99    2.320540e-99   2.014130e-101 
Ag-109             3.000698e-09    7.419986e-10    2.973046e-09    2.765180e-11 
Ag-110             2.340682e-99    1.000000e-99    2.320540e-99   2.014130e-101 
Ag-111             2.340682e-99    1.000000e-99    2.320540e-99   2.014130e-101 
Ag-112             2.340682e-99    1.000000e-99    2.320540e-99   2.014130e-101 
Ag-113             2.340682e-99    1.000000e-99    2.320540e-99   2.014130e-101 
Cd-102             2.340682e-99    1.000000e-99    2.320540e-99   2.014130e-101 
Cd-103             2.340682e-99    1.000000e-99    2.320540e-99   2.014130e-101 
Cd-104             2.340682e-99    1.000000e-99    2.320540e-99   2.014130e-101 
Cd-105             2.340682e-99    1.000000e-99    2.320540e-99   2.014130e-101 
Cd-106             1.436473e-10    6.345981e-11    1.424220e-10    1.225276e-12 
Cd-107             2.340682e-99    1.000000e-99    2.320540e-99   2.014130e-101 
Cd-108             1.071382e-10    4.603590e-11    1.062187e-10    9.194849e-13 
Cd-109             1.902940e-31    1.000000e-99    1.881185e-31    2.175503e-33 
Cd-110             5.050106e-09    6.580184e-10    5.001592e-09    4.851464e-11 
Cd-111             2.830163e-09    6.804807e-10    2.804014e-09    2.614908e-11 
Cd-112             7.836637e-09    1.294369e-09    7.762181e-09    7.445537e-11 
Cd-113             2.922098e-09    6.613518e-10    2.894966e-09    2.713201e-11 
Cd-114             1.062955e-08    1.568640e-09    1.052797e-08    1.015857e-10 
Cd-115             2.340682e-99    1.000000e-99    2.320540e-99   2.014130e-101 
Cd-116             2.270197e-09    4.161239e-10    2.248274e-09    2.192271e-11 
Cd-117             2.340682e-99    1.000000e-99    2.320540e-99   2.014130e-101 
Cd-118             2.340682e-99    1.000000e-99    2.320540e-99   2.014130e-101 
In-106             2.340682e-99    1.000000e-99    2.320540e-99   2.014130e-101 
In-107             2.340682e-99    1.000000e-99    2.320540e-99   2.014130e-101 
In-108             2.340682e-99    1.000000e-99    2.320540e-99   2.014130e-101 
In-109             2.340682e-99    1.000000e-99    2.320540e-99   2.014130e-101 
In-110             2.340682e-99    1.000000e-99    2.320540e-99   2.014130e-101 
In-111             2.340682e-99    1.000000e-99    2.320540e-99   2.014130e-101 
In-112             2.340682e-99    1.000000e-99    2.320540e-99   2.014130e-101 
In-113             5.898723e-11    2.603851e-11    5.848398e-11    5.032582e-13 
In-114             2.340682e-99    1.000000e-99    2.320540e-99   2.014130e-101 
In-115             2.769592e-09    5.914896e-10    2.743743e-09    2.584884e-11 
In-116             2.340682e-99    1.000000e-99    2.320540e-99   2.014130e-101 
In-117             2.340682e-99    1.000000e-99    2.320540e-99   2.014130e-101 
In-118             2.340682e-99    1.000000e-99    2.320540e-99   2.014130e-101 
In-119             2.340682e-99    1.000000e-99    2.320540e-99   2.014130e-101 
Sn-108             2.340682e-99    1.000000e-99    2.320540e-99   2.014130e-101 
Sn-109             2.340682e-99    1.000000e-99    2.320540e-99   2.014130e-101 
Sn-110             2.340682e-99    1.000000e-99    2.320540e-99   2.014130e-101 
Sn-111             2.340682e-99    1.000000e-99    2.320540e-99   2.014130e-101 
Sn-112             2.764765e-10    1.221013e-10    2.741180e-10    2.358496e-12 
Sn-113             2.340682e-99    1.000000e-99    2.320540e-99   2.014130e-101 
Sn-114             1.919412e-10    8.434768e-11    1.903017e-10    1.639549e-12 
Sn-115             9.961598e-11    4.377039e-11    9.876506e-11    8.509202e-13 
Sn-116             1.268747e-08    1.893153e-09    1.256661e-08    1.208641e-10 
Sn-117             5.141331e-09    1.008332e-09    5.093051e-09    4.828053e-11 
Sn-118             2.066859e-08    3.209171e-09    2.047141e-08    1.971859e-10 
Sn-119             6.584739e-09    1.147018e-09    6.522352e-09    6.238710e-11 
Sn-120             2.922513e-08    4.391253e-09    2.894543e-08    2.797026e-10 
Sn-121             2.340682e-99    1.000000e-99    2.320540e-99   2.014130e-101 
Sn-122             4.050630e-09    6.340593e-10    4.010458e-09    4.017184e-11 
Sn-123             2.340682e-99    1.000000e-99    2.320540e-99   2.014130e-101 
Sn-124             1.884593e-09    8.059500e-10    1.868357e-09    1.623604e-11 
Sn-125             2.340682e-99    1.000000e-99    2.320540e-99   2.014130e-101 
Sn-126             7.330083e-14    1.000000e-99    7.241765e-14    8.831798e-16 
Sn-127             2.340682e-99    1.000000e-99    2.320540e-99   2.014130e-101 
Sn-128             2.340682e-99    1.000000e-99    2.320540e-99   2.014130e-101 
Sn-129             2.340682e-99    1.000000e-99    2.320540e-99   2.014130e-101 
Sn-130             2.340682e-99    1.000000e-99    2.320540e-99   2.014130e-101 
Sb-112             2.340682e-99    1.000000e-99    2.320540e-99   2.014130e-101 
Sb-113             2.340682e-99    1.000000e-99    2.320540e-99   2.014130e-101 
Sb-114             2.340682e-99    1.000000e-99    2.320540e-99   2.014130e-101 
Sb-115             2.340682e-99    1.000000e-99    2.320540e-99   2.014130e-101 
Sb-116             2.340682e-99    1.000000e-99    2.320540e-99   2.014130e-101 
Sb-117             2.340682e-99    1.000000e-99    2.320540e-99   2.014130e-101 
Sb-118             2.340682e-99    1.000000e-99    2.320540e-99   2.014130e-101 
Sb-119             2.340682e-99    1.000000e-99    2.320540e-99   2.014130e-101 
Sb-120             2.340682e-99    1.000000e-99    2.320540e-99   2.014130e-101 
Sb-121             2.978823e-09    6.317758e-10    2.950941e-09    2.788117e-11 
Sb-122             2.340682e-99    1.000000e-99    2.320540e-99   2.014130e-101 
Sb-123             1.497793e-09    4.802859e-10    1.484206e-09    1.358700e-11 
Sb-124             2.340682e-99    1.000000e-99    2.320540e-99   2.014130e-101 
Sb-125             1.181033e-22    1.000000e-99    1.166857e-22    1.417619e-24 
Sb-126             2.737432e-20    1.000000e-99    2.704531e-20    3.290079e-22 
Sb-127             2.340682e-99    1.000000e-99    2.320540e-99   2.014130e-101 
Sb-128             2.340682e-99    1.000000e-99    2.320540e-99   2.014130e-101 
Sb-129             2.340682e-99    1.000000e-99    2.320540e-99   2.014130e-101 
Sb-130             2.340682e-99    1.000000e-99    2.320540e-99   2.014130e-101 
Sb-131             2.340682e-99    1.000000e-99    2.320540e-99   2.014130e-101 
Sb-132             2.340682e-99    1.000000e-99    2.320540e-99   2.014130e-101 
Sb-133             2.340682e-99    1.000000e-99    2.320540e-99   2.014130e-101 
Te-114             2.340682e-99    1.000000e-99    2.320540e-99   2.014130e-101 
Te-115             2.340682e-99    1.000000e-99    2.320540e-99   2.014130e-101 
Te-116             2.340682e-99    1.000000e-99    2.320540e-99   2.014130e-101 
Te-117             2.340682e-99    1.000000e-99    2.320540e-99   2.014130e-101 
Te-118             2.340682e-99    1.000000e-99    2.320540e-99   2.014130e-101 
Te-119             2.340682e-99    1.000000e-99    2.320540e-99   2.014130e-101 
Te-120             3.685201e-11    1.628304e-11    3.653768e-11    3.143236e-13 
Te-121             2.340682e-99    1.000000e-99    2.320540e-99   2.014130e-101 
Te-122             3.260407e-09    4.488662e-10    3.229097e-09    3.130970e-11 
Te-123             1.113638e-09    1.578606e-10    1.102972e-09    1.066649e-11 
Te-124             6.337036e-09    8.440945e-10    6.275885e-09    6.115065e-11 
Te-125             4.299556e-09    1.261335e-09    4.260569e-09    3.898658e-11 
Te-126             1.556500e-08    3.375270e-09    1.541975e-08    1.452523e-10 
Te-127             2.340682e-99    1.000000e-99    2.320540e-99   2.014130e-101 
Te-128             1.401332e-08    5.732895e-09    1.389189e-08    1.214216e-10 
Te-129             2.340682e-99    1.000000e-99    2.320540e-99   2.014130e-101 
Te-130             1.429175e-08    6.210550e-09    1.416934e-08    1.224078e-10 
Te-131             2.340682e-99    1.000000e-99    2.320540e-99   2.014130e-101 
Te-132             2.340682e-99    1.000000e-99    2.320540e-99   2.014130e-101 
Te-133             2.340682e-99    1.000000e-99    2.320540e-99   2.014130e-101 
Te-134             2.340682e-99    1.000000e-99    2.320540e-99   2.014130e-101 
I-117              2.340682e-99    1.000000e-99    2.320540e-99   2.014130e-101 
I-118              2.340682e-99    1.000000e-99    2.320540e-99   2.014130e-101 
I-119              2.340682e-99    1.000000e-99    2.320540e-99   2.014130e-101 
I-120              2.340682e-99    1.000000e-99    2.320540e-99   2.014130e-101 
I-121              2.340682e-99    1.000000e-99    2.320540e-99   2.014130e-101 
I-122              2.340682e-99    1.000000e-99    2.320540e-99   2.014130e-101 
I-123              2.340682e-99    1.000000e-99    2.320540e-99   2.014130e-101 
I-124              2.340682e-99    1.000000e-99    2.320540e-99   2.014130e-101 
I-125              2.340682e-99    1.000000e-99    2.320540e-99   2.014130e-101 
I-126              2.340682e-99    1.000000e-99    2.320540e-99   2.014130e-101 
I-127              4.347934e-09    1.459105e-09    4.309200e-09    3.873469e-11 
I-128              2.340682e-99    1.000000e-99    2.320540e-99   2.014130e-101 
I-129              2.774600e-11    1.000000e-99    2.745290e-11    2.930990e-13 
I-130              2.340682e-99    1.000000e-99    2.320540e-99   2.014130e-101 
I-131              2.340682e-99    1.000000e-99    2.320540e-99   2.014130e-101 
I-132              2.340682e-99    1.000000e-99    2.320540e-99   2.014130e-101 
I-133              2.340682e-99    1.000000e-99    2.320540e-99   2.014130e-101 
I-134              2.340682e-99    1.000000e-99    2.320540e-99   2.014130e-101 
I-135              2.340682e-99    1.000000e-99    2.320540e-99   2.014130e-101 
Xe-118             2.340682e-99    1.000000e-99    2.320540e-99   2.014130e-101 
Xe-119             2.340682e-99    1.000000e-99    2.320540e-99   2.014130e-101 
Xe-120             2.340682e-99    1.000000e-99    2.320540e-99   2.014130e-101 
Xe-121             2.340682e-99    1.000000e-99    2.320540e-99   2.014130e-101 
Xe-122             2.340682e-99    1.000000e-99    2.320540e-99   2.014130e-101 
Xe-123             2.340682e-99    1.000000e-99    2.320540e-99   2.014130e-101 
Xe-124             5.000464e-11    2.209501e-11    4.957814e-11    4.265045e-13 
Xe-125             2.340682e-99    1.000000e-99    2.320540e-99   2.014130e-101 
Xe-126             4.412777e-11    1.949268e-11    4.375136e-11    3.764106e-13 
Xe-127             2.340682e-99    1.000000e-99    2.320540e-99   2.014130e-101 
Xe-128             3.282255e-09    3.942736e-10    3.250537e-09    3.171844e-11 
Xe-129             1.208915e-08    4.892977e-09    1.198445e-08    1.047048e-10 
Xe-130             6.732650e-09    7.865029e-10    6.667539e-09    6.511063e-11 
Xe-131             1.083361e-08    3.944670e-09    1.073825e-08    9.536057e-11 
Xe-132             2.040997e-08    4.806204e-09    2.022111e-08    1.888639e-10 
Xe-133             2.340682e-99    1.000000e-99    2.320540e-99   2.014130e-101 
Xe-134             5.665006e-09    1.787989e-09    5.613027e-09    5.197904e-11 
Xe-135             2.340682e-99    1.000000e-99    2.320540e-99   2.014130e-101 
Xe-136             3.470214e-09    1.478416e-09    3.440310e-09    2.990336e-11 
Xe-137             2.340682e-99    1.000000e-99    2.320540e-99   2.014130e-101 
Xe-138             2.340682e-99    1.000000e-99    2.320540e-99   2.014130e-101 
Cs-123             2.340682e-99    1.000000e-99    2.320540e-99   2.014130e-101 
Cs-124             2.340682e-99    1.000000e-99    2.320540e-99   2.014130e-101 
Cs-125             2.340682e-99    1.000000e-99    2.320540e-99   2.014130e-101 
Cs-126             2.340682e-99    1.000000e-99    2.320540e-99   2.014130e-101 
Cs-127             2.340682e-99    1.000000e-99    2.320540e-99   2.014130e-101 
Cs-128             2.340682e-99    1.000000e-99    2.320540e-99   2.014130e-101 
Cs-129             2.340682e-99    1.000000e-99    2.320540e-99   2.014130e-101 
Cs-130             2.340682e-99    1.000000e-99    2.320540e-99   2.014130e-101 
Cs-131             2.340682e-99    1.000000e-99    2.320540e-99   2.014130e-101 
Cs-132             2.340682e-99    1.000000e-99    2.320540e-99   2.014130e-101 
Cs-133             4.592430e-09    1.426049e-09    4.551113e-09    4.131661e-11 
Cs-134             1.601961e-24    1.000000e-99    1.583381e-24    1.858015e-26 
Cs-135             1.163453e-09    1.000000e-99    1.151398e-09    1.205487e-11 
Cs-136             2.340682e-99    1.000000e-99    2.320540e-99   2.014130e-101 
Cs-137             2.095615e-11    1.000000e-99    2.072778e-11    2.283711e-13 
Cs-138             2.340682e-99    1.000000e-99    2.320540e-99   2.014130e-101 
Cs-139             2.340682e-99    1.000000e-99    2.320540e-99   2.014130e-101 
Ba-124             2.340682e-99    1.000000e-99    2.320540e-99   2.014130e-101 
Ba-125             2.340682e-99    1.000000e-99    2.320540e-99   2.014130e-101 
Ba-126             2.340682e-99    1.000000e-99    2.320540e-99   2.014130e-101 
Ba-127             2.340682e-99    1.000000e-99    2.320540e-99   2.014130e-101 
Ba-128             2.340682e-99    1.000000e-99    2.320540e-99   2.014130e-101 
Ba-129             2.340682e-99    1.000000e-99    2.320540e-99   2.014130e-101 
Ba-130             4.106048e-11    1.814312e-11    4.071026e-11    3.502163e-13 
Ba-131             2.340682e-99    1.000000e-99    2.320540e-99   2.014130e-101 
Ba-132             3.988732e-11    1.762128e-11    3.954709e-11    3.402302e-13 
Ba-133             3.621531e-21    1.000000e-99    3.582469e-21    3.906174e-23 
Ba-134             3.755356e-09    4.272326e-10    3.719145e-09    3.621106e-11 
Ba-135             3.552030e-09    1.173907e-09    3.520424e-09    3.160555e-11 
Ba-136             1.146669e-08    1.408826e-09    1.135619e-08    1.105049e-10 
Ba-137             1.185189e-08    2.029834e-09    1.173895e-08    1.129394e-10 
Ba-138             7.469355e-08    1.305194e-08    7.397807e-08    7.154823e-10 
Ba-139             2.340682e-99    1.000000e-99    2.320540e-99   2.014130e-101 
Ba-140             2.340682e-99    1.000000e-99    2.320540e-99   2.014130e-101 
Ba-141             2.340682e-99    1.000000e-99    2.320540e-99   2.014130e-101 
Ba-142             2.340682e-99    1.000000e-99    2.320540e-99   2.014130e-101 
La-127             2.340682e-99    1.000000e-99    2.320540e-99   2.014130e-101 
La-128             2.340682e-99    1.000000e-99    2.320540e-99   2.014130e-101 
La-129             2.340682e-99    1.000000e-99    2.320540e-99   2.014130e-101 
La-130             2.340682e-99    1.000000e-99    2.320540e-99   2.014130e-101 
La-131             2.340682e-99    1.000000e-99    2.320540e-99   2.014130e-101 
La-132             2.340682e-99    1.000000e-99    2.320540e-99   2.014130e-101 
La-133             2.340682e-99    1.000000e-99    2.320540e-99   2.014130e-101 
La-134             2.340682e-99    1.000000e-99    2.320540e-99   2.014130e-101 
La-135             2.340682e-99    1.000000e-99    2.320540e-99   2.014130e-101 
La-136             2.340682e-99    1.000000e-99    2.320540e-99   2.014130e-101 
La-137             3.082398e-17    1.000000e-99    3.045928e-17    3.647077e-19 
La-138             3.612309e-12    1.604073e-12    3.581495e-12    3.081363e-14 
La-139             8.599451e-09    1.790218e-09    8.517996e-09    8.145493e-11 
La-140             2.340682e-99    1.000000e-99    2.320540e-99   2.014130e-101 
La-141             2.340682e-99    1.000000e-99    2.320540e-99   2.014130e-101 
La-142             2.340682e-99    1.000000e-99    2.320540e-99   2.014130e-101 
La-143             2.340682e-99    1.000000e-99    2.320540e-99   2.014130e-101 
Ce-130             2.340682e-99    1.000000e-99    2.320540e-99   2.014130e-101 
Ce-131             2.340682e-99    1.000000e-99    2.320540e-99   2.014130e-101 
Ce-132             2.340682e-99    1.000000e-99    2.320540e-99   2.014130e-101 
Ce-133             2.340682e-99    1.000000e-99    2.320540e-99   2.014130e-101 
Ce-134             2.340682e-99    1.000000e-99    2.320540e-99   2.014130e-101 
Ce-135             2.340682e-99    1.000000e-99    2.320540e-99   2.014130e-101 
Ce-136             1.897306e-11    8.381751e-12    1.881122e-11    1.618358e-13 
Ce-137             2.340682e-99    1.000000e-99    2.320540e-99   2.014130e-101 
Ce-138             2.600835e-11    1.147719e-11    2.578645e-11    2.218993e-13 
Ce-139             2.340682e-99    1.000000e-99    2.320540e-99   2.014130e-101 
Ce-140             1.714875e-08    4.103022e-09    1.698855e-08    1.602008e-10 
Ce-141             2.340682e-99    1.000000e-99    2.320540e-99   2.014130e-101 
Ce-142             1.568658e-09    5.229277e-10    1.554333e-09    1.432513e-11 
Ce-143             2.340682e-99    1.000000e-99    2.320540e-99   2.014130e-101 
Ce-144             2.340682e-99    1.000000e-99    2.320540e-99   2.014130e-101 
Ce-145             2.340682e-99    1.000000e-99    2.320540e-99   2.014130e-101 
Ce-146             2.340682e-99    1.000000e-99    2.320540e-99   2.014130e-101 
Pr-133             2.340682e-99    1.000000e-99    2.320540e-99   2.014130e-101 
Pr-134             2.340682e-99    1.000000e-99    2.320540e-99   2.014130e-101 
Pr-135             2.340682e-99    1.000000e-99    2.320540e-99   2.014130e-101 
Pr-136             2.340682e-99    1.000000e-99    2.320540e-99   2.014130e-101 
Pr-137             2.340682e-99    1.000000e-99    2.320540e-99   2.014130e-101 
Pr-138             2.340682e-99    1.000000e-99    2.320540e-99   2.014130e-101 
Pr-139             2.340682e-99    1.000000e-99    2.320540e-99   2.014130e-101 
Pr-140             2.340682e-99    1.000000e-99    2.320540e-99   2.014130e-101 
Pr-141             2.407465e-09    6.910381e-10    2.385378e-09    2.208664e-11 
Pr-142             2.340682e-99    1.000000e-99    2.320540e-99   2.014130e-101 
Pr-143             2.340682e-99    1.000000e-99    2.320540e-99   2.014130e-101 
Pr-144             2.340682e-99    1.000000e-99    2.320540e-99   2.014130e-101 
Pr-145             2.340682e-99    1.000000e-99    2.320540e-99   2.014130e-101 
Pr-146             2.340682e-99    1.000000e-99    2.320540e-99   2.014130e-101 
Pr-147             2.340682e-99    1.000000e-99    2.320540e-99   2.014130e-101 
Pr-148             2.340682e-99    1.000000e-99    2.320540e-99   2.014130e-101 
Pr-149             2.340682e-99    1.000000e-99    2.320540e-99   2.014130e-101 
Nd-134             2.340682e-99    1.000000e-99    2.320540e-99   2.014130e-101 
Nd-135             2.340682e-99    1.000000e-99    2.320540e-99   2.014130e-101 
Nd-136             2.340682e-99    1.000000e-99    2.320540e-99   2.014130e-101 
Nd-137             2.340682e-99    1.000000e-99    2.320540e-99   2.014130e-101 
Nd-138             2.340682e-99    1.000000e-99    2.320540e-99   2.014130e-101 
Nd-139             2.340682e-99    1.000000e-99    2.320540e-99   2.014130e-101 
Nd-140             2.340682e-99    1.000000e-99    2.320540e-99   2.014130e-101 
Nd-141             2.340682e-99    1.000000e-99    2.320540e-99   2.014130e-101 
Nd-142             3.828975e-09    9.919756e-10    3.793521e-09    3.545428e-11 
Nd-143             1.301976e-09    4.483556e-10    1.290324e-09    1.165126e-11 
Nd-144             2.881665e-09    8.826112e-10    2.855361e-09    2.630416e-11 
Nd-145             8.645483e-10    3.095487e-10    8.568529e-10    7.695424e-12 
Nd-146             2.190047e-09    6.447718e-10    2.169913e-09    2.013364e-11 
Nd-147             2.340682e-99    1.000000e-99    2.320540e-99   2.014130e-101 
Nd-148             6.231793e-10    2.185025e-10    6.175830e-10    5.596262e-12 
Nd-149             2.340682e-99    1.000000e-99    2.320540e-99   2.014130e-101 
Nd-150             4.932701e-10    2.168256e-10    4.890565e-10    4.213587e-12 
Nd-151             2.340682e-99    1.000000e-99    2.320540e-99   2.014130e-101 
Nd-152             2.340682e-99    1.000000e-99    2.320540e-99   2.014130e-101 
Pm-137             2.340682e-99    1.000000e-99    2.320540e-99   2.014130e-101 
Pm-138             2.340682e-99    1.000000e-99    2.320540e-99   2.014130e-101 
Pm-139             2.340682e-99    1.000000e-99    2.320540e-99   2.014130e-101 
Pm-140             2.340682e-99    1.000000e-99    2.320540e-99   2.014130e-101 
Pm-141             2.340682e-99    1.000000e-99    2.320540e-99   2.014130e-101 
Pm-142             2.340682e-99    1.000000e-99    2.320540e-99   2.014130e-101 
Pm-143             2.340682e-99    1.000000e-99    2.320540e-99   2.014130e-101 
Pm-144             2.340682e-99    1.000000e-99    2.320540e-99   2.014130e-101 
Pm-145             5.235497e-17    1.000000e-99    5.166968e-17    6.852896e-19 
Pm-146             5.800427e-26    1.000000e-99    5.740606e-26    5.982150e-28 
Pm-147             1.142390e-22    1.000000e-99    1.128707e-22    1.368346e-24 
Pm-148             2.340682e-99    1.000000e-99    2.320540e-99   2.014130e-101 
Pm-149             2.340682e-99    1.000000e-99    2.320540e-99   2.014130e-101 
Pm-150             2.340682e-99    1.000000e-99    2.320540e-99   2.014130e-101 
Pm-151             2.340682e-99    1.000000e-99    2.320540e-99   2.014130e-101 
Pm-152             2.340682e-99    1.000000e-99    2.320540e-99   2.014130e-101 
Pm-153             2.340682e-99    1.000000e-99    2.320540e-99   2.014130e-101 
Pm-154             2.340682e-99    1.000000e-99    2.320540e-99   2.014130e-101 
Sm-140             2.340682e-99    1.000000e-99    2.320540e-99   2.014130e-101 
Sm-141             2.340682e-99    1.000000e-99    2.320540e-99   2.014130e-101 
Sm-142             2.340682e-99    1.000000e-99    2.320540e-99   2.014130e-101 
Sm-143             2.340682e-99    1.000000e-99    2.320540e-99   2.014130e-101 
Sm-144             8.357982e-11    3.683532e-11    8.286645e-11    7.133732e-13 
Sm-145             2.340682e-99    1.000000e-99    2.320540e-99   2.014130e-101 
Sm-146             8.132796e-14    1.000000e-99    8.044264e-14    8.853201e-16 
Sm-147             5.007629e-10    1.834427e-10    4.963193e-10    4.443571e-12 
Sm-148             4.529191e-10    1.384631e-10    4.487909e-10    4.128232e-12 
Sm-149             4.197382e-10    1.713731e-10    4.160939e-10    3.644327e-12 
Sm-150             3.468898e-10    9.213125e-11    3.436536e-10    3.236211e-12 
Sm-151             2.889841e-12    1.000000e-99    2.858356e-12    3.148557e-14 
Sm-152             8.867994e-10    3.383156e-10    8.789892e-10    7.810197e-12 
Sm-153             2.340682e-99    1.000000e-99    2.320540e-99   2.014130e-101 
Sm-154             7.127886e-10    2.916240e-10    7.065894e-10    6.199258e-12 
Sm-155             2.340682e-99    1.000000e-99    2.320540e-99   2.014130e-101 
Sm-156             2.340682e-99    1.000000e-99    2.320540e-99   2.014130e-101 
Sm-157             2.340682e-99    1.000000e-99    2.320540e-99   2.014130e-101 
Sm-158             2.340682e-99    1.000000e-99    2.320540e-99   2.014130e-101 
Eu-143             2.340682e-99    1.000000e-99    2.320540e-99   2.014130e-101 
Eu-144             2.340682e-99    1.000000e-99    2.320540e-99   2.014130e-101 
Eu-145             2.340682e-99    1.000000e-99    2.320540e-99   2.014130e-101 
Eu-146             2.340682e-99    1.000000e-99    2.320540e-99   2.014130e-101 
Eu-147             2.340682e-99    1.000000e-99    2.320540e-99   2.014130e-101 
Eu-148             2.340682e-99    1.000000e-99    2.320540e-99   2.014130e-101 
Eu-149             2.340682e-99    1.000000e-99    2.320540e-99   2.014130e-101 
Eu-150             2.340682e-99    1.000000e-99    2.320540e-99   2.014130e-101 
Eu-151             4.783270e-10    2.036004e-10    4.742127e-10    4.114308e-12 
Eu-152             1.246440e-18    1.000000e-99    1.231968e-18    1.447232e-20 
Eu-153             5.333364e-10    2.251965e-10    5.287390e-10    4.597371e-12 
Eu-154             1.838253e-17    1.000000e-99    1.816307e-17    2.194602e-19 
Eu-155             4.372232e-19    1.000000e-99    4.320068e-19    5.216421e-21 
Eu-156             2.340682e-99    1.000000e-99    2.320540e-99   2.014130e-101 
Eu-157             2.340682e-99    1.000000e-99    2.320540e-99   2.014130e-101 
Eu-158             2.340682e-99    1.000000e-99    2.320540e-99   2.014130e-101 
Eu-159             2.340682e-99    1.000000e-99    2.320540e-99   2.014130e-101 
Gd-144             2.340682e-99    1.000000e-99    2.320540e-99   2.014130e-101 
Gd-145             2.340682e-99    1.000000e-99    2.320540e-99   2.014130e-101 
Gd-146             2.340682e-99    1.000000e-99    2.320540e-99   2.014130e-101 
Gd-147             2.340682e-99    1.000000e-99    2.320540e-99   2.014130e-101 
Gd-148             2.340682e-99    1.000000e-99    2.320540e-99   2.014130e-101 
Gd-149             2.340682e-99    1.000000e-99    2.320540e-99   2.014130e-101 
Gd-150             2.340682e-99    1.000000e-99    2.320540e-99   2.014130e-101 
Gd-151             2.340682e-99    1.000000e-99    2.320540e-99   2.014130e-101 
Gd-152             8.969688e-12    2.947193e-12    8.888975e-12    8.071265e-14 
Gd-153             2.340682e-99    1.000000e-99    2.320540e-99   2.014130e-101 
Gd-154             1.195871e-10    3.209515e-11    1.184738e-10    1.113337e-12 
Gd-155             5.257460e-10    2.192151e-10    5.211994e-10    4.546555e-12 
Gd-156             7.917770e-10    3.051047e-10    7.848153e-10    6.961641e-12 
Gd-157             5.781115e-10    2.348264e-10    5.730847e-10    5.026800e-12 
Gd-158             1.025343e-09    3.749720e-10    1.016233e-09    9.109464e-12 
Gd-159             2.340682e-99    1.000000e-99    2.320540e-99   2.014130e-101 
Gd-160             7.949978e-10    3.342894e-10    7.881265e-10    6.871305e-12 
Gd-161             2.340682e-99    1.000000e-99    2.320540e-99   2.014130e-101 
Gd-162             2.340682e-99    1.000000e-99    2.320540e-99   2.014130e-101 
Tb-147             2.340682e-99    1.000000e-99    2.320540e-99   2.014130e-101 
Tb-148             2.340682e-99    1.000000e-99    2.320540e-99   2.014130e-101 
Tb-149             2.340682e-99    1.000000e-99    2.320540e-99   2.014130e-101 
Tb-150             2.340682e-99    1.000000e-99    2.320540e-99   2.014130e-101 
Tb-151             2.340682e-99    1.000000e-99    2.320540e-99   2.014130e-101 
Tb-152             2.340682e-99    1.000000e-99    2.320540e-99   2.014130e-101 
Tb-153             2.340682e-99    1.000000e-99    2.320540e-99   2.014130e-101 
Tb-154             2.340682e-99    1.000000e-99    2.320540e-99   2.014130e-101 
Tb-155             2.340682e-99    1.000000e-99    2.320540e-99   2.014130e-101 
Tb-156             2.340682e-99    1.000000e-99    2.320540e-99   2.014130e-101 
Tb-157             2.739335e-14    1.000000e-99    2.710526e-14    2.880952e-16 
Tb-158             6.276386e-15    1.000000e-99    6.210113e-15    6.627358e-17 
Tb-159             6.649695e-10    2.764904e-10    6.592165e-10    5.753033e-12 
Tb-160             2.340682e-99    1.000000e-99    2.320540e-99   2.014130e-101 
Tb-161             2.340682e-99    1.000000e-99    2.320540e-99   2.014130e-101 
Tb-162             2.340682e-99    1.000000e-99    2.320540e-99   2.014130e-101 
Tb-163             2.340682e-99    1.000000e-99    2.320540e-99   2.014130e-101 
Tb-164             2.340682e-99    1.000000e-99    2.320540e-99   2.014130e-101 
Tb-165             2.340682e-99    1.000000e-99    2.320540e-99   2.014130e-101 
Dy-148             2.340682e-99    1.000000e-99    2.320540e-99   2.014130e-101 
Dy-149             2.340682e-99    1.000000e-99    2.320540e-99   2.014130e-101 
Dy-150             2.340682e-99    1.000000e-99    2.320540e-99   2.014130e-101 
Dy-151             2.340682e-99    1.000000e-99    2.320540e-99   2.014130e-101 
Dy-152             2.340682e-99    1.000000e-99    2.320540e-99   2.014130e-101 
Dy-153             2.340682e-99    1.000000e-99    2.320540e-99   2.014130e-101 
Dy-154             2.340682e-99    1.000000e-99    2.320540e-99   2.014130e-101 
Dy-155             2.340682e-99    1.000000e-99    2.320540e-99   2.014130e-101 
Dy-156             2.271440e-12    1.003681e-12    2.252066e-12    1.937369e-14 
Dy-157             2.340682e-99    1.000000e-99    2.320540e-99   2.014130e-101 
Dy-158             3.949570e-12    1.742654e-12    3.915873e-12    3.369684e-14 
Dy-159             2.340682e-99    1.000000e-99    2.320540e-99   2.014130e-101 
Dy-160             1.545349e-10    4.301488e-11    1.531005e-10    1.434447e-12 
Dy-161             8.243298e-10    3.497843e-10    8.172302e-10    7.099576e-12 
Dy-162             1.203813e-09    4.747974e-10    1.193275e-09    1.053813e-11 
Dy-163             1.081822e-09    4.663048e-10    1.072540e-09    9.281561e-12 
Dy-164             1.392518e-09    5.311557e-10    1.380237e-09    1.228106e-11 
Dy-165             2.340682e-99    1.000000e-99    2.320540e-99   2.014130e-101 
Dy-166             2.340682e-99    1.000000e-99    2.320540e-99   2.014130e-101 
Dy-167             2.340682e-99    1.000000e-99    2.320540e-99   2.014130e-101 
Dy-168             2.340682e-99    1.000000e-99    2.320540e-99   2.014130e-101 
Ho-153             2.340682e-99    1.000000e-99    2.320540e-99   2.014130e-101 
Ho-154             2.340682e-99    1.000000e-99    2.320540e-99   2.014130e-101 
Ho-155             2.340682e-99    1.000000e-99    2.320540e-99   2.014130e-101 
Ho-156             2.340682e-99    1.000000e-99    2.320540e-99   2.014130e-101 
Ho-157             2.340682e-99    1.000000e-99    2.320540e-99   2.014130e-101 
Ho-158             2.340682e-99    1.000000e-99    2.320540e-99   2.014130e-101 
Ho-159             2.340682e-99    1.000000e-99    2.320540e-99   2.014130e-101 
Ho-160             2.340682e-99    1.000000e-99    2.320540e-99   2.014130e-101 
Ho-161             2.340682e-99    1.000000e-99    2.320540e-99   2.014130e-101 
Ho-162             2.340682e-99    1.000000e-99    2.320540e-99   2.014130e-101 
Ho-163             1.442018e-11    1.000000e-99    1.426531e-11    1.548745e-13 
Ho-164             2.340682e-99    1.000000e-99    2.320540e-99   2.014130e-101 
Ho-165             1.013151e-09    4.243917e-10    1.004399e-09    8.751821e-12 
Ho-166             2.340682e-99    1.000000e-99    2.320540e-99   2.014130e-101 
Ho-167             2.340682e-99    1.000000e-99    2.320540e-99   2.014130e-101 
Ho-168             2.340682e-99    1.000000e-99    2.320540e-99   2.014130e-101 
Ho-169             2.340682e-99    1.000000e-99    2.320540e-99   2.014130e-101 
Er-154             2.340682e-99    1.000000e-99    2.320540e-99   2.014130e-101 
Er-155             2.340682e-99    1.000000e-99    2.320540e-99   2.014130e-101 
Er-156             2.340682e-99    1.000000e-99    2.320540e-99   2.014130e-101 
Er-157             2.340682e-99    1.000000e-99    2.320540e-99   2.014130e-101 
Er-158             2.340682e-99    1.000000e-99    2.320540e-99   2.014130e-101 
Er-159             2.340682e-99    1.000000e-99    2.320540e-99   2.014130e-101 
Er-160             2.340682e-99    1.000000e-99    2.320540e-99   2.014130e-101 
Er-161             2.340682e-99    1.000000e-99    2.320540e-99   2.014130e-101 
Er-162             3.641030e-12    1.608861e-12    3.609974e-12    3.105527e-14 
Er-163             2.340682e-99    1.000000e-99    2.320540e-99   2.014130e-101 
Er-164             6.856345e-11    1.912858e-11    6.792648e-11    6.369685e-13 
Er-165             2.340682e-99    1.000000e-99    2.320540e-99   2.014130e-101 
Er-166             9.965788e-10    4.044450e-10    9.879131e-10    8.665791e-12 
Er-167             6.667737e-10    2.775897e-10    6.610065e-10    5.767156e-12 
Er-168             8.952539e-10    3.262608e-10    8.872902e-10    7.963756e-12 
Er-169             2.340682e-99    1.000000e-99    2.320540e-99   2.014130e-101 
Er-170             5.035344e-10    1.839889e-10    4.990434e-10    4.490974e-12 
Er-171             2.340682e-99    1.000000e-99    2.320540e-99   2.014130e-101 
Er-172             2.340682e-99    1.000000e-99    2.320540e-99   2.014130e-101 
Er-173             2.340682e-99    1.000000e-99    2.320540e-99   2.014130e-101 
Er-174             2.340682e-99    1.000000e-99    2.320540e-99   2.014130e-101 
Er-175             2.340682e-99    1.000000e-99    2.320540e-99   2.014130e-101 
Tm-159             2.340682e-99    1.000000e-99    2.320540e-99   2.014130e-101 
Tm-160             2.340682e-99    1.000000e-99    2.320540e-99   2.014130e-101 
Tm-161             2.340682e-99    1.000000e-99    2.320540e-99   2.014130e-101 
Tm-162             2.340682e-99    1.000000e-99    2.320540e-99   2.014130e-101 
Tm-163             2.340682e-99    1.000000e-99    2.320540e-99   2.014130e-101 
Tm-164             2.340682e-99    1.000000e-99    2.320540e-99   2.014130e-101 
Tm-165             2.340682e-99    1.000000e-99    2.320540e-99   2.014130e-101 
Tm-166             2.340682e-99    1.000000e-99    2.320540e-99   2.014130e-101 
Tm-167             2.340682e-99    1.000000e-99    2.320540e-99   2.014130e-101 
Tm-168             2.340682e-99    1.000000e-99    2.320540e-99   2.014130e-101 
Tm-169             4.526018e-10    1.854256e-10    4.486715e-10    3.930282e-12 
Tm-170             2.340682e-99    1.000000e-99    2.320540e-99   2.014130e-101 
Tm-171             7.196517e-27    1.000000e-99    7.114039e-27    8.247745e-29 
Tm-172             2.340682e-99    1.000000e-99    2.320540e-99   2.014130e-101 
Tm-173             2.340682e-99    1.000000e-99    2.320540e-99   2.014130e-101 
Tm-174             2.340682e-99    1.000000e-99    2.320540e-99   2.014130e-101 
Tm-175             2.340682e-99    1.000000e-99    2.320540e-99   2.014130e-101 
Tm-176             2.340682e-99    1.000000e-99    2.320540e-99   2.014130e-101 
Yb-160             2.340682e-99    1.000000e-99    2.320540e-99   2.014130e-101 
Yb-161             2.340682e-99    1.000000e-99    2.320540e-99   2.014130e-101 
Yb-162             2.340682e-99    1.000000e-99    2.320540e-99   2.014130e-101 
Yb-163             2.340682e-99    1.000000e-99    2.320540e-99   2.014130e-101 
Yb-164             2.340682e-99    1.000000e-99    2.320540e-99   2.014130e-101 
Yb-165             2.340682e-99    1.000000e-99    2.320540e-99   2.014130e-101 
Yb-166             2.340682e-99    1.000000e-99    2.320540e-99   2.014130e-101 
Yb-167             2.340682e-99    1.000000e-99    2.320540e-99   2.014130e-101 
Yb-168             3.582960e-12    1.583199e-12    3.552400e-12    3.055998e-14 
Yb-169             2.340682e-99    1.000000e-99    2.320540e-99   2.014130e-101 
Yb-170             1.280015e-10    3.746325e-11    1.268204e-10    1.181101e-12 
Yb-171             4.707738e-10    1.770138e-10    4.666073e-10    4.166538e-12 
Yb-172             7.737733e-10    2.721856e-10    7.668454e-10    6.927921e-12 
Yb-173             5.353652e-10    2.022849e-10    5.306371e-10    4.728166e-12 
Yb-174             1.249850e-09    4.014845e-10    1.238480e-09    1.136999e-11 
Yb-175             2.340682e-99    1.000000e-99    2.320540e-99   2.014130e-101 
Yb-176             4.978067e-10    1.627969e-10    4.932852e-10    4.521472e-12 
Yb-177             2.340682e-99    1.000000e-99    2.320540e-99   2.014130e-101 
Yb-178             2.340682e-99    1.000000e-99    2.320540e-99   2.014130e-101 
Yb-179             2.340682e-99    1.000000e-99    2.320540e-99   2.014130e-101 
Yb-180             2.340682e-99    1.000000e-99    2.320540e-99   2.014130e-101 
Lu-165             2.340682e-99    1.000000e-99    2.320540e-99   2.014130e-101 
Lu-166             2.340682e-99    1.000000e-99    2.320540e-99   2.014130e-101 
Lu-167             2.340682e-99    1.000000e-99    2.320540e-99   2.014130e-101 
Lu-168             2.340682e-99    1.000000e-99    2.320540e-99   2.014130e-101 
Lu-169             2.340682e-99    1.000000e-99    2.320540e-99   2.014130e-101 
Lu-170             2.340682e-99    1.000000e-99    2.320540e-99   2.014130e-101 
Lu-171             2.340682e-99    1.000000e-99    2.320540e-99   2.014130e-101 
Lu-172             2.340682e-99    1.000000e-99    2.320540e-99   2.014130e-101 
Lu-173             2.340682e-99    1.000000e-99    2.320540e-99   2.014130e-101 
Lu-174             2.340682e-99    1.000000e-99    2.320540e-99   2.014130e-101 
Lu-175             4.619584e-10    1.827895e-10    4.579172e-10    4.041231e-12 
Lu-176             3.348817e-11    4.876274e-12    3.315569e-11    3.324741e-13 
Lu-177             2.340682e-99    1.000000e-99    2.320540e-99   2.014130e-101 
Lu-178             2.340682e-99    1.000000e-99    2.320540e-99   2.014130e-101 
Lu-179             2.340682e-99    1.000000e-99    2.320540e-99   2.014130e-101 
Lu-180             2.340682e-99    1.000000e-99    2.320540e-99   2.014130e-101 
Lu-181             2.340682e-99    1.000000e-99    2.320540e-99   2.014130e-101 
Lu-182             2.340682e-99    1.000000e-99    2.320540e-99   2.014130e-101 
Hf-166             2.340682e-99    1.000000e-99    2.320540e-99   2.014130e-101 
Hf-167             2.340682e-99    1.000000e-99    2.320540e-99   2.014130e-101 
Hf-168             2.340682e-99    1.000000e-99    2.320540e-99   2.014130e-101 
Hf-169             2.340682e-99    1.000000e-99    2.320540e-99   2.014130e-101 
Hf-170             2.340682e-99    1.000000e-99    2.320540e-99   2.014130e-101 
Hf-171             2.340682e-99    1.000000e-99    2.320540e-99   2.014130e-101 
Hf-172             2.340682e-99    1.000000e-99    2.320540e-99   2.014130e-101 
Hf-173             2.340682e-99    1.000000e-99    2.320540e-99   2.014130e-101 
Hf-174             2.786474e-12    1.231253e-12    2.762707e-12    2.376656e-14 
Hf-175             2.340682e-99    1.000000e-99    2.320540e-99   2.014130e-101 
Hf-176             1.048224e-10    4.036188e-11    1.039007e-10    9.217094e-13 
Hf-177             3.684401e-10    1.437825e-10    3.652074e-10    3.232766e-12 
Hf-178             6.601427e-10    2.121343e-10    6.541402e-10    6.002468e-12 
Hf-179             3.037060e-10    1.065106e-10    3.009867e-10    2.719373e-12 
Hf-180             9.524405e-10    2.758446e-10    9.436438e-10    8.796751e-12 
Hf-181             2.340682e-99    1.000000e-99    2.320540e-99   2.014130e-101 
Hf-182             2.020646e-11    1.000000e-99    1.998725e-11    2.192140e-13 
Hf-183             2.340682e-99    1.000000e-99    2.320540e-99   2.014130e-101 
Hf-184             2.340682e-99    1.000000e-99    2.320540e-99   2.014130e-101 
Hf-185             2.340682e-99    1.000000e-99    2.320540e-99   2.014130e-101 
Ta-169             2.340682e-99    1.000000e-99    2.320540e-99   2.014130e-101 
Ta-170             2.340682e-99    1.000000e-99    2.320540e-99   2.014130e-101 
Ta-171             2.340682e-99    1.000000e-99    2.320540e-99   2.014130e-101 
Ta-172             2.340682e-99    1.000000e-99    2.320540e-99   2.014130e-101 
Ta-173             2.340682e-99    1.000000e-99    2.320540e-99   2.014130e-101 
Ta-174             2.340682e-99    1.000000e-99    2.320540e-99   2.014130e-101 
Ta-175             2.340682e-99    1.000000e-99    2.320540e-99   2.014130e-101 
Ta-176             2.340682e-99    1.000000e-99    2.320540e-99   2.014130e-101 
Ta-177             2.340682e-99    1.000000e-99    2.320540e-99   2.014130e-101 
Ta-178             2.340682e-99    1.000000e-99    2.320540e-99   2.014130e-101 
Ta-179             7.038396e-28    1.000000e-99    6.947219e-28    9.117709e-30 
Ta-180             5.509028e-14    2.429185e-14    5.462016e-14    4.701228e-16 
Ta-181             5.181295e-10    1.985674e-10    5.135678e-10    4.561659e-12 
Ta-182             7.814002e-19    1.000000e-99    7.729194e-19    8.480769e-21 
Ta-183             2.340682e-99    1.000000e-99    2.320540e-99   2.014130e-101 
Ta-184             2.340682e-99    1.000000e-99    2.320540e-99   2.014130e-101 
Ta-185             2.340682e-99    1.000000e-99    2.320540e-99   2.014130e-101 
Ta-186             2.340682e-99    1.000000e-99    2.320540e-99   2.014130e-101 
W-172              2.340682e-99    1.000000e-99    2.320540e-99   2.014130e-101 
W-173              2.340682e-99    1.000000e-99    2.320540e-99   2.014130e-101 
W-174              2.340682e-99    1.000000e-99    2.320540e-99   2.014130e-101 
W-175              2.340682e-99    1.000000e-99    2.320540e-99   2.014130e-101 
W-176              2.340682e-99    1.000000e-99    2.320540e-99   2.014130e-101 
W-177              2.340682e-99    1.000000e-99    2.320540e-99   2.014130e-101 
W-178              2.340682e-99    1.000000e-99    2.320540e-99   2.014130e-101 
W-179              2.340682e-99    1.000000e-99    2.320540e-99   2.014130e-101 
W-180              1.921403e-12    8.394836e-13    1.904974e-12    1.642898e-14 
W-181              2.340682e-99    1.000000e-99    2.320540e-99   2.014130e-101 
W-182              5.432958e-10    1.877481e-10    5.384246e-10    4.871251e-12 
W-183              3.155547e-10    1.019725e-10    3.126893e-10    2.865462e-12 
W-184              7.107165e-10    2.194930e-10    7.042166e-10    6.499912e-12 
W-185              2.340682e-99    1.000000e-99    2.320540e-99   2.014130e-101 
W-186              5.681897e-10    2.058307e-10    5.631217e-10    5.067960e-12 
W-187              2.340682e-99    1.000000e-99    2.320540e-99   2.014130e-101 
W-188              2.340682e-99    1.000000e-99    2.320540e-99   2.014130e-101 
W-189              2.340682e-99    1.000000e-99    2.320540e-99   2.014130e-101 
W-190              2.340682e-99    1.000000e-99    2.320540e-99   2.014130e-101 
Re-175             2.340682e-99    1.000000e-99    2.320540e-99   2.014130e-101 
Re-176             2.340682e-99    1.000000e-99    2.320540e-99   2.014130e-101 
Re-177             2.340682e-99    1.000000e-99    2.320540e-99   2.014130e-101 
Re-178             2.340682e-99    1.000000e-99    2.320540e-99   2.014130e-101 
Re-179             2.340682e-99    1.000000e-99    2.320540e-99   2.014130e-101 
Re-180             2.340682e-99    1.000000e-99    2.320540e-99   2.014130e-101 
Re-181             2.340682e-99    1.000000e-99    2.320540e-99   2.014130e-101 
Re-182             2.340682e-99    1.000000e-99    2.320540e-99   2.014130e-101 
Re-183             2.340682e-99    1.000000e-99    2.320540e-99   2.014130e-101 
Re-184             2.340682e-99    1.000000e-99    2.320540e-99   2.014130e-101 
Re-185             2.860306e-10    1.047859e-10    2.834893e-10    2.541303e-12 
Re-186             2.340682e-99    1.000000e-99    2.320540e-99   2.014130e-101 
Re-187             4.268164e-10    1.773016e-10    4.231172e-10    3.699195e-12 
Re-188             2.340682e-99    1.000000e-99    2.320540e-99   2.014130e-101 
Re-189             2.340682e-99    1.000000e-99    2.320540e-99   2.014130e-101 
Re-190             2.340682e-99    1.000000e-99    2.320540e-99   2.014130e-101 
Re-191             2.340682e-99    1.000000e-99    2.320540e-99   2.014130e-101 
Os-179             2.340682e-99    1.000000e-99    2.320540e-99   2.014130e-101 
Os-180             2.340682e-99    1.000000e-99    2.320540e-99   2.014130e-101 
Os-181             2.340682e-99    1.000000e-99    2.320540e-99   2.014130e-101 
Os-182             2.340682e-99    1.000000e-99    2.320540e-99   2.014130e-101 
Os-183             2.340682e-99    1.000000e-99    2.320540e-99   2.014130e-101 
Os-184             1.608734e-12    7.108303e-13    1.595013e-12    1.372139e-14 
Os-185             2.340682e-99    1.000000e-99    2.320540e-99   2.014130e-101 
Os-186             2.012312e-10    5.778212e-11    1.993747e-10    1.856490e-12 
Os-187             1.561765e-10    5.998274e-11    1.548072e-10    1.369249e-12 
Os-188             1.267386e-09    4.873616e-10    1.256237e-09    1.114856e-11 
Os-189             1.387239e-09    5.973629e-10    1.375333e-09    1.190550e-11 
Os-190             2.385711e-09    9.765959e-10    2.364995e-09    2.071637e-11 
Os-191             2.340682e-99    1.000000e-99    2.320540e-99   2.014130e-101 
Os-192             3.574880e-09    1.532704e-09    3.544146e-09    3.073364e-11 
Os-193             2.340682e-99    1.000000e-99    2.320540e-99   2.014130e-101 
Os-194             2.159284e-17    1.000000e-99    2.133738e-17    2.554604e-19 
Os-195             2.340682e-99    1.000000e-99    2.320540e-99   2.014130e-101 
Os-196             2.340682e-99    1.000000e-99    2.320540e-99   2.014130e-101 
Ir-181             2.340682e-99    1.000000e-99    2.320540e-99   2.014130e-101 
Ir-182             2.340682e-99    1.000000e-99    2.320540e-99   2.014130e-101 
Ir-183             2.340682e-99    1.000000e-99    2.320540e-99   2.014130e-101 
Ir-184             2.340682e-99    1.000000e-99    2.320540e-99   2.014130e-101 
Ir-185             2.340682e-99    1.000000e-99    2.320540e-99   2.014130e-101 
Ir-186             2.340682e-99    1.000000e-99    2.320540e-99   2.014130e-101 
Ir-187             2.340682e-99    1.000000e-99    2.320540e-99   2.014130e-101 
Ir-188             2.340682e-99    1.000000e-99    2.320540e-99   2.014130e-101 
Ir-189             2.340682e-99    1.000000e-99    2.320540e-99   2.014130e-101 
Ir-190             2.340682e-99    1.000000e-99    2.320540e-99   2.014130e-101 
Ir-191             3.103334e-09    1.357372e-09    3.076798e-09    2.653531e-11 
Ir-192             2.340682e-99    1.000000e-99    2.320540e-99   2.014130e-101 
Ir-193             5.269722e-09    2.308350e-09    5.224677e-09    4.504534e-11 
Ir-194             7.849366e-21    1.000000e-99    7.756497e-21    9.286906e-23 
Ir-195             2.340682e-99    1.000000e-99    2.320540e-99   2.014130e-101 
Ir-196             2.340682e-99    1.000000e-99    2.320540e-99   2.014130e-101 
Ir-197             2.340682e-99    1.000000e-99    2.320540e-99   2.014130e-101 
Pt-184             2.340682e-99    1.000000e-99    2.320540e-99   2.014130e-101 
Pt-185             2.340682e-99    1.000000e-99    2.320540e-99   2.014130e-101 
Pt-186             2.340682e-99    1.000000e-99    2.320540e-99   2.014130e-101 
Pt-187             2.340682e-99    1.000000e-99    2.320540e-99   2.014130e-101 
Pt-188             2.340682e-99    1.000000e-99    2.320540e-99   2.014130e-101 
Pt-189             2.340682e-99    1.000000e-99    2.320540e-99   2.014130e-101 
Pt-190             2.282379e-12    1.008463e-12    2.262912e-12    1.946723e-14 
Pt-191             2.340682e-99    1.000000e-99    2.320540e-99   2.014130e-101 
Pt-192             1.708373e-10    5.850019e-11    1.693017e-10    1.535661e-12 
Pt-193             7.077159e-13    1.000000e-99    6.999176e-13    7.798297e-15 
Pt-194             5.785892e-09    2.489798e-09    5.736213e-09    4.967830e-11 
Pt-195             5.872710e-09    2.568263e-09    5.822490e-09    5.022064e-11 
Pt-196             4.642037e-09    1.926003e-09    4.601822e-09    4.021507e-11 
Pt-197             2.340682e-99    1.000000e-99    2.320540e-99   2.014130e-101 
Pt-198             1.283416e-09    5.521699e-10    1.272383e-09    1.103279e-11 
Pt-199             2.340682e-99    1.000000e-99    2.320540e-99   2.014130e-101 
Pt-200             2.340682e-99    1.000000e-99    2.320540e-99   2.014130e-101 
Pt-201             2.340682e-99    1.000000e-99    2.320540e-99   2.014130e-101 
Pt-202             2.340682e-99    1.000000e-99    2.320540e-99   2.014130e-101 
Au-185             2.340682e-99    1.000000e-99    2.320540e-99   2.014130e-101 
Au-186             2.340682e-99    1.000000e-99    2.320540e-99   2.014130e-101 
Au-187             2.340682e-99    1.000000e-99    2.320540e-99   2.014130e-101 
Au-188             2.340682e-99    1.000000e-99    2.320540e-99   2.014130e-101 
Au-189             2.340682e-99    1.000000e-99    2.320540e-99   2.014130e-101 
Au-190             2.340682e-99    1.000000e-99    2.320540e-99   2.014130e-101 
Au-191             2.340682e-99    1.000000e-99    2.320540e-99   2.014130e-101 
Au-192             2.340682e-99    1.000000e-99    2.320540e-99   2.014130e-101 
Au-193             2.340682e-99    1.000000e-99    2.320540e-99   2.014130e-101 
Au-194             2.340682e-99    1.000000e-99    2.320540e-99   2.014130e-101 
Au-195             2.340682e-99    1.000000e-99    2.320540e-99   2.014130e-101 
Au-196             2.340682e-99    1.000000e-99    2.320540e-99   2.014130e-101 
Au-197             2.540330e-09    1.083301e-09    2.518466e-09    2.186367e-11 
Au-198             2.340682e-99    1.000000e-99    2.320540e-99   2.014130e-101 
Au-199             2.340682e-99    1.000000e-99    2.320540e-99   2.014130e-101 
Au-200             2.340682e-99    1.000000e-99    2.320540e-99   2.014130e-101 
Au-201             2.340682e-99    1.000000e-99    2.320540e-99   2.014130e-101 
Au-202             2.340682e-99    1.000000e-99    2.320540e-99   2.014130e-101 
Au-203             2.340682e-99    1.000000e-99    2.320540e-99   2.014130e-101 
Hg-189             2.340682e-99    1.000000e-99    2.320540e-99   2.014130e-101 
Hg-190             2.340682e-99    1.000000e-99    2.320540e-99   2.014130e-101 
Hg-191             2.340682e-99    1.000000e-99    2.320540e-99   2.014130e-101 
Hg-192             2.340682e-99    1.000000e-99    2.320540e-99   2.014130e-101 
Hg-193             2.340682e-99    1.000000e-99    2.320540e-99   2.014130e-101 
Hg-194             2.340682e-99    1.000000e-99    2.320540e-99   2.014130e-101 
Hg-195             2.340682e-99    1.000000e-99    2.320540e-99   2.014130e-101 
Hg-196             6.814433e-12    3.009384e-12    6.756302e-12    5.813130e-14 
Hg-197             2.340682e-99    1.000000e-99    2.320540e-99   2.014130e-101 
Hg-198             7.154019e-10    1.974950e-10    7.087232e-10    6.678700e-12 
Hg-199             8.943674e-10    3.359915e-10    8.864466e-10    7.920753e-12 
Hg-200             1.485481e-09    4.622210e-10    1.471873e-09    1.360807e-11 
Hg-201             7.911870e-10    2.651107e-10    7.840337e-10    7.153316e-12 
Hg-202             2.040517e-09    6.036257e-10    2.021688e-09    1.882944e-11 
Hg-203             2.340682e-99    1.000000e-99    2.320540e-99   2.014130e-101 
Hg-204             3.420293e-10    1.401373e-10    3.390510e-10    2.978270e-12 
Hg-205             2.340682e-99    1.000000e-99    2.320540e-99   2.014130e-101 
Hg-206             2.340682e-99    1.000000e-99    2.320540e-99   2.014130e-101 
Hg-207             2.340682e-99    1.000000e-99    2.320540e-99   2.014130e-101 
Hg-208             2.340682e-99    1.000000e-99    2.320540e-99   2.014130e-101 
Tl-192             2.340682e-99    1.000000e-99    2.320540e-99   2.014130e-101 
Tl-193             2.340682e-99    1.000000e-99    2.320540e-99   2.014130e-101 
Tl-194             2.340682e-99    1.000000e-99    2.320540e-99   2.014130e-101 
Tl-195             2.340682e-99    1.000000e-99    2.320540e-99   2.014130e-101 
Tl-196             2.340682e-99    1.000000e-99    2.320540e-99   2.014130e-101 
Tl-197             2.340682e-99    1.000000e-99    2.320540e-99   2.014130e-101 
Tl-198             2.340682e-99    1.000000e-99    2.320540e-99   2.014130e-101 
Tl-199             2.340682e-99    1.000000e-99    2.320540e-99   2.014130e-101 
Tl-200             2.340682e-99    1.000000e-99    2.320540e-99   2.014130e-101 
Tl-201             2.340682e-99    1.000000e-99    2.320540e-99   2.014130e-101 
Tl-202             2.340682e-99    1.000000e-99    2.320540e-99   2.014130e-101 
Tl-203             1.031094e-09    3.220729e-10    1.021654e-09    9.439163e-12 
Tl-204             6.981168e-20    1.000000e-99    6.894571e-20    8.659732e-22 
Tl-205             2.167663e-09    7.763865e-10    2.148297e-09    1.936573e-11 
Tl-206             2.340682e-99    1.000000e-99    2.320540e-99   2.014130e-101 
Tl-207             2.340682e-99    1.000000e-99    2.320540e-99   2.014130e-101 
Tl-208             2.340682e-99    1.000000e-99    2.320540e-99   2.014130e-101 
Tl-209             2.340682e-99    1.000000e-99    2.320540e-99   2.014130e-101 
Tl-210             2.340682e-99    1.000000e-99    2.320540e-99   2.014130e-101 
Pb-193             2.340682e-99    1.000000e-99    2.320540e-99   2.014130e-101 
Pb-194             2.340682e-99    1.000000e-99    2.320540e-99   2.014130e-101 
Pb-195             2.340682e-99    1.000000e-99    2.320540e-99   2.014130e-101 
Pb-196             2.340682e-99    1.000000e-99    2.320540e-99   2.014130e-101 
Pb-197             2.340682e-99    1.000000e-99    2.320540e-99   2.014130e-101 
Pb-198             2.340682e-99    1.000000e-99    2.320540e-99   2.014130e-101 
Pb-199             2.340682e-99    1.000000e-99    2.320540e-99   2.014130e-101 
Pb-200             2.340682e-99    1.000000e-99    2.320540e-99   2.014130e-101 
Pb-201             2.340682e-99    1.000000e-99    2.320540e-99   2.014130e-101 
Pb-202             2.340682e-99    1.000000e-99    2.320540e-99   2.014130e-101 
Pb-203             2.340682e-99    1.000000e-99    2.320540e-99   2.014130e-101 
Pb-204             1.018993e-09    2.931006e-10    1.009553e-09    9.440131e-12 
Pb-205             6.474755e-12    1.000000e-99    6.405692e-12    6.906304e-14 
Pb-208             2.212381e-08    8.849766e-09    2.193045e-08    1.933530e-10 
Pb-209             2.340682e-99    1.000000e-99    2.320540e-99   2.014130e-101 
Pb-210             2.260301e-18    1.000000e-99    2.233917e-18    2.638443e-20 
Pb-211             2.340682e-99    1.000000e-99    2.320540e-99   2.014130e-101 
Bi-202             2.340682e-99    1.000000e-99    2.320540e-99   2.014130e-101 
Bi-203             2.340682e-99    1.000000e-99    2.320540e-99   2.014130e-101 
Bi-204             2.340682e-99    1.000000e-99    2.320540e-99   2.014130e-101 
Bi-205             2.340682e-99    1.000000e-99    2.320540e-99   2.014130e-101 
Bi-206             2.340682e-99    1.000000e-99    2.320540e-99   2.014130e-101 
Bi-207             2.340682e-99    1.000000e-99    2.320540e-99   2.014130e-101 
Bi-208             2.340682e-99    1.000000e-99    2.320540e-99   2.014130e-101 
Bi-209             2.061695e-09    8.718247e-10    2.043897e-09    1.779865e-11 
Bi-210             8.637887e-12    1.000000e-99    8.542685e-12    9.520189e-14 
Al-26m1            6.215905e-35    1.000000e-99    6.023987e-35    1.919183e-36 
Kr-85m1            2.340682e-99    1.000000e-99    2.320540e-99   2.014130e-101 
Cd-115m1           2.340682e-99    1.000000e-99    2.320540e-99   2.014130e-101 
Lu-176m1           2.340682e-99    1.000000e-99    2.320540e-99   2.014130e-101 
Ta-180m1           2.340682e-99    1.000000e-99    2.320540e-99   2.014130e-101 
