# Battino yields
# Model: m3z2m2-rotmix.stx2
# Mini: 3.00
# Z: 2.00e-02
# Mfinal: 0.6565915308649083
# Mfinal (MESA): 1.342007390506378
# Created by Daniel Boyea on 2024-12-10
isotope         wind_yield      initial_abundance wind_yield_mesaevo wind_yield_postmesa 
Neutron-1          2.343464e-99    1.000000e-99    1.658049e-99   6.854159e-100 
H-1                1.540144e+00    7.064434e-01    1.093239e+00    4.469054e-01 
H-2                5.953908e-06    1.370527e-05    4.349056e-06    1.604852e-06 
He-3               3.272788e-04    4.539991e-05    2.319585e-04    9.532034e-05 
He-4               7.099891e-01    2.734975e-01    5.015923e-01    2.083969e-01 
Be-7               1.387023e-10    1.000000e-99    9.035630e-11    4.834599e-11 
B-8                5.362352e-27    1.000000e-99    1.920282e-27    3.442070e-27 
Li-7               3.718598e-11    7.605094e-11    2.644961e-11    1.073637e-11 
C-11               2.953958e-26    1.000000e-99    1.673497e-26    1.280461e-26 
B-11               6.692520e-09    2.855891e-09    4.735046e-09    1.957473e-09 
C-12               3.551657e-02    3.424729e-03    2.333622e-02    1.218036e-02 
C-13               2.276888e-04    4.156115e-05    1.614176e-04    6.627118e-05 
N-13               4.446089e-19    1.000000e-99    1.226885e-19    3.219204e-19 
N-14               7.191441e-03    1.058808e-03    5.095082e-03    2.096359e-03 
C-14               7.187425e-08    1.000000e-99    4.499483e-08    2.687943e-08 
N-15               4.393112e-06    4.170720e-06    3.123302e-06    1.269810e-06 
O-16               3.324065e-02    9.624352e-03    2.271716e-02    1.052349e-02 
O-17               6.478934e-05    3.813070e-06    4.590004e-05    1.888930e-05 
O-18               3.466639e-05    2.171062e-05    2.462085e-05    1.004553e-05 
F-17               8.456239e-25    1.000000e-99    2.295938e-25    6.160301e-25 
F-18               1.549056e-26    1.000000e-99    4.212345e-27    1.127822e-26 
F-19               5.055750e-06    5.610951e-07    3.250367e-06    1.805382e-06 
Ne-20              4.293947e-03    1.817733e-03    3.034302e-03    1.259645e-03 
Ne-21              1.303327e-05    4.575277e-06    9.053947e-06    3.979324e-06 
Ne-22              2.834433e-03    1.470235e-04    1.805345e-03    1.029088e-03 
Na-22              1.228003e-15    1.000000e-99    7.544963e-16    4.735071e-16 
Na-23              1.535725e-04    3.999546e-05    1.068717e-04    4.670083e-05 
Mg-23              2.343464e-99    1.000000e-99    1.658049e-99   6.854159e-100 
Mg-24              1.393146e-03    5.862424e-04    9.840109e-04    4.091349e-04 
Mg-25              3.099844e-04    7.733092e-05    2.072831e-04    1.027014e-04 
Mg-26              4.792041e-04    8.848024e-05    3.129592e-04    1.662449e-04 
Al-26              1.798906e-07    1.000000e-99    1.203596e-07    5.953092e-08 
Al-27              1.567148e-04    6.481069e-05    1.104864e-04    4.622840e-05 
Si-27              2.343464e-99    1.000000e-99    1.658049e-99   6.854159e-100 
Si-28              1.744793e-03    7.452665e-04    1.234584e-03    5.102093e-04 
Si-29              9.371426e-05    3.919403e-05    6.616002e-05    2.755425e-05 
Si-30              6.929184e-05    2.672780e-05    4.849398e-05    2.079786e-05 
P-31               1.780273e-05    7.106317e-06    1.249442e-05    5.308304e-06 
S-31               2.343464e-99    1.000000e-99    1.658049e-99   6.854159e-100 
Be-8               2.343464e-99    1.000000e-99    1.658049e-99   6.854159e-100 
O-14               4.672171e-51    1.000000e-99    1.262584e-51    3.409587e-51 
O-15               2.612117e-24    1.000000e-99    9.784352e-25    1.633682e-24 
Na-21              8.854158e-31    1.000000e-99    2.399481e-31    6.454677e-31 
Al-25              2.343464e-99    1.000000e-99    1.658049e-99   6.854159e-100 
P-29               2.343464e-99    1.000000e-99    1.658049e-99   6.854159e-100 
P-30               2.343464e-99    1.000000e-99    1.658049e-99   6.854159e-100 
Pb-206             7.048167e-09    2.797732e-09    4.949520e-09    2.098647e-09 
Pb-207             7.554886e-09    3.089652e-09    5.318850e-09    2.236036e-09 
Bi-211             2.343464e-99    1.000000e-99    1.658049e-99   6.854159e-100 
Po-210             2.343464e-99    1.000000e-99    1.658049e-99   6.854159e-100 
F-20               2.343464e-99    1.000000e-99    1.658049e-99   6.854159e-100 
Ne-19              2.343464e-99    1.000000e-99    1.658049e-99   6.854159e-100 
Na-24              2.826161e-56    1.000000e-99    7.639832e-57    2.062177e-56 
Mg-27              2.343464e-99    1.000000e-99    1.658049e-99   6.854159e-100 
Mg-28              2.343464e-99    1.000000e-99    1.658049e-99   6.854159e-100 
Al-28              2.343464e-99    1.000000e-99    1.658049e-99   6.854159e-100 
Al-29              2.343464e-99    1.000000e-99    1.658049e-99   6.854159e-100 
Si-31              2.168758e-95    1.000000e-99    5.873216e-96    1.581437e-95 
Si-32              1.027414e-10    1.000000e-99    6.101436e-11    4.172703e-11 
P-32               2.332731e-14    1.000000e-99    1.385324e-14    9.474072e-15 
P-33               2.343465e-99    1.000000e-99    1.658049e-99   6.854159e-100 
P-34               2.343464e-99    1.000000e-99    1.658049e-99   6.854159e-100 
P-35               2.343464e-99    1.000000e-99    1.658049e-99   6.854159e-100 
S-32               9.337712e-04    4.010872e-04    6.611309e-04    2.726403e-04 
S-33               8.047913e-06    3.264811e-06    5.670027e-06    2.377886e-06 
S-34               4.598647e-05    1.890425e-05    3.240753e-05    1.357894e-05 
S-35               1.834018e-76    1.000000e-99    4.954643e-77    1.338554e-76 
S-36               3.939409e-07    8.072988e-08    2.630840e-07    1.308569e-07 
S-37               2.343464e-99    1.000000e-99    1.658049e-99   6.854159e-100 
S-38               2.343464e-99    1.000000e-99    1.658049e-99   6.854159e-100 
Cl-34              2.343464e-99    1.000000e-99    1.658049e-99   6.854159e-100 
Cl-35              1.577177e-05    6.821093e-06    1.117389e-05    4.597880e-06 
Cl-36              3.056465e-08    1.000000e-99    1.981396e-08    1.075069e-08 
Cl-37              6.539564e-06    2.305792e-06    4.548905e-06    1.990659e-06 
Cl-38              2.343464e-99    1.000000e-99    1.658049e-99   6.854159e-100 
Cl-39              2.343464e-99    1.000000e-99    1.658049e-99   6.854159e-100 
Cl-40              2.343464e-99    1.000000e-99    1.658049e-99   6.854159e-100 
Ar-35              2.343464e-99    1.000000e-99    1.658049e-99   6.854159e-100 
Ar-36              1.895439e-04    8.202156e-05    1.342992e-04    5.524464e-05 
Ar-37              5.908231e-10    1.000000e-99    3.628231e-10    2.280000e-10 
Ar-38              3.801481e-05    1.574147e-05    2.681324e-05    1.120157e-05 
Ar-39              7.156486e-08    1.000000e-99    4.443305e-08    2.713181e-08 
Ar-40              1.271149e-07    2.650196e-08    8.412726e-08    4.298761e-08 
Ar-41              2.343464e-99    1.000000e-99    1.658049e-99   6.854159e-100 
Ar-42              3.749535e-14    1.000000e-99    2.140903e-14    1.608632e-14 
Ar-43              2.343464e-99    1.000000e-99    1.658049e-99   6.854159e-100 
Ar-44              2.343464e-99    1.000000e-99    1.658049e-99   6.854159e-100 
K-38               2.343464e-99    1.000000e-99    1.658049e-99   6.854159e-100 
K-39               9.218014e-06    3.899726e-06    6.515732e-06    2.702282e-06 
K-40               5.268950e-08    5.005111e-10    3.376399e-08    1.892551e-08 
K-41               7.544662e-07    2.958666e-07    5.295380e-07    2.249282e-07 
K-42               1.640576e-18    1.000000e-99    9.367334e-19    7.038430e-19 
K-43               2.343464e-99    1.000000e-99    1.658049e-99   6.854159e-100 
K-44               2.343464e-99    1.000000e-99    1.658049e-99   6.854159e-100 
K-45               2.343464e-99    1.000000e-99    1.658049e-99   6.854159e-100 
K-46               2.343464e-99    1.000000e-99    1.658049e-99   6.854159e-100 
Ca-39              2.343464e-99    1.000000e-99    1.658049e-99   6.854159e-100 
Ca-40              1.675749e-04    7.225208e-05    1.186911e-04    4.888374e-05 
Ca-41              5.995543e-08    1.000000e-99    3.888256e-08    2.107286e-08 
Ca-42              1.300588e-06    5.063333e-07    9.121432e-07    3.884448e-07 
Ca-43              2.816040e-07    1.081646e-07    1.971549e-07    8.444918e-08 
Ca-44              4.042528e-06    1.710212e-06    2.856954e-06    1.185575e-06 
Ca-45              5.888304e-55    1.000000e-99    1.591759e-55    4.296546e-55 
Ca-46              1.398770e-08    3.428473e-09    9.289750e-09    4.697949e-09 
Ca-47              2.343464e-99    1.000000e-99    1.658049e-99   6.854159e-100 
Ca-48              3.911684e-07    1.672498e-07    2.768163e-07    1.143521e-07 
Ca-49              2.343464e-99    1.000000e-99    1.658049e-99   6.854159e-100 
Sc-43              2.343464e-99    1.000000e-99    1.658049e-99   6.854159e-100 
Sc-44              2.343464e-99    1.000000e-99    1.658049e-99   6.854159e-100 
Sc-45              1.502043e-07    5.413715e-08    1.044828e-07    4.572152e-08 
Sc-46              1.081889e-47    1.000000e-99    2.925705e-48    7.893181e-48 
Sc-47              2.343464e-99    1.000000e-99    1.658049e-99   6.854159e-100 
Sc-48              2.343464e-99    1.000000e-99    1.658049e-99   6.854159e-100 
Sc-49              2.343464e-99    1.000000e-99    1.658049e-99   6.854159e-100 
Sc-50              2.343464e-99    1.000000e-99    1.658049e-99   6.854159e-100 
Ti-44              1.092104e-22    1.000000e-99    6.958828e-23    3.962212e-23 
Ti-45              2.343464e-99    1.000000e-99    1.658049e-99   6.854159e-100 
Ti-46              7.682633e-07    3.231782e-07    5.427170e-07    2.255462e-07 
Ti-47              6.905282e-07    2.976998e-07    4.889189e-07    2.016093e-07 
Ti-48              6.907994e-06    3.013765e-06    4.897823e-06    2.010171e-06 
Ti-49              6.186119e-07    2.257335e-07    4.320622e-07    1.865497e-07 
Ti-50              6.544054e-07    2.208013e-07    4.527656e-07    2.016398e-07 
Ti-51              2.343464e-99    1.000000e-99    1.658049e-99   6.854159e-100 
Ti-52              2.343464e-99    1.000000e-99    1.658049e-99   6.854159e-100 
V-47               2.343464e-99    1.000000e-99    1.658049e-99   6.854159e-100 
V-48               2.343464e-99    1.000000e-99    1.658049e-99   6.854159e-100 
V-49               7.187262e-18    1.000000e-99    4.518694e-18    2.668567e-18 
V-50               2.311431e-09    1.015480e-09    1.639907e-09    6.715247e-10 
V-51               9.622495e-07    4.137779e-07    6.813672e-07    2.808823e-07 
V-52               2.343464e-99    1.000000e-99    1.658049e-99   6.854159e-100 
V-53               2.343464e-99    1.000000e-99    1.658049e-99   6.854159e-100 
Cr-48              2.343464e-99    1.000000e-99    1.658049e-99   6.854159e-100 
Cr-49              2.343464e-99    1.000000e-99    1.658049e-99   6.854159e-100 
Cr-50              1.881139e-06    8.265377e-07    1.334635e-06    5.465040e-07 
Cr-51              2.301669e-11    1.000000e-99    1.395125e-11    9.065440e-12 
Cr-52              3.843231e-05    1.657585e-05    2.722233e-05    1.120998e-05 
Cr-53              4.454801e-06    1.915622e-06    3.154444e-06    1.300357e-06 
Cr-54              1.520371e-06    4.857946e-07    1.048886e-06    4.714855e-07 
Cr-55              2.343464e-99    1.000000e-99    1.658049e-99   6.854159e-100 
Cr-56              2.343464e-99    1.000000e-99    1.658049e-99   6.854159e-100 
Mn-51              2.343464e-99    1.000000e-99    1.658049e-99   6.854159e-100 
Mn-52              2.343464e-99    1.000000e-99    1.658049e-99   6.854159e-100 
Mn-53              1.181489e-17    1.000000e-99    7.460812e-18    4.354078e-18 
Mn-54              5.346237e-18    1.000000e-99    3.350794e-18    1.995442e-18 
Mn-55              2.549511e-05    1.098109e-05    1.806357e-05    7.431536e-06 
Mn-56              1.407267e-97    1.000000e-99    3.912759e-98    1.015991e-97 
Mn-57              2.343464e-99    1.000000e-99    1.658049e-99   6.854159e-100 
Fe-52              2.343464e-99    1.000000e-99    1.658049e-99   6.854159e-100 
Fe-53              2.343464e-99    1.000000e-99    1.658049e-99   6.854159e-100 
Fe-54              1.853901e-04    8.118227e-05    1.314944e-04    5.389573e-05 
Fe-55              5.458914e-07    1.000000e-99    3.530839e-07    1.928075e-07 
Fe-56              3.055362e-03    1.321588e-03    2.164802e-03    8.905601e-04 
Fe-57              8.318628e-05    3.106624e-05    5.822843e-05    2.495785e-05 
Fe-58              3.043980e-05    4.206879e-06    2.010728e-05    1.033252e-05 
Fe-59              8.437614e-38    1.000000e-99    2.285101e-38    6.152513e-38 
Fe-60              6.668778e-07    1.000000e-99    4.028033e-07    2.640744e-07 
Fe-61              2.343464e-99    1.000000e-99    1.658049e-99   6.854159e-100 
Co-55              2.343464e-99    1.000000e-99    1.658049e-99   6.854159e-100 
Co-56              2.343464e-99    1.000000e-99    1.658049e-99   6.854159e-100 
Co-57              4.503318e-17    1.000000e-99    2.827645e-17    1.675673e-17 
Co-58              2.478645e-42    1.000000e-99    6.786653e-43    1.799980e-42 
Co-59              1.425944e-05    3.991489e-06    9.724097e-06    4.535344e-06 
Co-60              1.144517e-13    1.000000e-99    5.982547e-14    5.462625e-14 
Co-61              2.343464e-99    1.000000e-99    1.658049e-99   6.854159e-100 
Co-62              2.343464e-99    1.000000e-99    1.658049e-99   6.854159e-100 
Co-63              2.343464e-99    1.000000e-99    1.658049e-99   6.854159e-100 
Ni-56              2.343464e-99    1.000000e-99    1.658049e-99   6.854159e-100 
Ni-57              2.343464e-99    1.000000e-99    1.658049e-99   6.854159e-100 
Ni-58              1.304424e-04    5.710980e-05    9.252025e-05    3.792213e-05 
Ni-59              3.739367e-07    1.000000e-99    2.437953e-07    1.301414e-07 
Ni-60              5.622967e-05    2.275717e-05    3.956589e-05    1.666379e-05 
Ni-61              4.169132e-06    1.005726e-06    2.811441e-06    1.357691e-06 
Ni-62              1.138822e-05    3.259262e-06    7.739125e-06    3.649095e-06 
Ni-63              3.087022e-07    1.000000e-99    1.875727e-07    1.211295e-07 
Ni-64              4.393457e-06    8.568133e-07    2.865421e-06    1.528036e-06 
Ni-65              2.421488e-99    1.000000e-99    1.679179e-99   7.423095e-100 
Ni-66              2.343464e-99    1.000000e-99    1.658049e-99   6.854159e-100 
Ni-67              2.343464e-99    1.000000e-99    1.658049e-99   6.854159e-100 
Ni-68              2.343464e-99    1.000000e-99    1.658049e-99   6.854159e-100 
Cu-60              2.343464e-99    1.000000e-99    1.658049e-99   6.854159e-100 
Cu-61              2.343464e-99    1.000000e-99    1.658049e-99   6.854159e-100 
Cu-62              2.343464e-99    1.000000e-99    1.658049e-99   6.854159e-100 
Cu-63              2.556623e-06    6.600340e-07    1.724701e-06    8.319224e-07 
Cu-64              1.647990e-54    1.000000e-99    4.454937e-55    1.202497e-54 
Cu-65              1.458399e-06    3.034684e-07    9.574379e-07    5.009609e-07 
Cu-66              2.343464e-99    1.000000e-99    1.658049e-99   6.854159e-100 
Cu-67              2.343464e-99    1.000000e-99    1.658049e-99   6.854159e-100 
Cu-68              2.343464e-99    1.000000e-99    1.658049e-99   6.854159e-100 
Cu-69              2.343464e-99    1.000000e-99    1.658049e-99   6.854159e-100 
Cu-70              2.343464e-99    1.000000e-99    1.658049e-99   6.854159e-100 
Cu-71              2.343464e-99    1.000000e-99    1.658049e-99   6.854159e-100 
Zn-62              2.343464e-99    1.000000e-99    1.658049e-99   6.854159e-100 
Zn-63              2.343464e-99    1.000000e-99    1.658049e-99   6.854159e-100 
Zn-64              2.861351e-06    1.130751e-06    2.006328e-06    8.550231e-07 
Zn-65              4.261300e-09    1.000000e-99    2.581827e-09    1.679472e-09 
Zn-66              2.164757e-06    6.690076e-07    1.470124e-06    6.946330e-07 
Zn-67              3.632145e-07    9.980253e-08    2.435744e-07    1.196401e-07 
Zn-68              1.694962e-06    4.632262e-07    1.132016e-06    5.629459e-07 
Zn-69              2.370662e-99    1.000000e-99    1.665412e-99   7.052499e-100 
Zn-70              3.701145e-08    1.576786e-08    2.613561e-08    1.087584e-08 
Zn-71              2.343464e-99    1.000000e-99    1.658049e-99   6.854159e-100 
Zn-72              2.343464e-99    1.000000e-99    1.658049e-99   6.854159e-100 
Zn-73              2.343464e-99    1.000000e-99    1.658049e-99   6.854159e-100 
Zn-74              2.343464e-99    1.000000e-99    1.658049e-99   6.854159e-100 
Ga-65              2.343464e-99    1.000000e-99    1.658049e-99   6.854159e-100 
Ga-66              2.343464e-99    1.000000e-99    1.658049e-99   6.854159e-100 
Ga-67              2.343464e-99    1.000000e-99    1.658049e-99   6.854159e-100 
Ga-68              2.343464e-99    1.000000e-99    1.658049e-99   6.854159e-100 
Ga-69              1.899824e-07    4.550546e-08    1.252169e-07    6.476552e-08 
Ga-70              2.343464e-99    1.000000e-99    1.658049e-99   6.854159e-100 
Ga-71              1.262515e-07    3.107622e-08    8.360226e-08    4.264922e-08 
Ga-72              9.441047e-95    1.000000e-99    2.556917e-95    6.884131e-95 
Ga-73              2.343464e-99    1.000000e-99    1.658049e-99   6.854159e-100 
Ga-74              2.343464e-99    1.000000e-99    1.658049e-99   6.854159e-100 
Ga-75              2.343464e-99    1.000000e-99    1.658049e-99   6.854159e-100 
Ge-66              2.343464e-99    1.000000e-99    1.658049e-99   6.854159e-100 
Ge-67              2.343464e-99    1.000000e-99    1.658049e-99   6.854159e-100 
Ge-68              2.343464e-99    1.000000e-99    1.658049e-99   6.854159e-100 
Ge-69              2.343464e-99    1.000000e-99    1.658049e-99   6.854159e-100 
Ge-70              2.394948e-07    5.157185e-08    1.563651e-07    8.312974e-08 
Ge-71              1.534949e-47    1.000000e-99    4.150897e-48    1.119859e-47 
Ge-72              2.763307e-07    6.910333e-08    1.829410e-07    9.338976e-08 
Ge-73              7.911356e-08    1.954584e-08    5.230582e-08    2.680774e-08 
Ge-74              3.935572e-07    9.228454e-08    2.592868e-07    1.342705e-07 
Ge-75              2.343470e-99    1.000000e-99    1.658050e-99   6.854201e-100 
Ge-76              4.588222e-08    1.962921e-08    3.241581e-08    1.346642e-08 
Ge-77              2.343464e-99    1.000000e-99    1.658049e-99   6.854159e-100 
Ge-78              2.343464e-99    1.000000e-99    1.658049e-99   6.854159e-100 
As-69              2.343464e-99    1.000000e-99    1.658049e-99   6.854159e-100 
As-70              2.343464e-99    1.000000e-99    1.658049e-99   6.854159e-100 
As-71              2.343464e-99    1.000000e-99    1.658049e-99   6.854159e-100 
As-72              2.343464e-99    1.000000e-99    1.658049e-99   6.854159e-100 
As-73              2.343464e-99    1.000000e-99    1.658049e-99   6.854159e-100 
As-74              1.211679e-23    1.000000e-99    6.977101e-24    5.139688e-24 
As-75              5.086314e-08    1.430027e-08    3.409771e-08    1.676543e-08 
As-76              6.216453e-93    1.000000e-99    1.683548e-93    4.532904e-93 
As-77              2.343464e-99    1.000000e-99    1.658049e-99   6.854159e-100 
As-78              2.343464e-99    1.000000e-99    1.658049e-99   6.854159e-100 
As-79              2.343464e-99    1.000000e-99    1.658049e-99   6.854159e-100 
As-80              2.343464e-99    1.000000e-99    1.658049e-99   6.854159e-100 
As-81              2.343464e-99    1.000000e-99    1.658049e-99   6.854159e-100 
Se-72              2.343464e-99    1.000000e-99    1.658049e-99   6.854159e-100 
Se-73              2.343464e-99    1.000000e-99    1.658049e-99   6.854159e-100 
Se-74              2.712721e-09    1.197888e-09    1.925316e-09    7.874048e-10 
Se-75              2.343464e-99    1.000000e-99    1.658049e-99   6.854159e-100 
Se-76              6.928358e-08    1.296136e-08    4.488778e-08    2.439580e-08 
Se-77              3.973642e-08    1.070490e-08    2.654691e-08    1.318951e-08 
Se-78              1.702507e-07    3.376317e-08    1.111302e-07    5.912055e-08 
Se-79              1.652453e-08    1.000000e-99    1.001763e-08    6.506904e-09 
Se-80              2.534752e-07    7.226298e-08    1.709870e-07    8.248828e-08 
Se-81              2.343464e-99    1.000000e-99    1.658049e-99   6.854159e-100 
Se-82              3.022932e-08    1.303649e-08    2.140539e-08    8.823930e-09 
Se-83              2.343464e-99    1.000000e-99    1.658049e-99   6.854159e-100 
Se-84              2.343464e-99    1.000000e-99    1.658049e-99   6.854159e-100 
Br-74              2.343464e-99    1.000000e-99    1.658049e-99   6.854159e-100 
Br-75              2.343464e-99    1.000000e-99    1.658049e-99   6.854159e-100 
Br-76              2.343464e-99    1.000000e-99    1.658049e-99   6.854159e-100 
Br-77              2.343464e-99    1.000000e-99    1.658049e-99   6.854159e-100 
Br-78              2.343464e-99    1.000000e-99    1.658049e-99   6.854159e-100 
Br-79              3.432433e-08    1.389306e-08    2.406274e-08    1.026160e-08 
Br-80              2.343464e-99    1.000000e-99    1.658049e-99   6.854159e-100 
Br-81              4.695179e-08    1.385920e-08    3.180277e-08    1.514902e-08 
Br-82              1.380910e-94    1.000000e-99    3.740226e-95    1.006888e-94 
Br-83              2.343464e-99    1.000000e-99    1.658049e-99   6.854159e-100 
Br-84              2.343464e-99    1.000000e-99    1.658049e-99   6.854159e-100 
Br-85              2.343464e-99    1.000000e-99    1.658049e-99   6.854159e-100 
Br-86              2.343464e-99    1.000000e-99    1.658049e-99   6.854159e-100 
Br-87              2.343464e-99    1.000000e-99    1.658049e-99   6.854159e-100 
Kr-76              2.343464e-99    1.000000e-99    1.658049e-99   6.854159e-100 
Kr-77              2.343464e-99    1.000000e-99    1.658049e-99   6.854159e-100 
Kr-78              8.831746e-10    3.900193e-10    6.268229e-10    2.563518e-10 
Kr-79              2.343464e-99    1.000000e-99    1.658049e-99   6.854159e-100 
Kr-80              7.731461e-09    2.574713e-09    5.319023e-09    2.412438e-09 
Kr-81              8.450986e-10    1.000000e-99    5.348589e-10    3.102398e-10 
Kr-82              7.393530e-08    1.319540e-08    4.851865e-08    2.541666e-08 
Kr-83              4.626973e-08    1.324168e-08    3.139207e-08    1.487765e-08 
Kr-84              2.581002e-07    6.601984e-08    1.737889e-07    8.431136e-08 
Kr-85              3.177694e-12    1.000000e-99    1.739147e-12    1.438548e-12 
Kr-86              8.760330e-08    2.044383e-08    5.792195e-08    2.968136e-08 
Kr-87              2.343464e-99    1.000000e-99    1.658049e-99   6.854159e-100 
Kr-88              2.343464e-99    1.000000e-99    1.658049e-99   6.854159e-100 
Kr-89              2.343464e-99    1.000000e-99    1.658049e-99   6.854159e-100 
Kr-90              2.343464e-99    1.000000e-99    1.658049e-99   6.854159e-100 
Rb-79              2.343464e-99    1.000000e-99    1.658049e-99   6.854159e-100 
Rb-80              2.343464e-99    1.000000e-99    1.658049e-99   6.854159e-100 
Rb-81              2.343464e-99    1.000000e-99    1.658049e-99   6.854159e-100 
Rb-82              2.343464e-99    1.000000e-99    1.658049e-99   6.854159e-100 
Rb-83              2.343464e-99    1.000000e-99    1.658049e-99   6.854159e-100 
Rb-84              4.404827e-26    1.000000e-99    2.609713e-26    1.795114e-26 
Rb-85              5.871735e-08    1.282422e-08    3.898161e-08    1.973574e-08 
Rb-86              2.889342e-54    1.000000e-99    7.810628e-55    2.108280e-54 
Rb-87              3.503668e-08    5.062758e-09    2.242102e-08    1.261566e-08 
Rb-88              2.343464e-99    1.000000e-99    1.658049e-99   6.854159e-100 
Rb-89              2.343464e-99    1.000000e-99    1.658049e-99   6.854159e-100 
Rb-90              2.343464e-99    1.000000e-99    1.658049e-99   6.854159e-100 
Rb-91              2.343464e-99    1.000000e-99    1.658049e-99   6.854159e-100 
Sr-80              2.343464e-99    1.000000e-99    1.658049e-99   6.854159e-100 
Sr-81              2.343464e-99    1.000000e-99    1.658049e-99   6.854159e-100 
Sr-82              2.343464e-99    1.000000e-99    1.658049e-99   6.854159e-100 
Sr-83              2.343464e-99    1.000000e-99    1.658049e-99   6.854159e-100 
Sr-84              7.308886e-10    3.227999e-10    5.187417e-10    2.121470e-10 
Sr-85              2.343464e-99    1.000000e-99    1.658049e-99   6.854159e-100 
Sr-86              4.372141e-08    5.844553e-09    2.879154e-08    1.492988e-08 
Sr-87              2.958389e-08    4.443118e-09    1.964828e-08    9.935615e-09 
Sr-88              3.643641e-07    5.010796e-08    2.424598e-07    1.219043e-07 
Sr-89              1.818253e-76    1.000000e-99    4.912053e-77    1.327048e-76 
Sr-90              3.324445e-11    1.000000e-99    1.989515e-11    1.334930e-11 
Sr-91              2.343464e-99    1.000000e-99    1.658049e-99   6.854159e-100 
Sr-92              2.343464e-99    1.000000e-99    1.658049e-99   6.854159e-100 
Sr-93              2.343464e-99    1.000000e-99    1.658049e-99   6.854159e-100 
Sr-94              2.343464e-99    1.000000e-99    1.658049e-99   6.854159e-100 
Y-85               2.343464e-99    1.000000e-99    1.658049e-99   6.854159e-100 
Y-86               2.343464e-99    1.000000e-99    1.658049e-99   6.854159e-100 
Y-87               2.343464e-99    1.000000e-99    1.658049e-99   6.854159e-100 
Y-88               2.343464e-99    1.000000e-99    1.658049e-99   6.854159e-100 
Y-89               9.218840e-08    1.229343e-08    6.126280e-08    3.092560e-08 
Y-90               8.457323e-15    1.000000e-99    5.061287e-15    3.396036e-15 
Y-91               2.343464e-99    1.000000e-99    1.658049e-99   6.854159e-100 
Y-92               2.343464e-99    1.000000e-99    1.658049e-99   6.854159e-100 
Y-93               2.343464e-99    1.000000e-99    1.658049e-99   6.854159e-100 
Y-94               2.343464e-99    1.000000e-99    1.658049e-99   6.854159e-100 
Y-95               2.343464e-99    1.000000e-99    1.658049e-99   6.854159e-100 
Y-96               2.343464e-99    1.000000e-99    1.658049e-99   6.854159e-100 
Zr-86              2.343464e-99    1.000000e-99    1.658049e-99   6.854159e-100 
Zr-87              2.343464e-99    1.000000e-99    1.658049e-99   6.854159e-100 
Zr-88              2.343464e-99    1.000000e-99    1.658049e-99   6.854159e-100 
Zr-89              2.343464e-99    1.000000e-99    1.658049e-99   6.854159e-100 
Zr-90              8.375985e-08    1.534361e-08    5.643599e-08    2.732386e-08 
Zr-91              2.194295e-08    3.384023e-09    1.466113e-08    7.281825e-09 
Zr-92              3.288989e-08    5.226772e-09    2.195228e-08    1.093761e-08 
Zr-93              7.379117e-09    1.000000e-99    4.743267e-09    2.635850e-09 
Zr-94              3.277221e-08    5.413280e-09    2.189559e-08    1.087662e-08 
Zr-95              2.055378e-89    1.000000e-99    5.561977e-90    1.499180e-89 
Zr-96              4.174880e-09    8.903423e-10    2.755401e-09    1.419479e-09 
Zr-97              2.343464e-99    1.000000e-99    1.658049e-99   6.854159e-100 
Zr-98              2.343464e-99    1.000000e-99    1.658049e-99   6.854159e-100 
Nb-89              2.343464e-99    1.000000e-99    1.658049e-99   6.854159e-100 
Nb-90              2.343464e-99    1.000000e-99    1.658049e-99   6.854159e-100 
Nb-91              1.412261e-26    1.000000e-99    8.982210e-27    5.140402e-27 
Nb-92              2.343464e-99    1.000000e-99    1.658049e-99   6.854159e-100 
Nb-93              4.307335e-09    1.900054e-09    3.056908e-09    1.250427e-09 
Nb-94              5.741244e-14    1.000000e-99    3.809758e-14    1.931486e-14 
Nb-95              1.003858e-91    1.000000e-99    2.718026e-92    7.320554e-92 
Nb-96              2.343464e-99    1.000000e-99    1.658049e-99   6.854159e-100 
Nb-97              2.343464e-99    1.000000e-99    1.658049e-99   6.854159e-100 
Nb-98              2.343464e-99    1.000000e-99    1.658049e-99   6.854159e-100 
Nb-99              2.343464e-99    1.000000e-99    1.658049e-99   6.854159e-100 
Mo-90              2.343464e-99    1.000000e-99    1.658049e-99   6.854159e-100 
Mo-91              2.343464e-99    1.000000e-99    1.658049e-99   6.854159e-100 
Mo-92              2.300297e-09    1.012496e-09    1.632247e-09    6.680506e-10 
Mo-93              2.325284e-12    1.000000e-99    1.537112e-12    7.881721e-13 
Mo-94              1.509459e-09    6.447522e-10    1.069222e-09    4.402366e-10 
Mo-95              5.647343e-09    1.121895e-09    3.791237e-09    1.856105e-09 
Mo-96              7.532781e-09    1.187505e-09    5.017977e-09    2.514804e-09 
Mo-97              3.097946e-09    6.875272e-10    2.093585e-09    1.004361e-09 
Mo-98              8.774646e-09    1.754359e-09    5.908067e-09    2.866578e-09 
Mo-99              2.344734e-99    1.000000e-99    1.658392e-99   6.863418e-100 
Mo-100             2.021455e-09    7.146065e-10    1.402880e-09    6.185743e-10 
Mo-101             2.343464e-99    1.000000e-99    1.658049e-99   6.854159e-100 
Mo-102             2.343464e-99    1.000000e-99    1.658049e-99   6.854159e-100 
Tc-93              2.343464e-99    1.000000e-99    1.658049e-99   6.854159e-100 
Tc-94              2.343464e-99    1.000000e-99    1.658049e-99   6.854159e-100 
Tc-95              2.343464e-99    1.000000e-99    1.658049e-99   6.854159e-100 
Tc-96              2.343464e-99    1.000000e-99    1.658049e-99   6.854159e-100 
Tc-97              8.818704e-14    1.000000e-99    5.986345e-14    2.832359e-14 
Tc-98              3.043911e-14    1.000000e-99    2.077999e-14    9.659122e-15 
Tc-99              6.314409e-10    1.000000e-99    4.059800e-10    2.254609e-10 
Tc-100             2.343464e-99    1.000000e-99    1.658049e-99   6.854159e-100 
Tc-101             2.343464e-99    1.000000e-99    1.658049e-99   6.854159e-100 
Tc-102             2.343464e-99    1.000000e-99    1.658049e-99   6.854159e-100 
Tc-103             2.343464e-99    1.000000e-99    1.658049e-99   6.854159e-100 
Tc-104             2.343464e-99    1.000000e-99    1.658049e-99   6.854159e-100 
Tc-105             2.343464e-99    1.000000e-99    1.658049e-99   6.854159e-100 
Ru-94              2.343464e-99    1.000000e-99    1.658049e-99   6.854159e-100 
Ru-95              2.343464e-99    1.000000e-99    1.658049e-99   6.854159e-100 
Ru-96              6.626987e-10    2.925638e-10    4.703353e-10    1.923634e-10 
Ru-97              2.343464e-99    1.000000e-99    1.658049e-99   6.854159e-100 
Ru-98              2.288458e-10    1.007098e-10    1.623859e-10    6.645989e-11 
Ru-99              1.593740e-09    6.945400e-10    1.129766e-09    4.639731e-10 
Ru-100             3.703784e-09    6.927902e-10    2.488684e-09    1.215100e-09 
Ru-101             2.639505e-09    9.475089e-10    1.840394e-09    7.991116e-10 
Ru-102             7.003347e-09    1.769736e-09    4.771009e-09    2.232337e-09 
Ru-103             2.343470e-99    1.000000e-99    1.658050e-99   6.854202e-100 
Ru-104             2.689350e-09    1.064926e-09    1.887506e-09    8.018443e-10 
Ru-105             2.343464e-99    1.000000e-99    1.658049e-99   6.854159e-100 
Ru-106             9.326512e-45    1.000000e-99    2.553691e-45    6.772821e-45 
Rh-98              2.343464e-99    1.000000e-99    1.658049e-99   6.854159e-100 
Rh-99              2.343464e-99    1.000000e-99    1.658049e-99   6.854159e-100 
Rh-100             2.343464e-99    1.000000e-99    1.658049e-99   6.854159e-100 
Rh-101             2.343464e-99    1.000000e-99    1.658049e-99   6.854159e-100 
Rh-102             2.343464e-99    1.000000e-99    1.658049e-99   6.854159e-100 
Rh-103             2.921987e-09    1.054679e-09    2.038161e-09    8.838260e-10 
Rh-104             2.343464e-99    1.000000e-99    1.658049e-99   6.854159e-100 
Rh-105             2.343464e-99    1.000000e-99    1.658049e-99   6.854159e-100 
Rh-106             2.343464e-99    1.000000e-99    1.658049e-99   6.854159e-100 
Rh-107             2.343464e-99    1.000000e-99    1.658049e-99   6.854159e-100 
Rh-108             2.343464e-99    1.000000e-99    1.658049e-99   6.854159e-100 
Pd-99              2.343464e-99    1.000000e-99    1.658049e-99   6.854159e-100 
Pd-100             2.343464e-99    1.000000e-99    1.658049e-99   6.854159e-100 
Pd-101             2.343464e-99    1.000000e-99    1.658049e-99   6.854159e-100 
Pd-102             9.602829e-11    4.241146e-11    6.815523e-11    2.787306e-11 
Pd-103             2.343464e-99    1.000000e-99    1.658049e-99   6.854159e-100 
Pd-104             2.544122e-09    4.722820e-10    1.708302e-09    8.358199e-10 
Pd-105             2.574389e-09    9.557865e-10    1.799639e-09    7.747502e-10 
Pd-106             4.475228e-09    1.180942e-09    3.055901e-09    1.419327e-09 
Pd-107             3.505478e-10    1.000000e-99    2.253995e-10    1.251483e-10 
Pd-108             4.809036e-09    1.164921e-09    3.268950e-09    1.540086e-09 
Pd-109             2.343464e-99    1.000000e-99    1.658049e-99   6.854159e-100 
Pd-110             1.496106e-09    5.255369e-10    1.038500e-09    4.576058e-10 
Pd-111             2.343464e-99    1.000000e-99    1.658049e-99   6.854159e-100 
Pd-112             2.343464e-99    1.000000e-99    1.658049e-99   6.854159e-100 
Ag-101             2.343464e-99    1.000000e-99    1.658049e-99   6.854159e-100 
Ag-102             2.343464e-99    1.000000e-99    1.658049e-99   6.854159e-100 
Ag-103             2.343464e-99    1.000000e-99    1.658049e-99   6.854159e-100 
Ag-104             2.343464e-99    1.000000e-99    1.658049e-99   6.854159e-100 
Ag-105             2.343464e-99    1.000000e-99    1.658049e-99   6.854159e-100 
Ag-106             2.343464e-99    1.000000e-99    1.658049e-99   6.854159e-100 
Ag-107             1.775069e-09    7.840161e-10    1.259839e-09    5.152299e-10 
Ag-108             2.343464e-99    1.000000e-99    1.658049e-99   6.854159e-100 
Ag-109             2.304193e-09    7.419986e-10    1.594008e-09    7.101847e-10 
Ag-110             2.343464e-99    1.000000e-99    1.658049e-99   6.854159e-100 
Ag-111             2.343464e-99    1.000000e-99    1.658049e-99   6.854159e-100 
Ag-112             2.343464e-99    1.000000e-99    1.658049e-99   6.854159e-100 
Ag-113             2.343464e-99    1.000000e-99    1.658049e-99   6.854159e-100 
Cd-102             2.343464e-99    1.000000e-99    1.658049e-99   6.854159e-100 
Cd-103             2.343464e-99    1.000000e-99    1.658049e-99   6.854159e-100 
Cd-104             2.343464e-99    1.000000e-99    1.658049e-99   6.854159e-100 
Cd-105             2.343464e-99    1.000000e-99    1.658049e-99   6.854159e-100 
Cd-106             1.436988e-10    6.345981e-11    1.019886e-10    4.171022e-11 
Cd-107             2.343464e-99    1.000000e-99    1.658049e-99   6.854159e-100 
Cd-108             1.063629e-10    4.603590e-11    7.541472e-11    3.094815e-11 
Cd-109             3.797295e-31    1.000000e-99    1.052701e-31    2.744595e-31 
Cd-110             3.142508e-09    6.580184e-10    2.122343e-09    1.020165e-09 
Cd-111             2.137758e-09    6.804807e-10    1.477582e-09    6.601757e-10 
Cd-112             5.155125e-09    1.294369e-09    3.511187e-09    1.643938e-09 
Cd-113             2.139598e-09    6.613518e-10    1.475966e-09    6.636328e-10 
Cd-114             6.647526e-09    1.568640e-09    4.512376e-09    2.135151e-09 
Cd-115             6.754756e-93    1.000000e-99    1.829328e-93    4.925427e-93 
Cd-116             1.522015e-09    4.161239e-10    1.033089e-09    4.889267e-10 
Cd-117             2.343464e-99    1.000000e-99    1.658049e-99   6.854159e-100 
Cd-118             2.343464e-99    1.000000e-99    1.658049e-99   6.854159e-100 
In-106             2.343464e-99    1.000000e-99    1.658049e-99   6.854159e-100 
In-107             2.343464e-99    1.000000e-99    1.658049e-99   6.854159e-100 
In-108             2.343464e-99    1.000000e-99    1.658049e-99   6.854159e-100 
In-109             2.343464e-99    1.000000e-99    1.658049e-99   6.854159e-100 
In-110             2.343464e-99    1.000000e-99    1.658049e-99   6.854159e-100 
In-111             2.343464e-99    1.000000e-99    1.658049e-99   6.854159e-100 
In-112             2.343464e-99    1.000000e-99    1.658049e-99   6.854159e-100 
In-113             5.900546e-11    2.603851e-11    4.187693e-11    1.712853e-11 
In-114             2.343464e-99    1.000000e-99    1.658049e-99   6.854159e-100 
In-115             1.961448e-09    5.914896e-10    1.350540e-09    6.109080e-10 
In-116             2.343464e-99    1.000000e-99    1.658049e-99   6.854159e-100 
In-117             2.343464e-99    1.000000e-99    1.658049e-99   6.854159e-100 
In-118             2.343464e-99    1.000000e-99    1.658049e-99   6.854159e-100 
In-119             2.343464e-99    1.000000e-99    1.658049e-99   6.854159e-100 
Sn-108             2.343464e-99    1.000000e-99    1.658049e-99   6.854159e-100 
Sn-109             2.343464e-99    1.000000e-99    1.658049e-99   6.854159e-100 
Sn-110             2.343464e-99    1.000000e-99    1.658049e-99   6.854159e-100 
Sn-111             2.343464e-99    1.000000e-99    1.658049e-99   6.854159e-100 
Sn-112             2.765748e-10    1.221013e-10    1.962927e-10    8.028209e-11 
Sn-113             2.343464e-99    1.000000e-99    1.658049e-99   6.854159e-100 
Sn-114             1.919953e-10    8.434768e-11    1.362236e-10    5.577176e-11 
Sn-115             9.964513e-11    4.377039e-11    7.069806e-11    2.894707e-11 
Sn-116             7.787064e-09    1.893153e-09    5.297145e-09    2.489918e-09 
Sn-117             3.464929e-09    1.008332e-09    2.379462e-09    1.085467e-09 
Sn-118             1.251207e-08    3.209171e-09    8.520974e-09    3.991093e-09 
Sn-119             4.130361e-09    1.147018e-09    2.825960e-09    1.304401e-09 
Sn-120             1.676731e-08    4.391253e-09    1.141664e-08    5.350671e-09 
Sn-121             2.343469e-99    1.000000e-99    1.658050e-99   6.854190e-100 
Sn-122             2.334990e-09    6.340593e-10    1.574799e-09    7.601915e-10 
Sn-123             2.343464e-99    1.000000e-99    1.658049e-99   6.854159e-100 
Sn-124             1.866049e-09    8.059500e-10    1.321361e-09    5.446874e-10 
Sn-125             2.343464e-99    1.000000e-99    1.658049e-99   6.854159e-100 
Sn-126             4.615721e-14    1.000000e-99    2.767215e-14    1.848506e-14 
Sn-127             2.343464e-99    1.000000e-99    1.658049e-99   6.854159e-100 
Sn-128             2.343464e-99    1.000000e-99    1.658049e-99   6.854159e-100 
Sn-129             2.343464e-99    1.000000e-99    1.658049e-99   6.854159e-100 
Sn-130             2.343464e-99    1.000000e-99    1.658049e-99   6.854159e-100 
Sb-112             2.343464e-99    1.000000e-99    1.658049e-99   6.854159e-100 
Sb-113             2.343464e-99    1.000000e-99    1.658049e-99   6.854159e-100 
Sb-114             2.343464e-99    1.000000e-99    1.658049e-99   6.854159e-100 
Sb-115             2.343464e-99    1.000000e-99    1.658049e-99   6.854159e-100 
Sb-116             2.343464e-99    1.000000e-99    1.658049e-99   6.854159e-100 
Sb-117             2.343464e-99    1.000000e-99    1.658049e-99   6.854159e-100 
Sb-118             2.343464e-99    1.000000e-99    1.658049e-99   6.854159e-100 
Sb-119             2.343464e-99    1.000000e-99    1.658049e-99   6.854159e-100 
Sb-120             2.343464e-99    1.000000e-99    1.658049e-99   6.854159e-100 
Sb-121             1.975068e-09    6.317758e-10    1.362750e-09    6.123179e-10 
Sb-122             2.343469e-99    1.000000e-99    1.658050e-99   6.854191e-100 
Sb-123             1.229885e-09    4.802859e-10    8.609026e-10    3.689825e-10 
Sb-124             2.343464e-99    1.000000e-99    1.658049e-99   6.854159e-100 
Sb-125             4.951999e-23    1.000000e-99    2.255014e-23    2.696985e-23 
Sb-126             1.712173e-20    1.000000e-99    1.031193e-20    6.809801e-21 
Sb-127             2.343464e-99    1.000000e-99    1.658049e-99   6.854159e-100 
Sb-128             2.343464e-99    1.000000e-99    1.658049e-99   6.854159e-100 
Sb-129             2.343464e-99    1.000000e-99    1.658049e-99   6.854159e-100 
Sb-130             2.343464e-99    1.000000e-99    1.658049e-99   6.854159e-100 
Sb-131             2.343464e-99    1.000000e-99    1.658049e-99   6.854159e-100 
Sb-132             2.343464e-99    1.000000e-99    1.658049e-99   6.854159e-100 
Sb-133             2.343464e-99    1.000000e-99    1.658049e-99   6.854159e-100 
Te-114             2.343464e-99    1.000000e-99    1.658049e-99   6.854159e-100 
Te-115             2.343464e-99    1.000000e-99    1.658049e-99   6.854159e-100 
Te-116             2.343464e-99    1.000000e-99    1.658049e-99   6.854159e-100 
Te-117             2.343464e-99    1.000000e-99    1.658049e-99   6.854159e-100 
Te-118             2.343464e-99    1.000000e-99    1.658049e-99   6.854159e-100 
Te-119             2.343464e-99    1.000000e-99    1.658049e-99   6.854159e-100 
Te-120             3.686543e-11    1.628304e-11    2.616498e-11    1.070045e-11 
Te-121             2.343464e-99    1.000000e-99    1.658049e-99   6.854159e-100 
Te-122             1.793970e-09    4.488662e-10    1.218133e-09    5.758373e-10 
Te-123             6.176725e-10    1.578606e-10    4.200276e-10    1.976448e-10 
Te-124             3.392303e-09    8.440945e-10    2.300513e-09    1.091789e-09 
Te-125             3.335228e-09    1.261335e-09    2.332564e-09    1.002664e-09 
Te-126             1.015782e-08    3.375270e-09    7.028508e-09    3.129312e-09 
Te-127             2.343464e-99    1.000000e-99    1.658049e-99   6.854159e-100 
Te-128             1.334801e-08    5.732895e-09    9.445872e-09    3.902136e-09 
Te-129             2.343464e-99    1.000000e-99    1.658049e-99   6.854159e-100 
Te-130             1.429690e-08    6.210550e-09    1.013343e-08    4.163475e-09 
Te-131             2.343464e-99    1.000000e-99    1.658049e-99   6.854159e-100 
Te-132             2.343464e-99    1.000000e-99    1.658049e-99   6.854159e-100 
Te-133             2.343464e-99    1.000000e-99    1.658049e-99   6.854159e-100 
Te-134             2.343464e-99    1.000000e-99    1.658049e-99   6.854159e-100 
I-117              2.343464e-99    1.000000e-99    1.658049e-99   6.854159e-100 
I-118              2.343464e-99    1.000000e-99    1.658049e-99   6.854159e-100 
I-119              2.343464e-99    1.000000e-99    1.658049e-99   6.854159e-100 
I-120              2.343464e-99    1.000000e-99    1.658049e-99   6.854159e-100 
I-121              2.343464e-99    1.000000e-99    1.658049e-99   6.854159e-100 
I-122              2.343464e-99    1.000000e-99    1.658049e-99   6.854159e-100 
I-123              2.343464e-99    1.000000e-99    1.658049e-99   6.854159e-100 
I-124              2.343464e-99    1.000000e-99    1.658049e-99   6.854159e-100 
I-125              2.343464e-99    1.000000e-99    1.658049e-99   6.854159e-100 
I-126              2.343464e-99    1.000000e-99    1.658049e-99   6.854159e-100 
I-127              3.633524e-09    1.459105e-09    2.555098e-09    1.078425e-09 
I-128              2.343464e-99    1.000000e-99    1.658049e-99   6.854159e-100 
I-129              9.501786e-12    1.000000e-99    6.017534e-12    3.484251e-12 
I-130              2.343464e-99    1.000000e-99    1.658049e-99   6.854159e-100 
I-131              2.343464e-99    1.000000e-99    1.658049e-99   6.854159e-100 
I-132              2.343464e-99    1.000000e-99    1.658049e-99   6.854159e-100 
I-133              2.343464e-99    1.000000e-99    1.658049e-99   6.854159e-100 
I-134              2.343464e-99    1.000000e-99    1.658049e-99   6.854159e-100 
I-135              2.343464e-99    1.000000e-99    1.658049e-99   6.854159e-100 
Xe-118             2.343464e-99    1.000000e-99    1.658049e-99   6.854159e-100 
Xe-119             2.343464e-99    1.000000e-99    1.658049e-99   6.854159e-100 
Xe-120             2.343464e-99    1.000000e-99    1.658049e-99   6.854159e-100 
Xe-121             2.343464e-99    1.000000e-99    1.658049e-99   6.854159e-100 
Xe-122             2.343464e-99    1.000000e-99    1.658049e-99   6.854159e-100 
Xe-123             2.343464e-99    1.000000e-99    1.658049e-99   6.854159e-100 
Xe-124             5.002292e-11    2.209501e-11    3.550343e-11    1.451949e-11 
Xe-125             2.343464e-99    1.000000e-99    1.658049e-99   6.854159e-100 
Xe-126             4.414342e-11    1.949268e-11    3.133019e-11    1.281323e-11 
Xe-127             2.343464e-99    1.000000e-99    1.658049e-99   6.854159e-100 
Xe-128             1.637010e-09    3.942736e-10    1.108432e-09    5.285785e-10 
Xe-129             1.139572e-08    4.892977e-09    8.065116e-09    3.330601e-09 
Xe-130             3.297811e-09    7.865029e-10    2.232257e-09    1.065554e-09 
Xe-131             9.517985e-09    3.944670e-09    6.713625e-09    2.804359e-09 
Xe-132             1.371210e-08    4.806204e-09    9.529358e-09    4.182741e-09 
Xe-133             2.343481e-99    1.000000e-99    1.658053e-99   6.854280e-100 
Xe-134             4.564164e-09    1.787989e-09    3.191576e-09    1.372588e-09 
Xe-135             2.343464e-99    1.000000e-99    1.658049e-99   6.854159e-100 
Xe-136             3.461625e-09    1.478416e-09    2.449077e-09    1.012548e-09 
Xe-137             2.343464e-99    1.000000e-99    1.658049e-99   6.854159e-100 
Xe-138             2.343464e-99    1.000000e-99    1.658049e-99   6.854159e-100 
Cs-123             2.343464e-99    1.000000e-99    1.658049e-99   6.854159e-100 
Cs-124             2.343464e-99    1.000000e-99    1.658049e-99   6.854159e-100 
Cs-125             2.343464e-99    1.000000e-99    1.658049e-99   6.854159e-100 
Cs-126             2.343464e-99    1.000000e-99    1.658049e-99   6.854159e-100 
Cs-127             2.343464e-99    1.000000e-99    1.658049e-99   6.854159e-100 
Cs-128             2.343464e-99    1.000000e-99    1.658049e-99   6.854159e-100 
Cs-129             2.343464e-99    1.000000e-99    1.658049e-99   6.854159e-100 
Cs-130             2.343464e-99    1.000000e-99    1.658049e-99   6.854159e-100 
Cs-131             2.343464e-99    1.000000e-99    1.658049e-99   6.854159e-100 
Cs-132             2.343464e-99    1.000000e-99    1.658049e-99   6.854159e-100 
Cs-133             3.632375e-09    1.426049e-09    2.548799e-09    1.083576e-09 
Cs-134             5.131480e-25    1.000000e-99    2.156756e-25    2.974724e-25 
Cs-135             3.496735e-10    1.000000e-99    2.196316e-10    1.300419e-10 
Cs-136             2.343844e-99    1.000000e-99    1.658151e-99   6.856926e-100 
Cs-137             6.691131e-12    1.000000e-99    3.917779e-12    2.773352e-12 
Cs-138             2.343464e-99    1.000000e-99    1.658049e-99   6.854159e-100 
Cs-139             2.343464e-99    1.000000e-99    1.658049e-99   6.854159e-100 
Ba-124             2.343464e-99    1.000000e-99    1.658049e-99   6.854159e-100 
Ba-125             2.343464e-99    1.000000e-99    1.658049e-99   6.854159e-100 
Ba-126             2.343464e-99    1.000000e-99    1.658049e-99   6.854159e-100 
Ba-127             2.343464e-99    1.000000e-99    1.658049e-99   6.854159e-100 
Ba-128             2.343464e-99    1.000000e-99    1.658049e-99   6.854159e-100 
Ba-129             2.343464e-99    1.000000e-99    1.658049e-99   6.854159e-100 
Ba-130             4.107551e-11    1.814312e-11    2.915307e-11    1.192244e-11 
Ba-131             2.343464e-99    1.000000e-99    1.658049e-99   6.854159e-100 
Ba-132             3.990158e-11    1.762128e-11    2.831970e-11    1.158188e-11 
Ba-133             2.670127e-21    1.000000e-99    1.670817e-21    9.993096e-22 
Ba-134             1.771323e-09    4.272326e-10    1.200627e-09    5.706965e-10 
Ba-135             2.911564e-09    1.173907e-09    2.048946e-09    8.626178e-10 
Ba-136             5.430538e-09    1.408826e-09    3.693062e-09    1.737476e-09 
Ba-137             6.516481e-09    2.029834e-09    4.476448e-09    2.040034e-09 
Ba-138             3.952255e-08    1.305194e-08    2.725397e-08    1.226857e-08 
Ba-139             2.343464e-99    1.000000e-99    1.658049e-99   6.854159e-100 
Ba-140             2.343464e-99    1.000000e-99    1.658049e-99   6.854159e-100 
Ba-141             2.343464e-99    1.000000e-99    1.658049e-99   6.854159e-100 
Ba-142             2.343464e-99    1.000000e-99    1.658049e-99   6.854159e-100 
La-127             2.343464e-99    1.000000e-99    1.658049e-99   6.854159e-100 
La-128             2.343464e-99    1.000000e-99    1.658049e-99   6.854159e-100 
La-129             2.343464e-99    1.000000e-99    1.658049e-99   6.854159e-100 
La-130             2.343464e-99    1.000000e-99    1.658049e-99   6.854159e-100 
La-131             2.343464e-99    1.000000e-99    1.658049e-99   6.854159e-100 
La-132             2.343464e-99    1.000000e-99    1.658049e-99   6.854159e-100 
La-133             2.343464e-99    1.000000e-99    1.658049e-99   6.854159e-100 
La-134             2.343464e-99    1.000000e-99    1.658049e-99   6.854159e-100 
La-135             2.343464e-99    1.000000e-99    1.658049e-99   6.854159e-100 
La-136             2.343464e-99    1.000000e-99    1.658049e-99   6.854159e-100 
La-137             2.839845e-17    1.000000e-99    1.889666e-17    9.501788e-18 
La-138             3.613583e-12    1.604073e-12    2.564693e-12    1.048891e-12 
La-139             5.027603e-09    1.790218e-09    3.489323e-09    1.538280e-09 
La-140             2.343464e-99    1.000000e-99    1.658049e-99   6.854159e-100 
La-141             2.343464e-99    1.000000e-99    1.658049e-99   6.854159e-100 
La-142             2.343464e-99    1.000000e-99    1.658049e-99   6.854159e-100 
La-143             2.343464e-99    1.000000e-99    1.658049e-99   6.854159e-100 
Ce-130             2.343464e-99    1.000000e-99    1.658049e-99   6.854159e-100 
Ce-131             2.343464e-99    1.000000e-99    1.658049e-99   6.854159e-100 
Ce-132             2.343464e-99    1.000000e-99    1.658049e-99   6.854159e-100 
Ce-133             2.343464e-99    1.000000e-99    1.658049e-99   6.854159e-100 
Ce-134             2.343464e-99    1.000000e-99    1.658049e-99   6.854159e-100 
Ce-135             2.343464e-99    1.000000e-99    1.658049e-99   6.854159e-100 
Ce-136             1.897987e-11    8.381751e-12    1.347074e-11    5.509127e-12 
Ce-137             2.343464e-99    1.000000e-99    1.658049e-99   6.854159e-100 
Ce-138             2.601764e-11    1.147719e-11    1.846485e-11    7.552789e-12 
Ce-139             2.343464e-99    1.000000e-99    1.658049e-99   6.854159e-100 
Ce-140             1.095985e-08    4.103022e-09    7.649367e-09    3.310487e-09 
Ce-141             2.343465e-99    1.000000e-99    1.658049e-99   6.854159e-100 
Ce-142             1.277005e-09    5.229277e-10    8.974194e-10    3.795852e-10 
Ce-143             2.343464e-99    1.000000e-99    1.658049e-99   6.854159e-100 
Ce-144             2.343464e-99    1.000000e-99    1.658049e-99   6.854159e-100 
Ce-145             2.343464e-99    1.000000e-99    1.658049e-99   6.854159e-100 
Ce-146             2.343464e-99    1.000000e-99    1.658049e-99   6.854159e-100 
Pr-133             2.343464e-99    1.000000e-99    1.658049e-99   6.854159e-100 
Pr-134             2.343464e-99    1.000000e-99    1.658049e-99   6.854159e-100 
Pr-135             2.343464e-99    1.000000e-99    1.658049e-99   6.854159e-100 
Pr-136             2.343464e-99    1.000000e-99    1.658049e-99   6.854159e-100 
Pr-137             2.343464e-99    1.000000e-99    1.658049e-99   6.854159e-100 
Pr-138             2.343464e-99    1.000000e-99    1.658049e-99   6.854159e-100 
Pr-139             2.343464e-99    1.000000e-99    1.658049e-99   6.854159e-100 
Pr-140             2.343464e-99    1.000000e-99    1.658049e-99   6.854159e-100 
Pr-141             1.745937e-09    6.910381e-10    1.224662e-09    5.212749e-10 
Pr-142             2.343464e-99    1.000000e-99    1.658049e-99   6.854159e-100 
Pr-143             2.343464e-99    1.000000e-99    1.658049e-99   6.854159e-100 
Pr-144             2.343464e-99    1.000000e-99    1.658049e-99   6.854159e-100 
Pr-145             2.343464e-99    1.000000e-99    1.658049e-99   6.854159e-100 
Pr-146             2.343464e-99    1.000000e-99    1.658049e-99   6.854159e-100 
Pr-147             2.343464e-99    1.000000e-99    1.658049e-99   6.854159e-100 
Pr-148             2.343464e-99    1.000000e-99    1.658049e-99   6.854159e-100 
Pr-149             2.343464e-99    1.000000e-99    1.658049e-99   6.854159e-100 
Nd-134             2.343464e-99    1.000000e-99    1.658049e-99   6.854159e-100 
Nd-135             2.343464e-99    1.000000e-99    1.658049e-99   6.854159e-100 
Nd-136             2.343464e-99    1.000000e-99    1.658049e-99   6.854159e-100 
Nd-137             2.343464e-99    1.000000e-99    1.658049e-99   6.854159e-100 
Nd-138             2.343464e-99    1.000000e-99    1.658049e-99   6.854159e-100 
Nd-139             2.343464e-99    1.000000e-99    1.658049e-99   6.854159e-100 
Nd-140             2.343464e-99    1.000000e-99    1.658049e-99   6.854159e-100 
Nd-141             2.343464e-99    1.000000e-99    1.658049e-99   6.854159e-100 
Nd-142             2.590947e-09    9.919756e-10    1.813242e-09    7.777043e-10 
Nd-143             1.079040e-09    4.483556e-10    7.608101e-10    3.182297e-10 
Nd-144             2.201220e-09    8.826112e-10    1.546236e-09    6.549840e-10 
Nd-145             7.387133e-10    3.095487e-10    5.212991e-10    2.174143e-10 
Nd-146             1.633438e-09    6.447718e-10    1.145686e-09    4.877518e-10 
Nd-147             2.343464e-99    1.000000e-99    1.658049e-99   6.854159e-100 
Nd-148             5.262679e-10    2.185025e-10    3.708017e-10    1.554662e-10 
Nd-149             2.343464e-99    1.000000e-99    1.658049e-99   6.854159e-100 
Nd-150             4.918164e-10    2.168256e-10    3.489969e-10    1.428196e-10 
Nd-151             2.343464e-99    1.000000e-99    1.658049e-99   6.854159e-100 
Nd-152             2.343464e-99    1.000000e-99    1.658049e-99   6.854159e-100 
Pm-137             2.343464e-99    1.000000e-99    1.658049e-99   6.854159e-100 
Pm-138             2.343464e-99    1.000000e-99    1.658049e-99   6.854159e-100 
Pm-139             2.343464e-99    1.000000e-99    1.658049e-99   6.854159e-100 
Pm-140             2.343464e-99    1.000000e-99    1.658049e-99   6.854159e-100 
Pm-141             2.343464e-99    1.000000e-99    1.658049e-99   6.854159e-100 
Pm-142             2.343464e-99    1.000000e-99    1.658049e-99   6.854159e-100 
Pm-143             2.343464e-99    1.000000e-99    1.658049e-99   6.854159e-100 
Pm-144             2.343464e-99    1.000000e-99    1.658049e-99   6.854159e-100 
Pm-145             5.026821e-17    1.000000e-99    3.101270e-17    1.925551e-17 
Pm-146             3.325616e-26    1.000000e-99    2.114659e-26    1.210958e-26 
Pm-147             3.041993e-23    1.000000e-99    1.339290e-23    1.702703e-23 
Pm-148             2.343464e-99    1.000000e-99    1.658049e-99   6.854159e-100 
Pm-149             2.343464e-99    1.000000e-99    1.658049e-99   6.854159e-100 
Pm-150             2.343464e-99    1.000000e-99    1.658049e-99   6.854159e-100 
Pm-151             2.343464e-99    1.000000e-99    1.658049e-99   6.854159e-100 
Pm-152             2.343464e-99    1.000000e-99    1.658049e-99   6.854159e-100 
Pm-153             2.343464e-99    1.000000e-99    1.658049e-99   6.854159e-100 
Pm-154             2.343464e-99    1.000000e-99    1.658049e-99   6.854159e-100 
Sm-140             2.343464e-99    1.000000e-99    1.658049e-99   6.854159e-100 
Sm-141             2.343464e-99    1.000000e-99    1.658049e-99   6.854159e-100 
Sm-142             2.343464e-99    1.000000e-99    1.658049e-99   6.854159e-100 
Sm-143             2.343464e-99    1.000000e-99    1.658049e-99   6.854159e-100 
Sm-144             8.361205e-11    3.683532e-11    5.933356e-11    2.427849e-11 
Sm-145             9.020256e-95    1.000000e-99    2.470110e-95    6.550146e-95 
Sm-146             8.225677e-14    1.000000e-99    5.448505e-14    2.777171e-14 
Sm-147             4.356974e-10    1.834427e-10    3.076278e-10    1.280696e-10 
Sm-148             3.472800e-10    1.384631e-10    2.439725e-10    1.033075e-10 
Sm-149             3.957169e-10    1.713731e-10    2.802515e-10    1.154654e-10 
Sm-150             2.423905e-10    9.213125e-11    1.694199e-10    7.297068e-11 
Sm-151             7.072669e-13    1.000000e-99    4.383356e-13    2.689314e-13 
Sm-152             7.958973e-10    3.383156e-10    5.625723e-10    2.333250e-10 
Sm-153             2.343464e-99    1.000000e-99    1.658049e-99   6.854159e-100 
Sm-154             6.738132e-10    2.916240e-10    4.771085e-10    1.967047e-10 
Sm-155             2.343464e-99    1.000000e-99    1.658049e-99   6.854159e-100 
Sm-156             2.343464e-99    1.000000e-99    1.658049e-99   6.854159e-100 
Sm-157             2.343464e-99    1.000000e-99    1.658049e-99   6.854159e-100 
Sm-158             2.343464e-99    1.000000e-99    1.658049e-99   6.854159e-100 
Eu-143             2.343464e-99    1.000000e-99    1.658049e-99   6.854159e-100 
Eu-144             2.343464e-99    1.000000e-99    1.658049e-99   6.854159e-100 
Eu-145             2.343464e-99    1.000000e-99    1.658049e-99   6.854159e-100 
Eu-146             2.343464e-99    1.000000e-99    1.658049e-99   6.854159e-100 
Eu-147             2.343464e-99    1.000000e-99    1.658049e-99   6.854159e-100 
Eu-148             2.343464e-99    1.000000e-99    1.658049e-99   6.854159e-100 
Eu-149             2.343464e-99    1.000000e-99    1.658049e-99   6.854159e-100 
Eu-150             2.343464e-99    1.000000e-99    1.658049e-99   6.854159e-100 
Eu-151             4.652428e-10    2.036004e-10    3.298788e-10    1.353640e-10 
Eu-152             3.212969e-19    1.000000e-99    1.864619e-19    1.348350e-19 
Eu-153             5.157001e-10    2.251965e-10    3.655610e-10    1.501391e-10 
Eu-154             4.695550e-18    1.000000e-99    2.619848e-18    2.075702e-18 
Eu-155             1.111224e-19    1.000000e-99    5.783499e-20    5.328739e-20 
Eu-156             2.343464e-99    1.000000e-99    1.658049e-99   6.854159e-100 
Eu-157             2.343464e-99    1.000000e-99    1.658049e-99   6.854159e-100 
Eu-158             2.343464e-99    1.000000e-99    1.658049e-99   6.854159e-100 
Eu-159             2.343464e-99    1.000000e-99    1.658049e-99   6.854159e-100 
Gd-144             2.343464e-99    1.000000e-99    1.658049e-99   6.854159e-100 
Gd-145             2.343464e-99    1.000000e-99    1.658049e-99   6.854159e-100 
Gd-146             2.343464e-99    1.000000e-99    1.658049e-99   6.854159e-100 
Gd-147             2.343464e-99    1.000000e-99    1.658049e-99   6.854159e-100 
Gd-148             2.343464e-99    1.000000e-99    1.658049e-99   6.854159e-100 
Gd-149             2.343464e-99    1.000000e-99    1.658049e-99   6.854159e-100 
Gd-150             2.343464e-99    1.000000e-99    1.658049e-99   6.854159e-100 
Gd-151             2.343464e-99    1.000000e-99    1.658049e-99   6.854159e-100 
Gd-152             7.260442e-12    2.947193e-12    5.107080e-12    2.153362e-12 
Gd-153             2.343464e-99    1.000000e-99    1.658049e-99   6.854159e-100 
Gd-154             8.439544e-11    3.209515e-11    5.900706e-11    2.538837e-11 
Gd-155             5.037351e-10    2.192151e-10    3.569397e-10    1.467953e-10 
Gd-156             7.165130e-10    3.051047e-10    5.065484e-10    2.099647e-10 
Gd-157             5.435689e-10    2.348264e-10    3.848740e-10    1.586949e-10 
Gd-158             8.952984e-10    3.749720e-10    6.318991e-10    2.633993e-10 
Gd-159             2.343464e-99    1.000000e-99    1.658049e-99   6.854159e-100 
Gd-160             7.679596e-10    3.342894e-10    5.441441e-10    2.238155e-10 
Gd-161             2.343464e-99    1.000000e-99    1.658049e-99   6.854159e-100 
Gd-162             2.343464e-99    1.000000e-99    1.658049e-99   6.854159e-100 
Tb-147             2.343464e-99    1.000000e-99    1.658049e-99   6.854159e-100 
Tb-148             2.343464e-99    1.000000e-99    1.658049e-99   6.854159e-100 
Tb-149             2.343464e-99    1.000000e-99    1.658049e-99   6.854159e-100 
Tb-150             2.343464e-99    1.000000e-99    1.658049e-99   6.854159e-100 
Tb-151             2.343464e-99    1.000000e-99    1.658049e-99   6.854159e-100 
Tb-152             2.343464e-99    1.000000e-99    1.658049e-99   6.854159e-100 
Tb-153             2.343464e-99    1.000000e-99    1.658049e-99   6.854159e-100 
Tb-154             2.343464e-99    1.000000e-99    1.658049e-99   6.854159e-100 
Tb-155             2.343464e-99    1.000000e-99    1.658049e-99   6.854159e-100 
Tb-156             2.343464e-99    1.000000e-99    1.658049e-99   6.854159e-100 
Tb-157             7.276079e-15    1.000000e-99    4.530721e-15    2.745358e-15 
Tb-158             1.666735e-15    1.000000e-99    1.042143e-15    6.245923e-16 
Tb-159             6.363082e-10    2.764904e-10    4.508270e-10    1.854812e-10 
Tb-160             2.344617e-99    1.000000e-99    1.658361e-99   6.862565e-100 
Tb-161             2.343464e-99    1.000000e-99    1.658049e-99   6.854159e-100 
Tb-162             2.343464e-99    1.000000e-99    1.658049e-99   6.854159e-100 
Tb-163             2.343464e-99    1.000000e-99    1.658049e-99   6.854159e-100 
Tb-164             2.343464e-99    1.000000e-99    1.658049e-99   6.854159e-100 
Tb-165             2.343464e-99    1.000000e-99    1.658049e-99   6.854159e-100 
Dy-148             2.343464e-99    1.000000e-99    1.658049e-99   6.854159e-100 
Dy-149             2.343464e-99    1.000000e-99    1.658049e-99   6.854159e-100 
Dy-150             2.343464e-99    1.000000e-99    1.658049e-99   6.854159e-100 
Dy-151             2.343464e-99    1.000000e-99    1.658049e-99   6.854159e-100 
Dy-152             2.343464e-99    1.000000e-99    1.658049e-99   6.854159e-100 
Dy-153             2.343464e-99    1.000000e-99    1.658049e-99   6.854159e-100 
Dy-154             2.343464e-99    1.000000e-99    1.658049e-99   6.854159e-100 
Dy-155             2.343464e-99    1.000000e-99    1.658049e-99   6.854159e-100 
Dy-156             2.272274e-12    1.003681e-12    1.612732e-12    6.595420e-13 
Dy-157             2.343464e-99    1.000000e-99    1.658049e-99   6.854159e-100 
Dy-158             3.946832e-12    1.742654e-12    2.801119e-12    1.145714e-12 
Dy-159             2.343464e-99    1.000000e-99    1.658049e-99   6.854159e-100 
Dy-160             1.126654e-10    4.301488e-11    7.881731e-11    3.384813e-11 
Dy-161             8.007442e-10    3.497843e-10    5.676481e-10    2.330961e-10 
Dy-162             1.110726e-09    4.747974e-10    7.856436e-10    3.250822e-10 
Dy-163             1.062773e-09    4.663048e-10    7.537694e-10    3.090037e-10 
Dy-164             1.258472e-09    5.311557e-10    8.891181e-10    3.693536e-10 
Dy-165             2.343464e-99    1.000000e-99    1.658049e-99   6.854159e-100 
Dy-166             2.343464e-99    1.000000e-99    1.658049e-99   6.854159e-100 
Dy-167             2.343464e-99    1.000000e-99    1.658049e-99   6.854159e-100 
Dy-168             2.343464e-99    1.000000e-99    1.658049e-99   6.854159e-100 
Ho-153             2.343464e-99    1.000000e-99    1.658049e-99   6.854159e-100 
Ho-154             2.343464e-99    1.000000e-99    1.658049e-99   6.854159e-100 
Ho-155             2.343464e-99    1.000000e-99    1.658049e-99   6.854159e-100 
Ho-156             2.343464e-99    1.000000e-99    1.658049e-99   6.854159e-100 
Ho-157             2.343464e-99    1.000000e-99    1.658049e-99   6.854159e-100 
Ho-158             2.343464e-99    1.000000e-99    1.658049e-99   6.854159e-100 
Ho-159             2.343464e-99    1.000000e-99    1.658049e-99   6.854159e-100 
Ho-160             2.343464e-99    1.000000e-99    1.658049e-99   6.854159e-100 
Ho-161             2.343464e-99    1.000000e-99    1.658049e-99   6.854159e-100 
Ho-162             2.343464e-99    1.000000e-99    1.658049e-99   6.854159e-100 
Ho-163             4.299076e-12    1.000000e-99    2.726313e-12    1.572764e-12 
Ho-164             2.343464e-99    1.000000e-99    1.658049e-99   6.854159e-100 
Ho-165             9.762612e-10    4.243917e-10    6.917667e-10    2.844945e-10 
Ho-166             2.343464e-99    1.000000e-99    1.658049e-99   6.854159e-100 
Ho-167             2.343464e-99    1.000000e-99    1.658049e-99   6.854159e-100 
Ho-168             2.343464e-99    1.000000e-99    1.658049e-99   6.854159e-100 
Ho-169             2.343464e-99    1.000000e-99    1.658049e-99   6.854159e-100 
Er-154             2.343464e-99    1.000000e-99    1.658049e-99   6.854159e-100 
Er-155             2.343464e-99    1.000000e-99    1.658049e-99   6.854159e-100 
Er-156             2.343464e-99    1.000000e-99    1.658049e-99   6.854159e-100 
Er-157             2.343464e-99    1.000000e-99    1.658049e-99   6.854159e-100 
Er-158             2.343464e-99    1.000000e-99    1.658049e-99   6.854159e-100 
Er-159             2.343464e-99    1.000000e-99    1.658049e-99   6.854159e-100 
Er-160             2.343464e-99    1.000000e-99    1.658049e-99   6.854159e-100 
Er-161             2.343464e-99    1.000000e-99    1.658049e-99   6.854159e-100 
Er-162             3.642366e-12    1.608861e-12    2.585146e-12    1.057220e-12 
Er-163             2.343464e-99    1.000000e-99    1.658049e-99   6.854159e-100 
Er-164             5.048420e-11    1.912858e-11    3.529392e-11    1.519029e-11 
Er-165             2.343464e-99    1.000000e-99    1.658049e-99   6.854159e-100 
Er-166             9.399901e-10    4.044450e-10    6.654152e-10    2.745749e-10 
Er-167             6.400191e-10    2.775897e-10    4.534199e-10    1.865992e-10 
Er-168             7.872084e-10    3.262608e-10    5.552840e-10    2.319245e-10 
Er-169             2.343464e-99    1.000000e-99    1.658049e-99   6.854159e-100 
Er-170             4.449316e-10    1.839889e-10    3.136021e-10    1.313295e-10 
Er-171             2.343464e-99    1.000000e-99    1.658049e-99   6.854159e-100 
Er-172             2.343464e-99    1.000000e-99    1.658049e-99   6.854159e-100 
Er-173             2.343464e-99    1.000000e-99    1.658049e-99   6.854159e-100 
Er-174             2.343464e-99    1.000000e-99    1.658049e-99   6.854159e-100 
Er-175             2.343464e-99    1.000000e-99    1.658049e-99   6.854159e-100 
Tm-159             2.343464e-99    1.000000e-99    1.658049e-99   6.854159e-100 
Tm-160             2.343464e-99    1.000000e-99    1.658049e-99   6.854159e-100 
Tm-161             2.343464e-99    1.000000e-99    1.658049e-99   6.854159e-100 
Tm-162             2.343464e-99    1.000000e-99    1.658049e-99   6.854159e-100 
Tm-163             2.343464e-99    1.000000e-99    1.658049e-99   6.854159e-100 
Tm-164             2.343464e-99    1.000000e-99    1.658049e-99   6.854159e-100 
Tm-165             2.343464e-99    1.000000e-99    1.658049e-99   6.854159e-100 
Tm-166             2.343464e-99    1.000000e-99    1.658049e-99   6.854159e-100 
Tm-167             2.343464e-99    1.000000e-99    1.658049e-99   6.854159e-100 
Tm-168             2.343464e-99    1.000000e-99    1.658049e-99   6.854159e-100 
Tm-169             4.300189e-10    1.854256e-10    3.044731e-10    1.255458e-10 
Tm-170             2.372077e-99    1.000000e-99    1.665796e-99   7.062820e-100 
Tm-171             2.147143e-27    1.000000e-99    8.704382e-28    1.276704e-27 
Tm-172             2.343464e-99    1.000000e-99    1.658049e-99   6.854159e-100 
Tm-173             2.343464e-99    1.000000e-99    1.658049e-99   6.854159e-100 
Tm-174             2.343464e-99    1.000000e-99    1.658049e-99   6.854159e-100 
Tm-175             2.343464e-99    1.000000e-99    1.658049e-99   6.854159e-100 
Tm-176             2.343464e-99    1.000000e-99    1.658049e-99   6.854159e-100 
Yb-160             2.343464e-99    1.000000e-99    1.658049e-99   6.854159e-100 
Yb-161             2.343464e-99    1.000000e-99    1.658049e-99   6.854159e-100 
Yb-162             2.343464e-99    1.000000e-99    1.658049e-99   6.854159e-100 
Yb-163             2.343464e-99    1.000000e-99    1.658049e-99   6.854159e-100 
Yb-164             2.343464e-99    1.000000e-99    1.658049e-99   6.854159e-100 
Yb-165             2.343464e-99    1.000000e-99    1.658049e-99   6.854159e-100 
Yb-166             2.343464e-99    1.000000e-99    1.658049e-99   6.854159e-100 
Yb-167             2.343464e-99    1.000000e-99    1.658049e-99   6.854159e-100 
Yb-168             3.584275e-12    1.583199e-12    2.543916e-12    1.040359e-12 
Yb-169             2.343464e-99    1.000000e-99    1.658049e-99   6.854159e-100 
Yb-170             9.850067e-11    3.746325e-11    6.895852e-11    2.954215e-11 
Yb-171             4.231921e-10    1.770138e-10    2.987435e-10    1.244487e-10 
Yb-172             6.680980e-10    2.721856e-10    4.705331e-10    1.975649e-10 
Yb-173             4.836526e-10    2.022849e-10    3.414584e-10    1.421942e-10 
Yb-174             1.024452e-09    4.014845e-10    7.189759e-10    3.054756e-10 
Yb-175             2.343464e-99    1.000000e-99    1.658049e-99   6.854159e-100 
Yb-176             4.126768e-10    1.627969e-10    2.896704e-10    1.230065e-10 
Yb-177             2.343464e-99    1.000000e-99    1.658049e-99   6.854159e-100 
Yb-178             2.343464e-99    1.000000e-99    1.658049e-99   6.854159e-100 
Yb-179             2.343464e-99    1.000000e-99    1.658049e-99   6.854159e-100 
Yb-180             2.343464e-99    1.000000e-99    1.658049e-99   6.854159e-100 
Lu-165             2.343464e-99    1.000000e-99    1.658049e-99   6.854159e-100 
Lu-166             2.343464e-99    1.000000e-99    1.658049e-99   6.854159e-100 
Lu-167             2.343464e-99    1.000000e-99    1.658049e-99   6.854159e-100 
Lu-168             2.343464e-99    1.000000e-99    1.658049e-99   6.854159e-100 
Lu-169             2.343464e-99    1.000000e-99    1.658049e-99   6.854159e-100 
Lu-170             2.343464e-99    1.000000e-99    1.658049e-99   6.854159e-100 
Lu-171             2.343464e-99    1.000000e-99    1.658049e-99   6.854159e-100 
Lu-172             2.343464e-99    1.000000e-99    1.658049e-99   6.854159e-100 
Lu-173             2.343464e-99    1.000000e-99    1.658049e-99   6.854159e-100 
Lu-174             2.343464e-99    1.000000e-99    1.658049e-99   6.854159e-100 
Lu-175             4.301890e-10    1.827895e-10    3.041681e-10    1.260208e-10 
Lu-176             1.860931e-11    4.876274e-12    1.266908e-11    5.940228e-12 
Lu-177             2.343464e-99    1.000000e-99    1.658049e-99   6.854159e-100 
Lu-178             2.343464e-99    1.000000e-99    1.658049e-99   6.854159e-100 
Lu-179             2.343464e-99    1.000000e-99    1.658049e-99   6.854159e-100 
Lu-180             2.343464e-99    1.000000e-99    1.658049e-99   6.854159e-100 
Lu-181             2.343464e-99    1.000000e-99    1.658049e-99   6.854159e-100 
Lu-182             2.343464e-99    1.000000e-99    1.658049e-99   6.854159e-100 
Hf-166             2.343464e-99    1.000000e-99    1.658049e-99   6.854159e-100 
Hf-167             2.343464e-99    1.000000e-99    1.658049e-99   6.854159e-100 
Hf-168             2.343464e-99    1.000000e-99    1.658049e-99   6.854159e-100 
Hf-169             2.343464e-99    1.000000e-99    1.658049e-99   6.854159e-100 
Hf-170             2.343464e-99    1.000000e-99    1.658049e-99   6.854159e-100 
Hf-171             2.343464e-99    1.000000e-99    1.658049e-99   6.854159e-100 
Hf-172             2.343464e-99    1.000000e-99    1.658049e-99   6.854159e-100 
Hf-173             2.343464e-99    1.000000e-99    1.658049e-99   6.854159e-100 
Hf-174             2.787496e-12    1.231253e-12    1.978407e-12    8.090885e-13 
Hf-175             2.343464e-99    1.000000e-99    1.658049e-99   6.854159e-100 
Hf-176             9.601554e-11    4.036188e-11    6.782655e-11    2.818899e-11 
Hf-177             3.401709e-10    1.437825e-10    2.403899e-10    9.978102e-11 
Hf-178             5.419307e-10    2.121343e-10    3.802564e-10    1.616742e-10 
Hf-179             2.626141e-10    1.065106e-10    1.848649e-10    7.774922e-11 
Hf-180             7.371782e-10    2.758446e-10    5.152466e-10    2.219316e-10 
Hf-181             2.343464e-99    1.000000e-99    1.658049e-99   6.854159e-100 
Hf-182             6.799649e-12    1.000000e-99    4.258604e-12    2.541045e-12 
Hf-183             2.343464e-99    1.000000e-99    1.658049e-99   6.854159e-100 
Hf-184             2.343464e-99    1.000000e-99    1.658049e-99   6.854159e-100 
Hf-185             2.343464e-99    1.000000e-99    1.658049e-99   6.854159e-100 
Ta-169             2.343464e-99    1.000000e-99    1.658049e-99   6.854159e-100 
Ta-170             2.343464e-99    1.000000e-99    1.658049e-99   6.854159e-100 
Ta-171             2.343464e-99    1.000000e-99    1.658049e-99   6.854159e-100 
Ta-172             2.343464e-99    1.000000e-99    1.658049e-99   6.854159e-100 
Ta-173             2.343464e-99    1.000000e-99    1.658049e-99   6.854159e-100 
Ta-174             2.343464e-99    1.000000e-99    1.658049e-99   6.854159e-100 
Ta-175             2.343464e-99    1.000000e-99    1.658049e-99   6.854159e-100 
Ta-176             2.343464e-99    1.000000e-99    1.658049e-99   6.854159e-100 
Ta-177             2.343464e-99    1.000000e-99    1.658049e-99   6.854159e-100 
Ta-178             2.343464e-99    1.000000e-99    1.658049e-99   6.854159e-100 
Ta-179             4.747881e-28    1.000000e-99    1.759629e-28    2.988253e-28 
Ta-180             5.503315e-14    2.429185e-14    3.905664e-14    1.597651e-14 
Ta-181             4.731072e-10    1.985674e-10    3.341114e-10    1.389957e-10 
Ta-182             2.632434e-19    1.000000e-99    1.647296e-19    9.851379e-20 
Ta-183             2.343464e-99    1.000000e-99    1.658049e-99   6.854159e-100 
Ta-184             2.343464e-99    1.000000e-99    1.658049e-99   6.854159e-100 
Ta-185             2.343464e-99    1.000000e-99    1.658049e-99   6.854159e-100 
Ta-186             2.343464e-99    1.000000e-99    1.658049e-99   6.854159e-100 
W-172              2.343464e-99    1.000000e-99    1.658049e-99   6.854159e-100 
W-173              2.343464e-99    1.000000e-99    1.658049e-99   6.854159e-100 
W-174              2.343464e-99    1.000000e-99    1.658049e-99   6.854159e-100 
W-175              2.343464e-99    1.000000e-99    1.658049e-99   6.854159e-100 
W-176              2.343464e-99    1.000000e-99    1.658049e-99   6.854159e-100 
W-177              2.343464e-99    1.000000e-99    1.658049e-99   6.854159e-100 
W-178              2.343464e-99    1.000000e-99    1.658049e-99   6.854159e-100 
W-179              2.343464e-99    1.000000e-99    1.658049e-99   6.854159e-100 
W-180              1.907998e-12    8.394836e-13    1.353645e-12    5.543536e-13 
W-181              2.343464e-99    1.000000e-99    1.658049e-99   6.854159e-100 
W-182              4.659310e-10    1.877481e-10    3.278964e-10    1.380346e-10 
W-183              2.599469e-10    1.019725e-10    1.824552e-10    7.749165e-11 
W-184              5.704591e-10    2.194930e-10    3.997530e-10    1.707062e-10 
W-185              2.344650e-99    1.000000e-99    1.658370e-99   6.862805e-100 
W-186              5.010094e-10    2.058307e-10    3.529786e-10    1.480309e-10 
W-187              2.343464e-99    1.000000e-99    1.658049e-99   6.854159e-100 
W-188              2.343464e-99    1.000000e-99    1.658049e-99   6.854159e-100 
W-189              2.343464e-99    1.000000e-99    1.658049e-99   6.854159e-100 
W-190              2.343464e-99    1.000000e-99    1.658049e-99   6.854159e-100 
Re-175             2.343464e-99    1.000000e-99    1.658049e-99   6.854159e-100 
Re-176             2.343464e-99    1.000000e-99    1.658049e-99   6.854159e-100 
Re-177             2.343464e-99    1.000000e-99    1.658049e-99   6.854159e-100 
Re-178             2.343464e-99    1.000000e-99    1.658049e-99   6.854159e-100 
Re-179             2.343464e-99    1.000000e-99    1.658049e-99   6.854159e-100 
Re-180             2.343464e-99    1.000000e-99    1.658049e-99   6.854159e-100 
Re-181             2.343464e-99    1.000000e-99    1.658049e-99   6.854159e-100 
Re-182             2.343464e-99    1.000000e-99    1.658049e-99   6.854159e-100 
Re-183             2.343464e-99    1.000000e-99    1.658049e-99   6.854159e-100 
Re-184             2.343464e-99    1.000000e-99    1.658049e-99   6.854159e-100 
Re-185             2.539461e-10    1.047859e-10    1.790532e-10    7.489299e-11 
Re-186             2.343464e-99    1.000000e-99    1.658049e-99   6.854159e-100 
Re-187             4.092557e-10    1.773016e-10    2.897853e-10    1.194703e-10 
Re-188             2.343464e-99    1.000000e-99    1.658049e-99   6.854159e-100 
Re-189             2.343464e-99    1.000000e-99    1.658049e-99   6.854159e-100 
Re-190             2.343464e-99    1.000000e-99    1.658049e-99   6.854159e-100 
Re-191             2.343464e-99    1.000000e-99    1.658049e-99   6.854159e-100 
Os-179             2.343464e-99    1.000000e-99    1.658049e-99   6.854159e-100 
Os-180             2.343464e-99    1.000000e-99    1.658049e-99   6.854159e-100 
Os-181             2.343464e-99    1.000000e-99    1.658049e-99   6.854159e-100 
Os-182             2.343464e-99    1.000000e-99    1.658049e-99   6.854159e-100 
Os-183             2.343464e-99    1.000000e-99    1.658049e-99   6.854159e-100 
Os-184             1.609322e-12    7.108303e-13    1.142205e-12    4.671166e-13 
Os-185             2.343464e-99    1.000000e-99    1.658049e-99   6.854159e-100 
Os-186             1.552421e-10    5.778212e-11    1.085239e-10    4.671825e-11 
Os-187             1.437559e-10    5.998274e-11    1.015849e-10    4.217094e-11 
Os-188             1.160346e-09    4.873616e-10    8.195243e-10    3.408217e-10 
Os-189             1.364630e-09    5.973629e-10    9.676685e-10    3.969613e-10 
Os-190             2.272833e-09    9.765959e-10    1.608790e-09    6.640431e-10 
Os-191             2.343464e-99    1.000000e-99    1.658049e-99   6.854159e-100 
Os-192             3.510827e-09    1.532704e-09    2.488860e-09    1.021966e-09 
Os-193             2.343464e-99    1.000000e-99    1.658049e-99   6.854159e-100 
Os-194             7.846940e-18    1.000000e-99    4.234412e-18    3.612528e-18 
Os-195             2.343464e-99    1.000000e-99    1.658049e-99   6.854159e-100 
Os-196             2.343464e-99    1.000000e-99    1.658049e-99   6.854159e-100 
Ir-181             2.343464e-99    1.000000e-99    1.658049e-99   6.854159e-100 
Ir-182             2.343464e-99    1.000000e-99    1.658049e-99   6.854159e-100 
Ir-183             2.343464e-99    1.000000e-99    1.658049e-99   6.854159e-100 
Ir-184             2.343464e-99    1.000000e-99    1.658049e-99   6.854159e-100 
Ir-185             2.343464e-99    1.000000e-99    1.658049e-99   6.854159e-100 
Ir-186             2.343464e-99    1.000000e-99    1.658049e-99   6.854159e-100 
Ir-187             2.343464e-99    1.000000e-99    1.658049e-99   6.854159e-100 
Ir-188             2.343464e-99    1.000000e-99    1.658049e-99   6.854159e-100 
Ir-189             2.343464e-99    1.000000e-99    1.658049e-99   6.854159e-100 
Ir-190             2.343464e-99    1.000000e-99    1.658049e-99   6.854159e-100 
Ir-191             3.084125e-09    1.357372e-09    2.188160e-09    8.959652e-10 
Ir-192             2.344722e-99    1.000000e-99    1.658389e-99   6.863332e-100 
Ir-193             5.242889e-09    2.308350e-09    3.719932e-09    1.522956e-09 
Ir-194             2.853481e-21    1.000000e-99    1.539550e-21    1.313932e-21 
Ir-195             2.343464e-99    1.000000e-99    1.658049e-99   6.854159e-100 
Ir-196             2.343464e-99    1.000000e-99    1.658049e-99   6.854159e-100 
Ir-197             2.343464e-99    1.000000e-99    1.658049e-99   6.854159e-100 
Pt-184             2.343464e-99    1.000000e-99    1.658049e-99   6.854159e-100 
Pt-185             2.343464e-99    1.000000e-99    1.658049e-99   6.854159e-100 
Pt-186             2.343464e-99    1.000000e-99    1.658049e-99   6.854159e-100 
Pt-187             2.343464e-99    1.000000e-99    1.658049e-99   6.854159e-100 
Pt-188             2.343464e-99    1.000000e-99    1.658049e-99   6.854159e-100 
Pt-189             2.343464e-99    1.000000e-99    1.658049e-99   6.854159e-100 
Pt-190             2.283210e-12    1.008463e-12    1.620492e-12    6.627181e-13 
Pt-191             2.343464e-99    1.000000e-99    1.658049e-99   6.854159e-100 
Pt-192             1.463172e-10    5.850019e-11    1.029084e-10    4.340874e-11 
Pt-193             2.546515e-13    1.000000e-99    1.580234e-13    9.662807e-14 
Pt-194             5.695939e-09    2.489798e-09    4.038611e-09    1.657328e-09 
Pt-195             5.838651e-09    2.568263e-09    4.142335e-09    1.696316e-09 
Pt-196             4.490203e-09    1.926003e-09    3.178915e-09    1.311288e-09 
Pt-197             2.343464e-99    1.000000e-99    1.658049e-99   6.854159e-100 
Pt-198             1.269254e-09    5.521699e-10    8.994262e-10    3.698277e-10 
Pt-199             2.343464e-99    1.000000e-99    1.658049e-99   6.854159e-100 
Pt-200             2.343464e-99    1.000000e-99    1.658049e-99   6.854159e-100 
Pt-201             2.343464e-99    1.000000e-99    1.658049e-99   6.854159e-100 
Pt-202             2.343464e-99    1.000000e-99    1.658049e-99   6.854159e-100 
Au-185             2.343464e-99    1.000000e-99    1.658049e-99   6.854159e-100 
Au-186             2.343464e-99    1.000000e-99    1.658049e-99   6.854159e-100 
Au-187             2.343464e-99    1.000000e-99    1.658049e-99   6.854159e-100 
Au-188             2.343464e-99    1.000000e-99    1.658049e-99   6.854159e-100 
Au-189             2.343464e-99    1.000000e-99    1.658049e-99   6.854159e-100 
Au-190             2.343464e-99    1.000000e-99    1.658049e-99   6.854159e-100 
Au-191             2.343464e-99    1.000000e-99    1.658049e-99   6.854159e-100 
Au-192             2.343464e-99    1.000000e-99    1.658049e-99   6.854159e-100 
Au-193             2.343464e-99    1.000000e-99    1.658049e-99   6.854159e-100 
Au-194             2.343464e-99    1.000000e-99    1.658049e-99   6.854159e-100 
Au-195             2.343464e-99    1.000000e-99    1.658049e-99   6.854159e-100 
Au-196             2.343464e-99    1.000000e-99    1.658049e-99   6.854159e-100 
Au-197             2.494747e-09    1.083301e-09    1.768069e-09    7.266778e-10 
Au-198             2.343464e-99    1.000000e-99    1.658049e-99   6.854159e-100 
Au-199             2.343464e-99    1.000000e-99    1.658049e-99   6.854159e-100 
Au-200             2.343464e-99    1.000000e-99    1.658049e-99   6.854159e-100 
Au-201             2.343464e-99    1.000000e-99    1.658049e-99   6.854159e-100 
Au-202             2.343464e-99    1.000000e-99    1.658049e-99   6.854159e-100 
Au-203             2.343464e-99    1.000000e-99    1.658049e-99   6.854159e-100 
Hg-189             2.343464e-99    1.000000e-99    1.658049e-99   6.854159e-100 
Hg-190             2.343464e-99    1.000000e-99    1.658049e-99   6.854159e-100 
Hg-191             2.343464e-99    1.000000e-99    1.658049e-99   6.854159e-100 
Hg-192             2.343464e-99    1.000000e-99    1.658049e-99   6.854159e-100 
Hg-193             2.343464e-99    1.000000e-99    1.658049e-99   6.854159e-100 
Hg-194             2.343464e-99    1.000000e-99    1.658049e-99   6.854159e-100 
Hg-195             2.343464e-99    1.000000e-99    1.658049e-99   6.854159e-100 
Hg-196             6.816844e-12    3.009384e-12    4.838093e-12    1.978750e-12 
Hg-197             2.343464e-99    1.000000e-99    1.658049e-99   6.854159e-100 
Hg-198             5.853272e-10    1.974950e-10    4.072146e-10    1.781126e-10 
Hg-199             8.317402e-10    3.359915e-10    5.859602e-10    2.457799e-10 
Hg-200             1.284666e-09    4.622210e-10    8.965375e-10    3.881287e-10 
Hg-201             7.038962e-10    2.651107e-10    4.928190e-10    2.110772e-10 
Hg-202             1.721702e-09    6.036257e-10    1.198060e-09    5.236420e-10 
Hg-203             2.343464e-99    1.000000e-99    1.658049e-99   6.854159e-100 
Hg-204             3.302317e-10    1.401373e-10    2.333665e-10    9.686513e-11 
Hg-205             2.343464e-99    1.000000e-99    1.658049e-99   6.854159e-100 
Hg-206             2.343464e-99    1.000000e-99    1.658049e-99   6.854159e-100 
Hg-207             2.343464e-99    1.000000e-99    1.658049e-99   6.854159e-100 
Hg-208             2.343464e-99    1.000000e-99    1.658049e-99   6.854159e-100 
Tl-192             2.343464e-99    1.000000e-99    1.658049e-99   6.854159e-100 
Tl-193             2.343464e-99    1.000000e-99    1.658049e-99   6.854159e-100 
Tl-194             2.343464e-99    1.000000e-99    1.658049e-99   6.854159e-100 
Tl-195             2.343464e-99    1.000000e-99    1.658049e-99   6.854159e-100 
Tl-196             2.343464e-99    1.000000e-99    1.658049e-99   6.854159e-100 
Tl-197             2.343464e-99    1.000000e-99    1.658049e-99   6.854159e-100 
Tl-198             2.343464e-99    1.000000e-99    1.658049e-99   6.854159e-100 
Tl-199             2.343464e-99    1.000000e-99    1.658049e-99   6.854159e-100 
Tl-200             2.343464e-99    1.000000e-99    1.658049e-99   6.854159e-100 
Tl-201             2.343464e-99    1.000000e-99    1.658049e-99   6.854159e-100 
Tl-202             2.343464e-99    1.000000e-99    1.658049e-99   6.854159e-100 
Tl-203             8.854423e-10    3.220729e-10    6.177263e-10    2.677160e-10 
Tl-204             3.051289e-20    1.000000e-99    1.529719e-20    1.521570e-20 
Tl-205             1.957588e-09    7.763865e-10    1.375521e-09    5.820671e-10 
Tl-206             2.343464e-99    1.000000e-99    1.658049e-99   6.854159e-100 
Tl-207             2.343464e-99    1.000000e-99    1.658049e-99   6.854159e-100 
Tl-208             2.343464e-99    1.000000e-99    1.658049e-99   6.854159e-100 
Tl-209             2.343464e-99    1.000000e-99    1.658049e-99   6.854159e-100 
Tl-210             2.343464e-99    1.000000e-99    1.658049e-99   6.854159e-100 
Pb-193             2.343464e-99    1.000000e-99    1.658049e-99   6.854159e-100 
Pb-194             2.343464e-99    1.000000e-99    1.658049e-99   6.854159e-100 
Pb-195             2.343464e-99    1.000000e-99    1.658049e-99   6.854159e-100 
Pb-196             2.343464e-99    1.000000e-99    1.658049e-99   6.854159e-100 
Pb-197             2.343464e-99    1.000000e-99    1.658049e-99   6.854159e-100 
Pb-198             2.343464e-99    1.000000e-99    1.658049e-99   6.854159e-100 
Pb-199             2.343464e-99    1.000000e-99    1.658049e-99   6.854159e-100 
Pb-200             2.343464e-99    1.000000e-99    1.658049e-99   6.854159e-100 
Pb-201             2.343464e-99    1.000000e-99    1.658049e-99   6.854159e-100 
Pb-202             2.343464e-99    1.000000e-99    1.658049e-99   6.854159e-100 
Pb-203             2.343464e-99    1.000000e-99    1.658049e-99   6.854159e-100 
Pb-204             8.438395e-10    2.931006e-10    5.867177e-10    2.571217e-10 
Pb-205             3.083181e-12    1.000000e-99    1.969499e-12    1.113682e-12 
Pb-208             2.112572e-08    8.849766e-09    1.491224e-08    6.213475e-09 
Pb-209             2.343464e-99    1.000000e-99    1.658049e-99   6.854159e-100 
Pb-210             1.020904e-18    1.000000e-99    5.931150e-19    4.277886e-19 
Pb-211             2.343464e-99    1.000000e-99    1.658049e-99   6.854159e-100 
Bi-202             2.343464e-99    1.000000e-99    1.658049e-99   6.854159e-100 
Bi-203             2.343464e-99    1.000000e-99    1.658049e-99   6.854159e-100 
Bi-204             2.343464e-99    1.000000e-99    1.658049e-99   6.854159e-100 
Bi-205             2.343464e-99    1.000000e-99    1.658049e-99   6.854159e-100 
Bi-206             2.343464e-99    1.000000e-99    1.658049e-99   6.854159e-100 
Bi-207             2.343464e-99    1.000000e-99    1.658049e-99   6.854159e-100 
Bi-208             2.343464e-99    1.000000e-99    1.658049e-99   6.854159e-100 
Bi-209             2.047403e-09    8.718247e-10    1.448013e-09    5.993892e-10 
Bi-210             7.133208e-12    1.000000e-99    4.526484e-12    2.606724e-12 
Al-26m1            5.848084e-31    1.000000e-99    1.584878e-31    4.263206e-31 
Kr-85m1            2.343465e-99    1.000000e-99    1.658049e-99   6.854159e-100 
Cd-115m1           2.343464e-99    1.000000e-99    1.658049e-99   6.854159e-100 
Lu-176m1           2.343464e-99    1.000000e-99    1.658049e-99   6.854159e-100 
Ta-180m1           2.343464e-99    1.000000e-99    1.658049e-99   6.854159e-100 
