# Battino yields
# Model: m3z1m2
# Mini: 3.00
# Z: 1.00e-02
# Mfinal: 0.6567303878869799
# Mfinal (MESA): 1.6282614693393813
# Created by Daniel Boyea on 2024-12-06
isotope         wind_yield      initial_abundance wind_yield_mesaevo wind_yield_postmesa 
Neutron-1          2.343273e-99    1.000000e-99    1.371742e-99   9.715313e-100 
H-1                1.595259e+00    7.290144e-01    9.420297e-01    6.532296e-01 
H-2                3.806949e-06    1.414315e-05    2.905190e-06    9.017587e-07 
He-3               3.245282e-04    4.331343e-05    1.904291e-04    1.340991e-04 
He-4               6.791208e-01    2.609281e-01    3.957669e-01    2.833539e-01 
Be-7               1.025852e-10    1.000000e-99    4.902777e-11    5.355741e-11 
B-8                8.853348e-26    1.000000e-99    3.449379e-26    5.403969e-26 
Li-7               1.619010e-11    3.802547e-11    9.944786e-12    6.245318e-12 
C-11               1.608326e-26    1.000000e-99    4.515729e-27    1.156753e-26 
B-11               3.346060e-09    1.427945e-09    1.958768e-09    1.387292e-09 
C-12               3.162074e-02    1.712364e-03    1.483680e-02    1.678393e-02 
C-13               1.127833e-04    2.078058e-05    6.642669e-05    4.635661e-05 
N-13               5.085000e-18    1.000000e-99    2.306844e-18    2.778156e-18 
N-14               3.822297e-03    5.294040e-04    2.248558e-03    1.573739e-03 
C-14               8.232154e-08    1.000000e-99    3.062681e-08    5.169473e-08 
N-15               2.099563e-06    2.085360e-06    1.243607e-06    8.559554e-07 
O-16               2.409937e-02    4.812176e-03    1.177062e-02    1.232874e-02 
O-17               2.440373e-05    1.906535e-06    1.427125e-05    1.013249e-05 
O-18               1.684849e-05    1.085531e-05    9.958541e-06    6.889948e-06 
F-17               1.610348e-23    1.000000e-99    7.409908e-24    8.693567e-24 
F-18               2.764775e-25    1.000000e-99    1.148470e-25    1.616305e-25 
F-19               3.502397e-06    2.805476e-07    1.488437e-06    2.013961e-06 
Ne-20              2.183184e-03    9.088664e-04    1.265039e-03    9.181449e-04 
Ne-21              7.453295e-06    2.287638e-06    4.020017e-06    3.433279e-06 
Ne-22              1.814676e-03    7.351177e-05    7.576834e-04    1.056993e-03 
Na-22              1.392088e-15    1.000000e-99    6.323637e-16    7.597244e-16 
Na-23              7.900070e-05    1.999773e-05    4.421987e-05    3.478083e-05 
Mg-23              2.343273e-99    1.000000e-99    1.371742e-99   9.715313e-100 
Mg-24              6.995983e-04    2.931212e-04    4.072062e-04    2.923920e-04 
Mg-25              1.808268e-04    3.866546e-05    8.656132e-05    9.426552e-05 
Mg-26              3.011671e-04    4.424012e-05    1.328788e-04    1.682883e-04 
Al-26              7.793710e-08    1.000000e-99    4.044157e-08    3.749553e-08 
Al-27              7.974017e-05    3.240535e-05    4.598849e-05    3.375168e-05 
Si-27              2.343273e-99    1.000000e-99    1.371742e-99   9.715313e-100 
Si-28              8.725075e-04    3.726333e-04    5.108601e-04    3.616474e-04 
Si-29              4.704037e-05    1.959701e-05    2.734007e-05    1.970031e-05 
Si-30              3.544750e-05    1.336390e-05    2.000440e-05    1.544310e-05 
P-31               9.135024e-06    3.553159e-06    5.185645e-06    3.949379e-06 
S-31               2.343273e-99    1.000000e-99    1.371742e-99   9.715313e-100 
Be-8               2.343273e-99    1.000000e-99    1.371742e-99   9.715313e-100 
O-14               1.519278e-34    1.000000e-99    7.686685e-35    7.506096e-35 
O-15               4.313928e-23    1.000000e-99    1.716899e-23    2.597029e-23 
Na-21              2.480078e-29    1.000000e-99    1.171593e-29    1.308485e-29 
Al-25              2.618428e-64    1.000000e-99    1.324776e-64    1.293652e-64 
P-29               2.343273e-99    1.000000e-99    1.371742e-99   9.715313e-100 
P-30               2.343273e-99    1.000000e-99    1.371742e-99   9.715313e-100 
Pb-206             4.867049e-08    1.398866e-09    2.262686e-08    2.604363e-08 
Pb-207             5.632901e-08    1.544826e-09    2.627076e-08    3.005825e-08 
Bi-211             2.343273e-99    1.000000e-99    1.371742e-99   9.715313e-100 
Po-210             2.343273e-99    1.000000e-99    1.371742e-99   9.715313e-100 
F-20               2.343273e-99    1.000000e-99    1.371742e-99   9.715313e-100 
Ne-19              2.343273e-99    1.000000e-99    1.371742e-99   9.715313e-100 
Na-24              3.658085e-41    1.000000e-99    1.850784e-41    1.807302e-41 
Mg-27              2.343273e-99    1.000000e-99    1.371742e-99   9.715313e-100 
Mg-28              2.343273e-99    1.000000e-99    1.371742e-99   9.715313e-100 
Al-28              2.343273e-99    1.000000e-99    1.371742e-99   9.715313e-100 
Al-29              2.343273e-99    1.000000e-99    1.371742e-99   9.715313e-100 
Si-31              3.317318e-49    1.000000e-99    1.678375e-49    1.638943e-49 
Si-32              9.737675e-11    1.000000e-99    3.148031e-11    6.589644e-11 
P-32               2.210927e-14    1.000000e-99    7.147567e-15    1.496171e-14 
P-33               2.350554e-99    1.000000e-99    1.375426e-99   9.751288e-100 
P-34               2.343273e-99    1.000000e-99    1.371742e-99   9.715313e-100 
P-35               2.343273e-99    1.000000e-99    1.371742e-99   9.715313e-100 
S-32               4.662184e-04    2.005436e-04    2.735762e-04    1.926422e-04 
S-33               4.007259e-06    1.632406e-06    2.321138e-06    1.686121e-06 
S-34               2.314252e-05    9.452124e-06    1.338263e-05    9.759888e-06 
S-35               9.463865e-42    1.000000e-99    4.788179e-42    4.675686e-42 
S-36               2.201713e-07    4.036494e-08    1.071778e-07    1.129935e-07 
S-37               2.343273e-99    1.000000e-99    1.371742e-99   9.715313e-100 
S-38               2.343273e-99    1.000000e-99    1.371742e-99   9.715313e-100 
Cl-34              2.343273e-99    1.000000e-99    1.371742e-99   9.715313e-100 
Cl-35              7.871088e-06    3.410546e-06    4.627371e-06    3.243716e-06 
Cl-36              1.376046e-08    1.000000e-99    6.222385e-09    7.538078e-09 
Cl-37              3.333962e-06    1.152896e-06    1.845792e-06    1.488170e-06 
Cl-38              2.343273e-99    1.000000e-99    1.371742e-99   9.715313e-100 
Cl-39              2.343273e-99    1.000000e-99    1.371742e-99   9.715313e-100 
Cl-40              2.343273e-99    1.000000e-99    1.371742e-99   9.715313e-100 
Ar-35              2.343273e-99    1.000000e-99    1.371742e-99   9.715313e-100 
Ar-36              9.455940e-05    4.101078e-05    5.561089e-05    3.894851e-05 
Ar-37              3.102330e-10    1.000000e-99    1.248930e-10    1.853400e-10 
Ar-38              1.909864e-05    7.870737e-06    1.107034e-05    8.028296e-06 
Ar-39              5.298343e-08    1.000000e-99    2.075596e-08    3.222747e-08 
Ar-40              7.986819e-08    1.325098e-08    3.716992e-08    4.269827e-08 
Ar-41              2.343273e-99    1.000000e-99    1.371742e-99   9.715313e-100 
Ar-42              5.602884e-14    1.000000e-99    1.574888e-14    4.027997e-14 
Ar-43              2.343273e-99    1.000000e-99    1.371742e-99   9.715313e-100 
Ar-44              2.343273e-99    1.000000e-99    1.371742e-99   9.715313e-100 
K-38               2.343273e-99    1.000000e-99    1.371742e-99   9.715313e-100 
K-39               4.612940e-06    1.949863e-06    2.692611e-06    1.920329e-06 
K-40               2.654853e-08    2.502556e-10    1.151325e-08    1.503528e-08 
K-41               3.804494e-07    1.479333e-07    2.169935e-07    1.634559e-07 
K-42               2.451493e-18    1.000000e-99    6.890784e-19    1.762415e-18 
K-43               2.343273e-99    1.000000e-99    1.371742e-99   9.715313e-100 
K-44               2.343273e-99    1.000000e-99    1.371742e-99   9.715313e-100 
K-45               2.343273e-99    1.000000e-99    1.371742e-99   9.715313e-100 
K-46               2.343273e-99    1.000000e-99    1.371742e-99   9.715313e-100 
Ca-39              2.343273e-99    1.000000e-99    1.371742e-99   9.715313e-100 
Ca-40              8.362397e-05    3.612604e-05    4.912823e-05    3.449574e-05 
Ca-41              2.661462e-08    1.000000e-99    1.203725e-08    1.457737e-08 
Ca-42              6.576772e-07    2.531666e-07    3.742363e-07    2.834409e-07 
Ca-43              1.434179e-07    5.408230e-08    8.105050e-08    6.236738e-08 
Ca-44              2.028972e-06    8.551058e-07    1.182315e-06    8.466569e-07 
Ca-45              1.660889e-40    1.000000e-99    8.403154e-41    8.205732e-41 
Ca-46              8.877363e-09    1.714236e-09    4.150798e-09    4.726565e-09 
Ca-47              2.343273e-99    1.000000e-99    1.371742e-99   9.715313e-100 
Ca-48              1.954741e-07    8.362492e-08    1.145156e-07    8.095847e-08 
Ca-49              2.343273e-99    1.000000e-99    1.371742e-99   9.715313e-100 
Sc-43              2.343273e-99    1.000000e-99    1.371742e-99   9.715313e-100 
Sc-44              2.343273e-99    1.000000e-99    1.371742e-99   9.715313e-100 
Sc-45              7.765669e-08    2.706858e-08    4.285794e-08    3.479876e-08 
Sc-46              9.052307e-40    1.000000e-99    4.579954e-40    4.472353e-40 
Sc-47              2.343273e-99    1.000000e-99    1.371742e-99   9.715313e-100 
Sc-48              2.343273e-99    1.000000e-99    1.371742e-99   9.715313e-100 
Sc-49              2.343273e-99    1.000000e-99    1.371742e-99   9.715313e-100 
Sc-50              2.343273e-99    1.000000e-99    1.371742e-99   9.715313e-100 
Ti-44              6.073457e-23    1.000000e-99    2.525023e-23    3.548434e-23 
Ti-45              2.343273e-99    1.000000e-99    1.371742e-99   9.715313e-100 
Ti-46              3.852580e-07    1.615891e-07    2.242923e-07    1.609657e-07 
Ti-47              3.457073e-07    1.488499e-07    2.026962e-07    1.430111e-07 
Ti-48              3.449477e-06    1.506883e-06    2.031659e-06    1.417818e-06 
Ti-49              3.081351e-07    1.128667e-07    1.739938e-07    1.341413e-07 
Ti-50              3.469092e-07    1.104007e-07    1.881901e-07    1.587191e-07 
Ti-51              2.343273e-99    1.000000e-99    1.371742e-99   9.715313e-100 
Ti-52              2.343273e-99    1.000000e-99    1.371742e-99   9.715313e-100 
V-47               2.343273e-99    1.000000e-99    1.371742e-99   9.715313e-100 
V-48               2.343273e-99    1.000000e-99    1.371742e-99   9.715313e-100 
V-49               2.771228e-18    1.000000e-99    1.116515e-18    1.654713e-18 
V-50               1.154205e-09    5.077401e-10    6.810821e-10    4.731227e-10 
V-51               4.804834e-07    2.068889e-07    2.819668e-07    1.985166e-07 
V-52               2.343273e-99    1.000000e-99    1.371742e-99   9.715313e-100 
V-53               2.343273e-99    1.000000e-99    1.371742e-99   9.715313e-100 
Cr-48              2.343273e-99    1.000000e-99    1.371742e-99   9.715313e-100 
Cr-49              2.343273e-99    1.000000e-99    1.371742e-99   9.715313e-100 
Cr-50              9.393711e-07    4.132688e-07    5.543180e-07    3.850531e-07 
Cr-51              1.070634e-11    1.000000e-99    4.308594e-12    6.397749e-12 
Cr-52              1.917936e-05    8.287925e-06    1.126896e-05    7.910407e-06 
Cr-53              2.223795e-06    9.578109e-07    1.305371e-06    9.184235e-07 
Cr-54              7.816882e-07    2.428973e-07    4.239050e-07    3.577832e-07 
Cr-55              2.343273e-99    1.000000e-99    1.371742e-99   9.715313e-100 
Cr-56              2.343273e-99    1.000000e-99    1.371742e-99   9.715313e-100 
Mn-51              2.343273e-99    1.000000e-99    1.371742e-99   9.715313e-100 
Mn-52              2.343273e-99    1.000000e-99    1.371742e-99   9.715313e-100 
Mn-53              4.480710e-18    1.000000e-99    1.779048e-18    2.701662e-18 
Mn-54              2.363787e-18    1.000000e-99    9.200034e-19    1.443784e-18 
Mn-55              1.265273e-05    5.490547e-06    7.447587e-06    5.205141e-06 
Mn-56              6.683929e-64    1.000000e-99    3.381689e-64    3.302240e-64 
Mn-57              2.343273e-99    1.000000e-99    1.371742e-99   9.715313e-100 
Fe-52              2.343273e-99    1.000000e-99    1.371742e-99   9.715313e-100 
Fe-53              2.343273e-99    1.000000e-99    1.371742e-99   9.715313e-100 
Fe-54              9.252466e-05    4.059113e-05    5.456419e-05    3.796047e-05 
Fe-55              2.411865e-07    1.000000e-99    1.095881e-07    1.315984e-07 
Fe-56              1.524167e-03    6.607938e-04    8.963490e-04    6.278175e-04 
Fe-57              4.128173e-05    1.553312e-05    2.350482e-05    1.777690e-05 
Fe-58              1.629371e-05    2.103439e-06    7.776712e-06    8.516994e-06 
Fe-59              1.872553e-36    1.000000e-99    9.474056e-37    9.251475e-37 
Fe-60              4.992191e-07    1.000000e-99    1.891200e-07    3.100990e-07 
Fe-61              2.343273e-99    1.000000e-99    1.371742e-99   9.715313e-100 
Co-55              2.343273e-99    1.000000e-99    1.371742e-99   9.715313e-100 
Co-56              2.343273e-99    1.000000e-99    1.371742e-99   9.715313e-100 
Co-57              1.674790e-17    1.000000e-99    6.490692e-18    1.025720e-17 
Co-58              2.407214e-47    1.000000e-99    1.271317e-48    2.280082e-47 
Co-59              7.558521e-06    1.995744e-06    3.950992e-06    3.607529e-06 
Co-60              3.182306e-13    1.000000e-99    7.901831e-14    2.392123e-13 
Co-61              2.343273e-99    1.000000e-99    1.371742e-99   9.715313e-100 
Co-62              2.343273e-99    1.000000e-99    1.371742e-99   9.715313e-100 
Co-63              2.343273e-99    1.000000e-99    1.371742e-99   9.715313e-100 
Ni-56              2.343273e-99    1.000000e-99    1.371742e-99   9.715313e-100 
Ni-57              2.343273e-99    1.000000e-99    1.371742e-99   9.715313e-100 
Ni-58              6.509618e-05    2.855490e-05    3.838940e-05    2.670678e-05 
Ni-59              1.475352e-07    1.000000e-99    6.898716e-08    7.854806e-08 
Ni-60              2.836956e-05    1.137858e-05    1.632867e-05    1.204089e-05 
Ni-61              2.264222e-06    5.028628e-07    1.142265e-06    1.121957e-06 
Ni-62              6.359202e-06    1.629631e-06    3.246217e-06    3.112985e-06 
Ni-63              2.461819e-07    1.000000e-99    9.217689e-08    1.540050e-07 
Ni-64              2.899848e-06    4.284067e-07    1.275778e-06    1.624070e-06 
Ni-65              3.775040e-79    1.000000e-99    1.909956e-79    1.865084e-79 
Ni-66              2.343273e-99    1.000000e-99    1.371742e-99   9.715313e-100 
Ni-67              2.343273e-99    1.000000e-99    1.371742e-99   9.715313e-100 
Ni-68              2.343273e-99    1.000000e-99    1.371742e-99   9.715313e-100 
Cu-60              2.343273e-99    1.000000e-99    1.371742e-99   9.715313e-100 
Cu-61              2.343273e-99    1.000000e-99    1.371742e-99   9.715313e-100 
Cu-62              2.343273e-99    1.000000e-99    1.371742e-99   9.715313e-100 
Cu-63              1.423508e-06    3.300170e-07    7.126813e-07    7.108271e-07 
Cu-64              3.747166e-40    1.000000e-99    1.895854e-40    1.851313e-40 
Cu-65              8.879124e-07    1.517342e-07    3.999466e-07    4.879658e-07 
Cu-66              2.343273e-99    1.000000e-99    1.371742e-99   9.715315e-100 
Cu-67              2.343273e-99    1.000000e-99    1.371742e-99   9.715313e-100 
Cu-68              2.343273e-99    1.000000e-99    1.371742e-99   9.715313e-100 
Cu-69              2.343273e-99    1.000000e-99    1.371742e-99   9.715313e-100 
Cu-70              2.343273e-99    1.000000e-99    1.371742e-99   9.715313e-100 
Cu-71              2.343273e-99    1.000000e-99    1.371742e-99   9.715313e-100 
Zn-62              2.343273e-99    1.000000e-99    1.371742e-99   9.715313e-100 
Zn-63              2.343273e-99    1.000000e-99    1.371742e-99   9.715313e-100 
Zn-64              1.436554e-06    5.653757e-07    8.206061e-07    6.159479e-07 
Zn-65              2.611679e-09    1.000000e-99    9.994330e-10    1.612246e-09 
Zn-66              1.242299e-06    3.345038e-07    6.195253e-07    6.227733e-07 
Zn-67              2.180699e-07    4.990126e-08    1.035442e-07    1.145257e-07 
Zn-68              1.030744e-06    2.316131e-07    4.776329e-07    5.531111e-07 
Zn-69              4.679381e-85    1.000000e-99    2.367501e-85    2.311880e-85 
Zn-70              1.900340e-08    7.883928e-09    1.090044e-08    8.102962e-09 
Zn-71              2.343273e-99    1.000000e-99    1.371742e-99   9.715313e-100 
Zn-72              2.343273e-99    1.000000e-99    1.371742e-99   9.715313e-100 
Zn-73              2.343273e-99    1.000000e-99    1.371742e-99   9.715313e-100 
Zn-74              2.343273e-99    1.000000e-99    1.371742e-99   9.715313e-100 
Ga-65              2.343273e-99    1.000000e-99    1.371742e-99   9.715313e-100 
Ga-66              2.343273e-99    1.000000e-99    1.371742e-99   9.715313e-100 
Ga-67              2.343273e-99    1.000000e-99    1.371742e-99   9.715313e-100 
Ga-68              2.343273e-99    1.000000e-99    1.371742e-99   9.715313e-100 
Ga-69              1.193390e-07    2.275273e-08    5.268117e-08    6.665785e-08 
Ga-70              2.343307e-99    1.000000e-99    1.371759e-99   9.715483e-100 
Ga-71              7.902978e-08    1.553811e-08    3.492163e-08    4.410815e-08 
Ga-72              2.873399e-46    1.000000e-99    1.453777e-46    1.419622e-46 
Ga-73              2.343273e-99    1.000000e-99    1.371742e-99   9.715313e-100 
Ga-74              2.343273e-99    1.000000e-99    1.371742e-99   9.715313e-100 
Ga-75              2.343273e-99    1.000000e-99    1.371742e-99   9.715313e-100 
Ge-66              2.343273e-99    1.000000e-99    1.371742e-99   9.715313e-100 
Ge-67              2.343273e-99    1.000000e-99    1.371742e-99   9.715313e-100 
Ge-68              2.343273e-99    1.000000e-99    1.371742e-99   9.715313e-100 
Ge-69              2.343273e-99    1.000000e-99    1.371742e-99   9.715313e-100 
Ge-70              1.517077e-07    2.578593e-08    6.472993e-08    8.697773e-08 
Ge-71              1.316983e-39    1.000000e-99    6.663187e-40    6.506643e-40 
Ge-72              1.610970e-07    3.455166e-08    7.275228e-08    8.834469e-08 
Ge-73              4.647933e-08    9.772918e-09    2.082798e-08    2.565135e-08 
Ge-74              2.306135e-07    4.614227e-08    1.009897e-07    1.296238e-07 
Ge-75              2.576239e-99    1.000000e-99    1.489609e-99    1.086630e-99 
Ge-76              2.331621e-08    9.814606e-09    1.346006e-08    9.856159e-09 
Ge-77              2.343273e-99    1.000000e-99    1.371742e-99   9.715313e-100 
Ge-78              2.343273e-99    1.000000e-99    1.371742e-99   9.715313e-100 
As-69              2.343273e-99    1.000000e-99    1.371742e-99   9.715313e-100 
As-70              2.343273e-99    1.000000e-99    1.371742e-99   9.715313e-100 
As-71              2.343273e-99    1.000000e-99    1.371742e-99   9.715313e-100 
As-72              2.343273e-99    1.000000e-99    1.371742e-99   9.715313e-100 
As-73              2.343273e-99    1.000000e-99    1.371742e-99   9.715313e-100 
As-74              4.677952e-24    1.000000e-99    1.267386e-24    3.410566e-24 
As-75              2.875214e-08    7.150134e-09    1.346242e-08    1.528972e-08 
As-76              9.620857e-45    1.000000e-99    4.867608e-45    4.753249e-45 
As-77              2.343273e-99    1.000000e-99    1.371742e-99   9.715313e-100 
As-78              2.343273e-99    1.000000e-99    1.371742e-99   9.715313e-100 
As-79              2.343273e-99    1.000000e-99    1.371742e-99   9.715313e-100 
As-80              2.343273e-99    1.000000e-99    1.371742e-99   9.715313e-100 
As-81              2.343273e-99    1.000000e-99    1.371742e-99   9.715313e-100 
Se-72              2.343273e-99    1.000000e-99    1.371742e-99   9.715313e-100 
Se-73              2.343273e-99    1.000000e-99    1.371742e-99   9.715313e-100 
Se-74              1.357209e-09    5.989442e-10    8.013066e-10    5.559021e-10 
Se-75              2.343273e-99    1.000000e-99    1.371742e-99   9.715313e-100 
Se-76              4.124527e-08    6.480681e-09    1.688167e-08    2.436360e-08 
Se-77              2.233127e-08    5.352451e-09    1.031056e-08    1.202071e-08 
Se-78              9.496499e-08    1.688158e-08    4.012862e-08    5.483637e-08 
Se-79              9.798833e-09    1.000000e-99    3.026089e-09    6.772744e-09 
Se-80              1.334848e-07    3.613149e-08    6.434522e-08    6.913959e-08 
Se-81              2.343273e-99    1.000000e-99    1.371742e-99   9.715313e-100 
Se-82              1.513238e-08    6.518246e-09    8.865588e-09    6.266792e-09 
Se-83              2.343273e-99    1.000000e-99    1.371742e-99   9.715313e-100 
Se-84              2.343273e-99    1.000000e-99    1.371742e-99   9.715313e-100 
Br-74              2.343273e-99    1.000000e-99    1.371742e-99   9.715313e-100 
Br-75              2.343273e-99    1.000000e-99    1.371742e-99   9.715313e-100 
Br-76              2.343273e-99    1.000000e-99    1.371742e-99   9.715313e-100 
Br-77              2.343273e-99    1.000000e-99    1.371742e-99   9.715313e-100 
Br-78              2.343273e-99    1.000000e-99    1.371742e-99   9.715313e-100 
Br-79              1.756714e-08    6.946531e-09    9.858338e-09    7.708806e-09 
Br-80              2.343273e-99    1.000000e-99    1.371742e-99   9.715313e-100 
Br-81              2.447763e-08    6.929600e-09    1.199787e-08    1.247976e-08 
Br-82              1.336083e-48    1.000000e-99    6.759820e-49    6.601006e-49 
Br-83              2.343273e-99    1.000000e-99    1.371742e-99   9.715313e-100 
Br-84              2.343273e-99    1.000000e-99    1.371742e-99   9.715313e-100 
Br-85              2.343273e-99    1.000000e-99    1.371742e-99   9.715313e-100 
Br-86              2.343273e-99    1.000000e-99    1.371742e-99   9.715313e-100 
Br-87              2.343273e-99    1.000000e-99    1.371742e-99   9.715313e-100 
Kr-76              2.343273e-99    1.000000e-99    1.371742e-99   9.715313e-100 
Kr-77              2.343273e-99    1.000000e-99    1.371742e-99   9.715313e-100 
Kr-78              4.418840e-10    1.950096e-10    2.608919e-10    1.809920e-10 
Kr-79              2.343273e-99    1.000000e-99    1.371742e-99   9.715313e-100 
Kr-80              3.837310e-09    1.287356e-09    2.020087e-09    1.817223e-09 
Kr-81              2.897422e-10    1.000000e-99    9.762061e-11    1.921216e-10 
Kr-82              3.482349e-08    6.597702e-09    1.526002e-08    1.956347e-08 
Kr-83              2.196155e-08    6.620838e-09    1.114422e-08    1.081733e-08 
Kr-84              1.193856e-07    3.300992e-08    5.927240e-08    6.011317e-08 
Kr-85              3.730991e-12    1.000000e-99    8.677121e-13    2.863279e-12 
Kr-86              4.874749e-08    1.022191e-08    2.270005e-08    2.604744e-08 
Kr-87              2.343273e-99    1.000000e-99    1.371742e-99   9.715313e-100 
Kr-88              2.343273e-99    1.000000e-99    1.371742e-99   9.715313e-100 
Kr-89              2.343273e-99    1.000000e-99    1.371742e-99   9.715313e-100 
Kr-90              2.343273e-99    1.000000e-99    1.371742e-99   9.715313e-100 
Rb-79              2.343273e-99    1.000000e-99    1.371742e-99   9.715313e-100 
Rb-80              2.343273e-99    1.000000e-99    1.371742e-99   9.715313e-100 
Rb-81              2.343273e-99    1.000000e-99    1.371742e-99   9.715313e-100 
Rb-82              2.343273e-99    1.000000e-99    1.371742e-99   9.715313e-100 
Rb-83              2.343273e-99    1.000000e-99    1.371742e-99   9.715313e-100 
Rb-84              1.377474e-26    1.000000e-99    4.196058e-27    9.578679e-27 
Rb-85              2.825081e-08    6.412108e-09    1.313164e-08    1.511917e-08 
Rb-86              9.733189e-41    1.000000e-99    4.924441e-41    4.808747e-41 
Rb-87              1.731802e-08    2.531379e-09    7.388043e-09    9.929977e-09 
Rb-88              2.343273e-99    1.000000e-99    1.371742e-99   9.715313e-100 
Rb-89              2.343273e-99    1.000000e-99    1.371742e-99   9.715313e-100 
Rb-90              2.343273e-99    1.000000e-99    1.371742e-99   9.715313e-100 
Rb-91              2.343273e-99    1.000000e-99    1.371742e-99   9.715313e-100 
Sr-80              2.343273e-99    1.000000e-99    1.371742e-99   9.715313e-100 
Sr-81              2.343273e-99    1.000000e-99    1.371742e-99   9.715313e-100 
Sr-82              2.343273e-99    1.000000e-99    1.371742e-99   9.715313e-100 
Sr-83              2.343273e-99    1.000000e-99    1.371742e-99   9.715313e-100 
Sr-84              3.657131e-10    1.614000e-10    2.159202e-10    1.497929e-10 
Sr-85              2.343273e-99    1.000000e-99    1.371742e-99   9.715313e-100 
Sr-86              1.671027e-08    2.922276e-09    7.578258e-09    9.132015e-09 
Sr-87              1.092861e-08    2.221559e-09    5.220661e-09    5.707945e-09 
Sr-88              1.569822e-07    2.505398e-08    7.459077e-08    8.239145e-08 
Sr-89              1.854081e-42    1.000000e-99    9.380596e-43    9.160210e-43 
Sr-90              2.875032e-11    1.000000e-99    8.656559e-12    2.009376e-11 
Sr-91              2.343273e-99    1.000000e-99    1.371742e-99   9.715313e-100 
Sr-92              2.343273e-99    1.000000e-99    1.371742e-99   9.715313e-100 
Sr-93              2.343273e-99    1.000000e-99    1.371742e-99   9.715313e-100 
Sr-94              2.343273e-99    1.000000e-99    1.371742e-99   9.715313e-100 
Y-85               2.343273e-99    1.000000e-99    1.371742e-99   9.715313e-100 
Y-86               2.343273e-99    1.000000e-99    1.371742e-99   9.715313e-100 
Y-87               2.343273e-99    1.000000e-99    1.371742e-99   9.715313e-100 
Y-88               2.343273e-99    1.000000e-99    1.371742e-99   9.715313e-100 
Y-89               4.298257e-08    6.146713e-09    2.028533e-08    2.269724e-08 
Y-90               7.314025e-15    1.000000e-99    2.202212e-15    5.111813e-15 
Y-91               2.343273e-99    1.000000e-99    1.371742e-99   9.715313e-100 
Y-92               2.343273e-99    1.000000e-99    1.371742e-99   9.715313e-100 
Y-93               2.343273e-99    1.000000e-99    1.371742e-99   9.715313e-100 
Y-94               2.343273e-99    1.000000e-99    1.371742e-99   9.715313e-100 
Y-95               2.343273e-99    1.000000e-99    1.371742e-99   9.715313e-100 
Y-96               2.343273e-99    1.000000e-99    1.371742e-99   9.715313e-100 
Zr-86              2.343273e-99    1.000000e-99    1.371742e-99   9.715313e-100 
Zr-87              2.343273e-99    1.000000e-99    1.371742e-99   9.715313e-100 
Zr-88              2.343273e-99    1.000000e-99    1.371742e-99   9.715313e-100 
Zr-89              2.343273e-99    1.000000e-99    1.371742e-99   9.715313e-100 
Zr-90              4.428983e-08    7.671807e-09    2.173385e-08    2.255597e-08 
Zr-91              1.191204e-08    1.692011e-09    5.696936e-09    6.215103e-09 
Zr-92              1.931640e-08    2.613386e-09    9.164044e-09    1.015236e-08 
Zr-93              4.942075e-09    1.000000e-99    2.088247e-09    2.853828e-09 
Zr-94              2.237255e-08    2.706640e-09    1.056872e-08    1.180383e-08 
Zr-95              6.300414e-42    1.000000e-99    3.187652e-42    3.112762e-42 
Zr-96              3.609507e-09    4.451712e-10    1.577907e-09    2.031600e-09 
Zr-97              2.343273e-99    1.000000e-99    1.371742e-99   9.715313e-100 
Zr-98              2.343273e-99    1.000000e-99    1.371742e-99   9.715313e-100 
Nb-89              2.343273e-99    1.000000e-99    1.371742e-99   9.715313e-100 
Nb-90              2.343273e-99    1.000000e-99    1.371742e-99   9.715313e-100 
Nb-91              5.100024e-27    1.000000e-99    1.930587e-27    3.169437e-27 
Nb-92              2.343273e-99    1.000000e-99    1.371742e-99   9.715313e-100 
Nb-93              2.153773e-09    9.500268e-10    1.271499e-09    8.822737e-10 
Nb-94              9.949295e-15    1.000000e-99    5.304704e-15    4.644591e-15 
Nb-95              2.226301e-43    1.000000e-99    1.126382e-43    1.099919e-43 
Nb-96              2.343273e-99    1.000000e-99    1.371742e-99   9.715313e-100 
Nb-97              2.343273e-99    1.000000e-99    1.371742e-99   9.715313e-100 
Nb-98              2.343273e-99    1.000000e-99    1.371742e-99   9.715313e-100 
Nb-99              2.343273e-99    1.000000e-99    1.371742e-99   9.715313e-100 
Mo-90              2.343273e-99    1.000000e-99    1.371742e-99   9.715313e-100 
Mo-91              2.343273e-99    1.000000e-99    1.371742e-99   9.715313e-100 
Mo-92              1.149196e-09    5.062481e-10    6.783173e-10    4.708786e-10 
Mo-93              6.407434e-13    1.000000e-99    3.226085e-13    3.181350e-13 
Mo-94              7.427206e-10    3.223761e-10    4.376265e-10    3.050941e-10 
Mo-95              3.570099e-09    5.609476e-10    1.734421e-09    1.835678e-09 
Mo-96              5.963153e-09    5.937527e-10    2.733738e-09    3.229414e-09 
Mo-97              2.293031e-09    3.437636e-10    1.092518e-09    1.200513e-09 
Mo-98              6.418665e-09    8.771795e-10    3.074754e-09    3.343912e-09 
Mo-99              3.765437e-79    1.000000e-99    1.905097e-79    1.860339e-79 
Mo-100             1.086609e-09    3.573033e-10    5.972227e-10    4.893860e-10 
Mo-101             2.343273e-99    1.000000e-99    1.371742e-99   9.715313e-100 
Mo-102             2.343273e-99    1.000000e-99    1.371742e-99   9.715313e-100 
Tc-93              2.343273e-99    1.000000e-99    1.371742e-99   9.715313e-100 
Tc-94              2.343273e-99    1.000000e-99    1.371742e-99   9.715313e-100 
Tc-95              2.343273e-99    1.000000e-99    1.371742e-99   9.715313e-100 
Tc-96              2.343273e-99    1.000000e-99    1.371742e-99   9.715313e-100 
Tc-97              1.554979e-14    1.000000e-99    8.867626e-15    6.682159e-15 
Tc-98              5.649798e-15    1.000000e-99    3.224983e-15    2.424815e-15 
Tc-99              5.596487e-10    1.000000e-99    2.415526e-10    3.180961e-10 
Tc-100             2.343273e-99    1.000000e-99    1.371742e-99   9.715313e-100 
Tc-101             2.343273e-99    1.000000e-99    1.371742e-99   9.715313e-100 
Tc-102             2.343273e-99    1.000000e-99    1.371742e-99   9.715313e-100 
Tc-103             2.343273e-99    1.000000e-99    1.371742e-99   9.715313e-100 
Tc-104             2.343273e-99    1.000000e-99    1.371742e-99   9.715313e-100 
Tc-105             2.343273e-99    1.000000e-99    1.371742e-99   9.715313e-100 
Ru-94              2.343273e-99    1.000000e-99    1.371742e-99   9.715313e-100 
Ru-95              2.343273e-99    1.000000e-99    1.371742e-99   9.715313e-100 
Ru-96              3.315036e-10    1.462819e-10    1.957215e-10    1.357821e-10 
Ru-97              2.343273e-99    1.000000e-99    1.371742e-99   9.715313e-100 
Ru-98              1.142541e-10    5.035491e-11    6.744931e-11    4.680478e-11 
Ru-99              8.055579e-10    3.472700e-10    4.726656e-10    3.328923e-10 
Ru-100             2.737828e-09    3.463951e-10    1.317080e-09    1.420748e-09 
Ru-101             1.517785e-09    4.737544e-10    8.282742e-10    6.895109e-10 
Ru-102             4.854516e-09    8.848682e-10    2.435912e-09    2.418604e-09 
Ru-103             2.629833e-85    1.000000e-99    1.330546e-85    1.299287e-85 
Ru-104             1.404641e-09    5.324628e-10    7.986783e-10    6.059626e-10 
Ru-105             2.343273e-99    1.000000e-99    1.371742e-99   9.715313e-100 
Ru-106             3.528965e-40    1.000000e-99    1.863571e-41    3.342608e-40 
Rh-98              2.343273e-99    1.000000e-99    1.371742e-99   9.715313e-100 
Rh-99              2.343273e-99    1.000000e-99    1.371742e-99   9.715313e-100 
Rh-100             2.343273e-99    1.000000e-99    1.371742e-99   9.715313e-100 
Rh-101             2.343273e-99    1.000000e-99    1.371742e-99   9.715313e-100 
Rh-102             2.343273e-99    1.000000e-99    1.371742e-99   9.715313e-100 
Rh-103             1.701183e-09    5.273393e-10    9.281180e-10    7.730646e-10 
Rh-104             2.343273e-99    1.000000e-99    1.371742e-99   9.715313e-100 
Rh-105             2.343273e-99    1.000000e-99    1.371742e-99   9.715313e-100 
Rh-106             2.343273e-99    1.000000e-99    1.371742e-99   9.715313e-100 
Rh-107             2.343273e-99    1.000000e-99    1.371742e-99   9.715313e-100 
Rh-108             2.343273e-99    1.000000e-99    1.371742e-99   9.715313e-100 
Pd-99              2.343273e-99    1.000000e-99    1.371742e-99   9.715313e-100 
Pd-100             2.343273e-99    1.000000e-99    1.371742e-99   9.715313e-100 
Pd-101             2.343273e-99    1.000000e-99    1.371742e-99   9.715313e-100 
Pd-102             4.804959e-11    2.120573e-11    2.836889e-11    1.968069e-11 
Pd-103             2.343273e-99    1.000000e-99    1.371742e-99   9.715313e-100 
Pd-104             2.031057e-09    2.361410e-10    9.725232e-10    1.058534e-09 
Pd-105             1.491856e-09    4.778933e-10    8.186399e-10    6.732166e-10 
Pd-106             3.218948e-09    5.904708e-10    1.611275e-09    1.607674e-09 
Pd-107             3.697399e-10    1.000000e-99    1.613167e-10    2.084232e-10 
Pd-108             3.712820e-09    5.824605e-10    1.819756e-09    1.893064e-09 
Pd-109             2.344332e-99    1.000000e-99    1.372278e-99   9.720546e-100 
Pd-110             8.740894e-10    2.627684e-10    4.699711e-10    4.041183e-10 
Pd-111             2.343273e-99    1.000000e-99    1.371742e-99   9.715313e-100 
Pd-112             2.343273e-99    1.000000e-99    1.371742e-99   9.715313e-100 
Ag-101             2.343273e-99    1.000000e-99    1.371742e-99   9.715313e-100 
Ag-102             2.343273e-99    1.000000e-99    1.371742e-99   9.715313e-100 
Ag-103             2.343273e-99    1.000000e-99    1.371742e-99   9.715313e-100 
Ag-104             2.343273e-99    1.000000e-99    1.371742e-99   9.715313e-100 
Ag-105             2.343273e-99    1.000000e-99    1.371742e-99   9.715313e-100 
Ag-106             2.343273e-99    1.000000e-99    1.371742e-99   9.715313e-100 
Ag-107             8.882800e-10    3.920080e-10    5.244375e-10    3.638425e-10 
Ag-108             2.343273e-99    1.000000e-99    1.371742e-99   9.715313e-100 
Ag-109             1.536793e-09    3.709993e-10    7.987719e-10    7.380208e-10 
Ag-110             2.343273e-99    1.000000e-99    1.371742e-99   9.715313e-100 
Ag-111             2.343273e-99    1.000000e-99    1.371742e-99   9.715313e-100 
Ag-112             2.343273e-99    1.000000e-99    1.371742e-99   9.715313e-100 
Ag-113             2.343273e-99    1.000000e-99    1.371742e-99   9.715313e-100 
Cd-102             2.343273e-99    1.000000e-99    1.371742e-99   9.715313e-100 
Cd-103             2.343273e-99    1.000000e-99    1.371742e-99   9.715313e-100 
Cd-104             2.343273e-99    1.000000e-99    1.371742e-99   9.715313e-100 
Cd-105             2.343273e-99    1.000000e-99    1.371742e-99   9.715313e-100 
Cd-106             7.189814e-11    3.172991e-11    4.244926e-11    2.944888e-11 
Cd-107             2.343273e-99    1.000000e-99    1.371742e-99   9.715313e-100 
Cd-108             5.259163e-11    2.301795e-11    3.103253e-11    2.155909e-11 
Cd-109             4.746473e-31    1.000000e-99    6.797001e-32    4.066773e-31 
Cd-110             2.690944e-09    3.290092e-10    1.285440e-09    1.405504e-09 
Cd-111             1.465825e-09    3.402404e-10    7.565250e-10    7.093001e-10 
Cd-112             4.152756e-09    6.471847e-10    2.031935e-09    2.120821e-09 
Cd-113             1.534013e-09    3.306759e-10    7.831737e-10    7.508395e-10 
Cd-114             5.768911e-09    7.843201e-10    2.785572e-09    2.983339e-09 
Cd-115             1.277324e-42    1.000000e-99    6.462536e-43    6.310706e-43 
Cd-116             1.154515e-09    2.080620e-10    5.606844e-10    5.938308e-10 
Cd-117             2.343273e-99    1.000000e-99    1.371742e-99   9.715313e-100 
Cd-118             2.343273e-99    1.000000e-99    1.371742e-99   9.715313e-100 
In-106             2.343273e-99    1.000000e-99    1.371742e-99   9.715313e-100 
In-107             2.343273e-99    1.000000e-99    1.371742e-99   9.715313e-100 
In-108             2.343273e-99    1.000000e-99    1.371742e-99   9.715313e-100 
In-109             2.343273e-99    1.000000e-99    1.371742e-99   9.715313e-100 
In-110             2.343273e-99    1.000000e-99    1.371742e-99   9.715313e-100 
In-111             2.343273e-99    1.000000e-99    1.371742e-99   9.715313e-100 
In-112             2.343273e-99    1.000000e-99    1.371742e-99   9.715313e-100 
In-113             2.951016e-11    1.301925e-11    1.742255e-11    1.208761e-11 
In-114             2.343273e-99    1.000000e-99    1.371742e-99   9.715313e-100 
In-115             1.462392e-09    2.957448e-10    7.407031e-10    7.216887e-10 
In-116             2.343273e-99    1.000000e-99    1.371742e-99   9.715313e-100 
In-117             2.343273e-99    1.000000e-99    1.371742e-99   9.715313e-100 
In-118             2.343273e-99    1.000000e-99    1.371742e-99   9.715313e-100 
In-119             2.343273e-99    1.000000e-99    1.371742e-99   9.715313e-100 
Sn-108             2.343273e-99    1.000000e-99    1.371742e-99   9.715313e-100 
Sn-109             2.343273e-99    1.000000e-99    1.371742e-99   9.715313e-100 
Sn-110             2.343273e-99    1.000000e-99    1.371742e-99   9.715313e-100 
Sn-111             2.343273e-99    1.000000e-99    1.371742e-99   9.715313e-100 
Sn-112             1.383522e-10    6.105063e-11    8.168391e-11    5.666833e-11 
Sn-113             2.343273e-99    1.000000e-99    1.371742e-99   9.715313e-100 
Sn-114             9.578352e-11    4.217384e-11    5.653875e-11    3.924476e-11 
Sn-115             4.971481e-11    2.188520e-11    2.934423e-11    2.037059e-11 
Sn-116             7.204060e-09    9.465767e-10    3.472121e-09    3.731939e-09 
Sn-117             2.867150e-09    5.041662e-10    1.422223e-09    1.444927e-09 
Sn-118             1.222468e-08    1.604585e-09    5.863653e-09    6.361031e-09 
Sn-119             3.898578e-09    5.735089e-10    1.892030e-09    2.006547e-09 
Sn-120             1.878553e-08    2.195627e-09    8.906515e-09    9.879017e-09 
Sn-121             1.638315e-92    1.000000e-99    8.288945e-93    8.094205e-93 
Sn-122             2.465246e-09    3.170297e-10    1.142602e-09    1.322644e-09 
Sn-123             1.582897e-48    1.000000e-99    8.008563e-49    7.820411e-49 
Sn-124             9.477373e-10    4.029750e-10    5.527864e-10    3.949509e-10 
Sn-125             2.343273e-99    1.000000e-99    1.371742e-99   9.715313e-100 
Sn-126             5.929598e-14    1.000000e-99    1.995912e-14    3.933686e-14 
Sn-127             2.343273e-99    1.000000e-99    1.371742e-99   9.715313e-100 
Sn-128             2.343273e-99    1.000000e-99    1.371742e-99   9.715313e-100 
Sn-129             2.343273e-99    1.000000e-99    1.371742e-99   9.715313e-100 
Sn-130             2.343273e-99    1.000000e-99    1.371742e-99   9.715313e-100 
Sb-112             2.343273e-99    1.000000e-99    1.371742e-99   9.715313e-100 
Sb-113             2.343273e-99    1.000000e-99    1.371742e-99   9.715313e-100 
Sb-114             2.343273e-99    1.000000e-99    1.371742e-99   9.715313e-100 
Sb-115             2.343273e-99    1.000000e-99    1.371742e-99   9.715313e-100 
Sb-116             2.343273e-99    1.000000e-99    1.371742e-99   9.715313e-100 
Sb-117             2.343273e-99    1.000000e-99    1.371742e-99   9.715313e-100 
Sb-118             2.343273e-99    1.000000e-99    1.371742e-99   9.715313e-100 
Sb-119             2.343273e-99    1.000000e-99    1.371742e-99   9.715313e-100 
Sb-120             2.343273e-99    1.000000e-99    1.371742e-99   9.715313e-100 
Sb-121             1.787006e-09    3.158879e-10    8.868253e-10    9.001808e-10 
Sb-122             2.992300e-79    1.000000e-99    1.513934e-79    1.478366e-79 
Sb-123             8.048305e-10    2.401430e-10    4.304780e-10    3.743525e-10 
Sb-124             2.343273e-99    1.000000e-99    1.371742e-99   9.715313e-100 
Sb-125             1.222494e-21    1.000000e-99    2.066260e-22    1.015868e-21 
Sb-126             2.120112e-20    1.000000e-99    7.188442e-21    1.401267e-20 
Sb-127             2.343273e-99    1.000000e-99    1.371742e-99   9.715313e-100 
Sb-128             2.343273e-99    1.000000e-99    1.371742e-99   9.715313e-100 
Sb-129             2.343273e-99    1.000000e-99    1.371742e-99   9.715313e-100 
Sb-130             2.343273e-99    1.000000e-99    1.371742e-99   9.715313e-100 
Sb-131             2.343273e-99    1.000000e-99    1.371742e-99   9.715313e-100 
Sb-132             2.343273e-99    1.000000e-99    1.371742e-99   9.715313e-100 
Sb-133             2.343273e-99    1.000000e-99    1.371742e-99   9.715313e-100 
Te-114             2.343273e-99    1.000000e-99    1.371742e-99   9.715313e-100 
Te-115             2.343273e-99    1.000000e-99    1.371742e-99   9.715313e-100 
Te-116             2.343273e-99    1.000000e-99    1.371742e-99   9.715313e-100 
Te-117             2.343273e-99    1.000000e-99    1.371742e-99   9.715313e-100 
Te-118             2.343273e-99    1.000000e-99    1.371742e-99   9.715313e-100 
Te-119             2.343273e-99    1.000000e-99    1.371742e-99   9.715313e-100 
Te-120             1.844721e-11    8.141518e-12    1.089140e-11    7.555813e-12 
Te-121             2.343273e-99    1.000000e-99    1.371742e-99   9.715313e-100 
Te-122             2.195282e-09    2.244331e-10    1.028913e-09    1.166369e-09 
Te-123             7.641498e-10    7.893032e-11    3.582529e-10    4.058969e-10 
Te-124             4.420830e-09    4.220472e-10    2.053545e-09    2.367285e-09 
Te-125             2.569957e-09    6.306673e-10    1.334262e-09    1.235695e-09 
Te-126             1.024745e-08    1.687635e-09    5.045281e-09    5.202170e-09 
Te-127             2.343308e-99    1.000000e-99    1.371759e-99   9.715486e-100 
Te-128             7.296397e-09    2.866447e-09    4.176724e-09    3.119674e-09 
Te-129             2.343273e-99    1.000000e-99    1.371742e-99   9.715313e-100 
Te-130             7.140880e-09    3.105275e-09    4.201452e-09    2.939429e-09 
Te-131             2.343273e-99    1.000000e-99    1.371742e-99   9.715313e-100 
Te-132             2.343273e-99    1.000000e-99    1.371742e-99   9.715313e-100 
Te-133             2.343273e-99    1.000000e-99    1.371742e-99   9.715313e-100 
Te-134             2.343273e-99    1.000000e-99    1.371742e-99   9.715313e-100 
I-117              2.343273e-99    1.000000e-99    1.371742e-99   9.715313e-100 
I-118              2.343273e-99    1.000000e-99    1.371742e-99   9.715313e-100 
I-119              2.343273e-99    1.000000e-99    1.371742e-99   9.715313e-100 
I-120              2.343273e-99    1.000000e-99    1.371742e-99   9.715313e-100 
I-121              2.343273e-99    1.000000e-99    1.371742e-99   9.715313e-100 
I-122              2.343273e-99    1.000000e-99    1.371742e-99   9.715313e-100 
I-123              2.343273e-99    1.000000e-99    1.371742e-99   9.715313e-100 
I-124              2.343273e-99    1.000000e-99    1.371742e-99   9.715313e-100 
I-125              2.343273e-99    1.000000e-99    1.371742e-99   9.715313e-100 
I-126              2.343273e-99    1.000000e-99    1.371742e-99   9.715313e-100 
I-127              2.499479e-09    7.295526e-10    1.343756e-09    1.155723e-09 
I-128              2.343273e-99    1.000000e-99    1.371742e-99   9.715313e-100 
I-129              1.971901e-11    1.000000e-99    8.414065e-12    1.130495e-11 
I-130              2.343273e-99    1.000000e-99    1.371742e-99   9.715313e-100 
I-131              2.343273e-99    1.000000e-99    1.371742e-99   9.715313e-100 
I-132              2.343273e-99    1.000000e-99    1.371742e-99   9.715313e-100 
I-133              2.343273e-99    1.000000e-99    1.371742e-99   9.715313e-100 
I-134              2.343273e-99    1.000000e-99    1.371742e-99   9.715313e-100 
I-135              2.343273e-99    1.000000e-99    1.371742e-99   9.715313e-100 
Xe-118             2.343273e-99    1.000000e-99    1.371742e-99   9.715313e-100 
Xe-119             2.343273e-99    1.000000e-99    1.371742e-99   9.715313e-100 
Xe-120             2.343273e-99    1.000000e-99    1.371742e-99   9.715313e-100 
Xe-121             2.343273e-99    1.000000e-99    1.371742e-99   9.715313e-100 
Xe-122             2.343273e-99    1.000000e-99    1.371742e-99   9.715313e-100 
Xe-123             2.343273e-99    1.000000e-99    1.371742e-99   9.715313e-100 
Xe-124             2.503144e-11    1.104751e-11    1.477879e-11    1.025265e-11 
Xe-125             2.343273e-99    1.000000e-99    1.371742e-99   9.715313e-100 
Xe-126             2.208514e-11    9.746338e-12    1.303925e-11    9.045893e-12 
Xe-127             2.343273e-99    1.000000e-99    1.371742e-99   9.715313e-100 
Xe-128             2.423313e-09    1.971368e-10    1.125185e-09    1.298128e-09 
Xe-129             6.385124e-09    2.446488e-09    3.639500e-09    2.745624e-09 
Xe-130             5.132279e-09    3.932515e-10    2.380768e-09    2.751511e-09 
Xe-131             6.113784e-09    1.972335e-09    3.358746e-09    2.755038e-09 
Xe-132             1.439526e-08    2.403102e-09    7.130363e-09    7.264898e-09 
Xe-133             2.271234e-59    1.000000e-99    1.149116e-59    1.122119e-59 
Xe-134             3.542853e-09    8.939944e-10    1.805506e-09    1.737347e-09 
Xe-135             2.343273e-99    1.000000e-99    1.371742e-99   9.715313e-100 
Xe-136             1.744811e-09    7.392078e-10    1.018553e-09    7.262578e-10 
Xe-137             2.343273e-99    1.000000e-99    1.371742e-99   9.715313e-100 
Xe-138             2.343273e-99    1.000000e-99    1.371742e-99   9.715313e-100 
Cs-123             2.343273e-99    1.000000e-99    1.371742e-99   9.715313e-100 
Cs-124             2.343273e-99    1.000000e-99    1.371742e-99   9.715313e-100 
Cs-125             2.343273e-99    1.000000e-99    1.371742e-99   9.715313e-100 
Cs-126             2.343273e-99    1.000000e-99    1.371742e-99   9.715313e-100 
Cs-127             2.343273e-99    1.000000e-99    1.371742e-99   9.715313e-100 
Cs-128             2.343273e-99    1.000000e-99    1.371742e-99   9.715313e-100 
Cs-129             2.343273e-99    1.000000e-99    1.371742e-99   9.715313e-100 
Cs-130             2.343273e-99    1.000000e-99    1.371742e-99   9.715313e-100 
Cs-131             2.343273e-99    1.000000e-99    1.371742e-99   9.715313e-100 
Cs-132             2.343273e-99    1.000000e-99    1.371742e-99   9.715313e-100 
Cs-133             2.853638e-09    7.130246e-10    1.496858e-09    1.356780e-09 
Cs-134             4.757558e-23    1.000000e-99    7.102216e-24    4.047336e-23 
Cs-135             1.133281e-09    1.000000e-99    4.786429e-10    6.546380e-10 
Cs-136             1.847046e-58    1.000000e-99    9.345005e-59    9.125455e-59 
Cs-137             4.098156e-11    1.000000e-99    1.293302e-11    2.804854e-11 
Cs-138             2.343273e-99    1.000000e-99    1.371742e-99   9.715313e-100 
Cs-139             2.343273e-99    1.000000e-99    1.371742e-99   9.715313e-100 
Ba-124             2.343273e-99    1.000000e-99    1.371742e-99   9.715313e-100 
Ba-125             2.343273e-99    1.000000e-99    1.371742e-99   9.715313e-100 
Ba-126             2.343273e-99    1.000000e-99    1.371742e-99   9.715313e-100 
Ba-127             2.343273e-99    1.000000e-99    1.371742e-99   9.715313e-100 
Ba-128             2.343273e-99    1.000000e-99    1.371742e-99   9.715313e-100 
Ba-129             2.343273e-99    1.000000e-99    1.371742e-99   9.715313e-100 
Ba-130             2.055425e-11    9.071559e-12    1.213542e-11    8.418837e-12 
Ba-131             2.343273e-99    1.000000e-99    1.371742e-99   9.715313e-100 
Ba-132             1.996426e-11    8.810638e-12    1.178707e-11    8.177194e-12 
Ba-133             2.449103e-21    1.000000e-99    8.588698e-22    1.590233e-21 
Ba-134             3.291994e-09    2.136163e-10    1.517045e-09    1.774949e-09 
Ba-135             2.257012e-09    5.869537e-10    1.192555e-09    1.064457e-09 
Ba-136             1.071099e-08    7.044131e-10    4.941500e-09    5.769486e-09 
Ba-137             1.113392e-08    1.014917e-09    5.136337e-09    5.997580e-09 
Ba-138             1.390402e-07    6.525970e-09    6.309063e-08    7.594954e-08 
Ba-139             2.343273e-99    1.000000e-99    1.371742e-99   9.715313e-100 
Ba-140             2.343273e-99    1.000000e-99    1.371742e-99   9.715313e-100 
Ba-141             2.343273e-99    1.000000e-99    1.371742e-99   9.715313e-100 
Ba-142             2.343273e-99    1.000000e-99    1.371742e-99   9.715313e-100 
La-127             2.343273e-99    1.000000e-99    1.371742e-99   9.715313e-100 
La-128             2.343273e-99    1.000000e-99    1.371742e-99   9.715313e-100 
La-129             2.343273e-99    1.000000e-99    1.371742e-99   9.715313e-100 
La-130             2.343273e-99    1.000000e-99    1.371742e-99   9.715313e-100 
La-131             2.343273e-99    1.000000e-99    1.371742e-99   9.715313e-100 
La-132             2.343273e-99    1.000000e-99    1.371742e-99   9.715313e-100 
La-133             2.343273e-99    1.000000e-99    1.371742e-99   9.715313e-100 
La-134             2.343273e-99    1.000000e-99    1.371742e-99   9.715313e-100 
La-135             2.343273e-99    1.000000e-99    1.371742e-99   9.715313e-100 
La-136             2.343273e-99    1.000000e-99    1.371742e-99   9.715313e-100 
La-137             4.011385e-18    1.000000e-99    2.205912e-18    1.805473e-18 
La-138             1.807866e-12    8.020363e-13    1.067391e-12    7.404756e-13 
La-139             1.702896e-08    8.951090e-10    7.760099e-09    9.268860e-09 
La-140             1.666294e-92    1.000000e-99    8.430504e-93    8.232439e-93 
La-141             2.343273e-99    1.000000e-99    1.371742e-99   9.715313e-100 
La-142             2.343273e-99    1.000000e-99    1.371742e-99   9.715313e-100 
La-143             2.343273e-99    1.000000e-99    1.371742e-99   9.715313e-100 
Ce-130             2.343273e-99    1.000000e-99    1.371742e-99   9.715313e-100 
Ce-131             2.343273e-99    1.000000e-99    1.371742e-99   9.715313e-100 
Ce-132             2.343273e-99    1.000000e-99    1.371742e-99   9.715313e-100 
Ce-133             2.343273e-99    1.000000e-99    1.371742e-99   9.715313e-100 
Ce-134             2.343273e-99    1.000000e-99    1.371742e-99   9.715313e-100 
Ce-135             2.343273e-99    1.000000e-99    1.371742e-99   9.715313e-100 
Ce-136             9.496318e-12    4.190875e-12    5.606705e-12    3.889614e-12 
Ce-137             2.343273e-99    1.000000e-99    1.371742e-99   9.715313e-100 
Ce-138             1.301063e-11    5.738597e-12    7.681448e-12    5.329185e-12 
Ce-139             2.343273e-99    1.000000e-99    1.371742e-99   9.715313e-100 
Ce-140             4.985758e-08    2.051511e-09    2.286025e-08    2.699733e-08 
Ce-141             5.092841e-44    1.000000e-99    2.576689e-44    2.516152e-44 
Ce-142             3.094036e-09    2.614638e-10    1.349435e-09    1.744601e-09 
Ce-143             2.343273e-99    1.000000e-99    1.371742e-99   9.715313e-100 
Ce-144             2.770496e-61    1.000000e-99    9.678655e-62    1.802630e-61 
Ce-145             2.343273e-99    1.000000e-99    1.371742e-99   9.715313e-100 
Ce-146             2.343273e-99    1.000000e-99    1.371742e-99   9.715313e-100 
Pr-133             2.343273e-99    1.000000e-99    1.371742e-99   9.715313e-100 
Pr-134             2.343273e-99    1.000000e-99    1.371742e-99   9.715313e-100 
Pr-135             2.343273e-99    1.000000e-99    1.371742e-99   9.715313e-100 
Pr-136             2.343273e-99    1.000000e-99    1.371742e-99   9.715313e-100 
Pr-137             2.343273e-99    1.000000e-99    1.371742e-99   9.715313e-100 
Pr-138             2.343273e-99    1.000000e-99    1.371742e-99   9.715313e-100 
Pr-139             2.343273e-99    1.000000e-99    1.371742e-99   9.715313e-100 
Pr-140             2.343273e-99    1.000000e-99    1.371742e-99   9.715313e-100 
Pr-141             5.577637e-09    3.455191e-10    2.585562e-09    2.992075e-09 
Pr-142             5.239310e-98    1.000000e-99    2.669411e-98    2.569898e-98 
Pr-143             2.343277e-99    1.000000e-99    1.371744e-99   9.715334e-100 
Pr-144             2.343273e-99    1.000000e-99    1.371742e-99   9.715313e-100 
Pr-145             2.343273e-99    1.000000e-99    1.371742e-99   9.715313e-100 
Pr-146             2.343273e-99    1.000000e-99    1.371742e-99   9.715313e-100 
Pr-147             2.343273e-99    1.000000e-99    1.371742e-99   9.715313e-100 
Pr-148             2.343273e-99    1.000000e-99    1.371742e-99   9.715313e-100 
Pr-149             2.343273e-99    1.000000e-99    1.371742e-99   9.715313e-100 
Nd-134             2.343273e-99    1.000000e-99    1.371742e-99   9.715313e-100 
Nd-135             2.343273e-99    1.000000e-99    1.371742e-99   9.715313e-100 
Nd-136             2.343273e-99    1.000000e-99    1.371742e-99   9.715313e-100 
Nd-137             2.343273e-99    1.000000e-99    1.371742e-99   9.715313e-100 
Nd-138             2.343273e-99    1.000000e-99    1.371742e-99   9.715313e-100 
Nd-139             2.343273e-99    1.000000e-99    1.371742e-99   9.715313e-100 
Nd-140             2.343273e-99    1.000000e-99    1.371742e-99   9.715313e-100 
Nd-141             2.343273e-99    1.000000e-99    1.371742e-99   9.715313e-100 
Nd-142             1.251656e-08    4.959878e-10    5.781895e-09    6.734664e-09 
Nd-143             2.471795e-09    2.241778e-10    1.169973e-09    1.301822e-09 
Nd-144             7.401675e-09    4.413056e-10    3.429196e-09    3.972479e-09 
Nd-145             1.555578e-09    1.547744e-10    7.413205e-10    8.142578e-10 
Nd-146             6.577867e-09    3.223859e-10    3.023745e-09    3.554122e-09 
Nd-147             1.919889e-49    1.000000e-99    9.713551e-50    9.485342e-50 
Nd-148             1.065670e-09    1.092513e-10    5.114647e-10    5.542058e-10 
Nd-149             2.343273e-99    1.000000e-99    1.371742e-99   9.715313e-100 
Nd-150             2.635077e-10    1.084128e-10    1.521685e-10    1.113392e-10 
Nd-151             2.343273e-99    1.000000e-99    1.371742e-99   9.715313e-100 
Nd-152             2.343273e-99    1.000000e-99    1.371742e-99   9.715313e-100 
Pm-137             2.343273e-99    1.000000e-99    1.371742e-99   9.715313e-100 
Pm-138             2.343273e-99    1.000000e-99    1.371742e-99   9.715313e-100 
Pm-139             2.343273e-99    1.000000e-99    1.371742e-99   9.715313e-100 
Pm-140             2.343273e-99    1.000000e-99    1.371742e-99   9.715313e-100 
Pm-141             2.343273e-99    1.000000e-99    1.371742e-99   9.715313e-100 
Pm-142             2.343273e-99    1.000000e-99    1.371742e-99   9.715313e-100 
Pm-143             2.343273e-99    1.000000e-99    1.371742e-99   9.715313e-100 
Pm-144             2.343273e-99    1.000000e-99    1.371742e-99   9.715313e-100 
Pm-145             1.341275e-17    1.000000e-99    5.948391e-18    7.464361e-18 
Pm-146             1.502151e-25    1.000000e-99    4.031358e-26    1.099015e-25 
Pm-147             9.946342e-21    1.000000e-99    1.903017e-21    8.043325e-21 
Pm-148             2.343273e-99    1.000000e-99    1.371742e-99   9.715313e-100 
Pm-149             2.343273e-99    1.000000e-99    1.371742e-99   9.715313e-100 
Pm-150             2.343273e-99    1.000000e-99    1.371742e-99   9.715313e-100 
Pm-151             2.343273e-99    1.000000e-99    1.371742e-99   9.715313e-100 
Pm-152             2.343273e-99    1.000000e-99    1.371742e-99   9.715313e-100 
Pm-153             2.343273e-99    1.000000e-99    1.371742e-99   9.715313e-100 
Pm-154             2.343273e-99    1.000000e-99    1.371742e-99   9.715313e-100 
Sm-140             2.343273e-99    1.000000e-99    1.371742e-99   9.715313e-100 
Sm-141             2.343273e-99    1.000000e-99    1.371742e-99   9.715313e-100 
Sm-142             2.343273e-99    1.000000e-99    1.371742e-99   9.715313e-100 
Sm-143             2.343273e-99    1.000000e-99    1.371742e-99   9.715313e-100 
Sm-144             4.178328e-11    1.841766e-11    2.466560e-11    1.711768e-11 
Sm-145             8.520952e-37    1.000000e-99    2.976817e-37    5.544135e-37 
Sm-146             2.013383e-14    1.000000e-99    1.036798e-14    9.765850e-15 
Sm-147             8.660492e-10    9.172133e-11    4.153714e-10    4.506777e-10 
Sm-148             1.576494e-09    6.923156e-11    7.164099e-10    8.600845e-10 
Sm-149             4.633513e-10    8.568655e-11    2.337379e-10    2.296134e-10 
Sm-150             1.303234e-09    4.606563e-11    5.916714e-10    7.115624e-10 
Sm-151             2.525499e-11    1.000000e-99    1.068075e-11    1.457423e-11 
Sm-152             1.431594e-09    1.691578e-10    6.892538e-10    7.423403e-10 
Sm-153             1.681747e-98    1.000000e-99    8.694866e-99    8.122607e-99 
Sm-154             6.787489e-10    1.458120e-10    3.494391e-10    3.293099e-10 
Sm-155             2.343273e-99    1.000000e-99    1.371742e-99   9.715313e-100 
Sm-156             2.343273e-99    1.000000e-99    1.371742e-99   9.715313e-100 
Sm-157             2.343273e-99    1.000000e-99    1.371742e-99   9.715313e-100 
Sm-158             2.343273e-99    1.000000e-99    1.371742e-99   9.715313e-100 
Eu-143             2.343273e-99    1.000000e-99    1.371742e-99   9.715313e-100 
Eu-144             2.343273e-99    1.000000e-99    1.371742e-99   9.715313e-100 
Eu-145             2.343273e-99    1.000000e-99    1.371742e-99   9.715313e-100 
Eu-146             2.343273e-99    1.000000e-99    1.371742e-99   9.715313e-100 
Eu-147             2.343273e-99    1.000000e-99    1.371742e-99   9.715313e-100 
Eu-148             2.343273e-99    1.000000e-99    1.371742e-99   9.715313e-100 
Eu-149             2.343273e-99    1.000000e-99    1.371742e-99   9.715313e-100 
Eu-150             2.343273e-99    1.000000e-99    1.371742e-99   9.715313e-100 
Eu-151             3.795301e-10    1.018002e-10    2.024964e-10    1.770337e-10 
Eu-152             2.424033e-17    1.000000e-99    8.486520e-18    1.575381e-17 
Eu-153             4.588195e-10    1.125982e-10    2.405692e-10    2.182503e-10 
Eu-154             7.421242e-16    1.000000e-99    2.252082e-16    5.169160e-16 
Eu-155             1.795170e-17    1.000000e-99    4.367360e-18    1.358434e-17 
Eu-156             2.343273e-99    1.000000e-99    1.371742e-99   9.715313e-100 
Eu-157             2.343273e-99    1.000000e-99    1.371742e-99   9.715313e-100 
Eu-158             2.343273e-99    1.000000e-99    1.371742e-99   9.715313e-100 
Eu-159             2.343273e-99    1.000000e-99    1.371742e-99   9.715313e-100 
Gd-144             2.343273e-99    1.000000e-99    1.371742e-99   9.715313e-100 
Gd-145             2.343273e-99    1.000000e-99    1.371742e-99   9.715313e-100 
Gd-146             2.343273e-99    1.000000e-99    1.371742e-99   9.715313e-100 
Gd-147             2.343273e-99    1.000000e-99    1.371742e-99   9.715313e-100 
Gd-148             2.343273e-99    1.000000e-99    1.371742e-99   9.715313e-100 
Gd-149             2.343273e-99    1.000000e-99    1.371742e-99   9.715313e-100 
Gd-150             2.343273e-99    1.000000e-99    1.371742e-99   9.715313e-100 
Gd-151             2.343273e-99    1.000000e-99    1.371742e-99   9.715313e-100 
Gd-152             2.857248e-11    1.473596e-12    1.294561e-11    1.562687e-11 
Gd-153             2.469280e-44    1.000000e-99    1.249316e-44    1.219965e-44 
Gd-154             4.705678e-10    1.604757e-11    2.130198e-10    2.575481e-10 
Gd-155             4.902193e-10    1.096075e-10    2.536087e-10    2.366106e-10 
Gd-156             1.237415e-09    1.525524e-10    5.972923e-10    6.401226e-10 
Gd-157             6.808253e-10    1.174132e-10    3.399030e-10    3.409223e-10 
Gd-158             2.056376e-09    1.874860e-10    9.687913e-10    1.087585e-09 
Gd-159             2.351381e-99    1.000000e-99    1.375844e-99   9.755372e-100 
Gd-160             6.393336e-10    1.671447e-10    3.377151e-10    3.016185e-10 
Gd-161             2.343273e-99    1.000000e-99    1.371742e-99   9.715313e-100 
Gd-162             2.343273e-99    1.000000e-99    1.371742e-99   9.715313e-100 
Tb-147             2.343273e-99    1.000000e-99    1.371742e-99   9.715313e-100 
Tb-148             2.343273e-99    1.000000e-99    1.371742e-99   9.715313e-100 
Tb-149             2.343273e-99    1.000000e-99    1.371742e-99   9.715313e-100 
Tb-150             2.343273e-99    1.000000e-99    1.371742e-99   9.715313e-100 
Tb-151             2.343273e-99    1.000000e-99    1.371742e-99   9.715313e-100 
Tb-152             2.343273e-99    1.000000e-99    1.371742e-99   9.715313e-100 
Tb-153             2.343273e-99    1.000000e-99    1.371742e-99   9.715313e-100 
Tb-154             2.343273e-99    1.000000e-99    1.371742e-99   9.715313e-100 
Tb-155             2.343273e-99    1.000000e-99    1.371742e-99   9.715313e-100 
Tb-156             2.343273e-99    1.000000e-99    1.371742e-99   9.715313e-100 
Tb-157             2.690057e-13    1.000000e-99    1.136268e-13    1.553789e-13 
Tb-158             6.891704e-14    1.000000e-99    2.956459e-14    3.935245e-14 
Tb-159             6.729350e-10    1.382452e-10    3.432052e-10    3.297297e-10 
Tb-160             2.390629e-41    1.000000e-99    1.209523e-41    1.181106e-41 
Tb-161             2.343273e-99    1.000000e-99    1.371742e-99   9.715313e-100 
Tb-162             2.343273e-99    1.000000e-99    1.371742e-99   9.715313e-100 
Tb-163             2.343273e-99    1.000000e-99    1.371742e-99   9.715313e-100 
Tb-164             2.343273e-99    1.000000e-99    1.371742e-99   9.715313e-100 
Tb-165             2.343273e-99    1.000000e-99    1.371742e-99   9.715313e-100 
Dy-148             2.343273e-99    1.000000e-99    1.371742e-99   9.715313e-100 
Dy-149             2.343273e-99    1.000000e-99    1.371742e-99   9.715313e-100 
Dy-150             2.343273e-99    1.000000e-99    1.371742e-99   9.715313e-100 
Dy-151             2.343273e-99    1.000000e-99    1.371742e-99   9.715313e-100 
Dy-152             2.343273e-99    1.000000e-99    1.371742e-99   9.715313e-100 
Dy-153             2.343273e-99    1.000000e-99    1.371742e-99   9.715313e-100 
Dy-154             2.343273e-99    1.000000e-99    1.371742e-99   9.715313e-100 
Dy-155             2.343273e-99    1.000000e-99    1.371742e-99   9.715313e-100 
Dy-156             1.137055e-12    5.018403e-13    6.713275e-13    4.657274e-13 
Dy-157             2.343273e-99    1.000000e-99    1.371742e-99   9.715313e-100 
Dy-158             2.038256e-12    8.713271e-13    1.193446e-12    8.448098e-13 
Dy-159             2.343273e-99    1.000000e-99    1.371742e-99   9.715313e-100 
Dy-160             6.036898e-10    2.150744e-11    2.727459e-10    3.309438e-10 
Dy-161             6.925099e-10    1.748921e-10    3.643447e-10    3.281652e-10 
Dy-162             1.746021e-09    2.373987e-10    8.485087e-10    8.975119e-10 
Dy-163             7.696854e-10    2.331524e-10    4.197207e-10    3.499647e-10 
Dy-164             2.285287e-09    2.655778e-10    1.099370e-09    1.185917e-09 
Dy-165             2.343273e-99    1.000000e-99    1.371742e-99   9.715313e-100 
Dy-166             2.343273e-99    1.000000e-99    1.371742e-99   9.715313e-100 
Dy-167             2.343273e-99    1.000000e-99    1.371742e-99   9.715313e-100 
Dy-168             2.343273e-99    1.000000e-99    1.371742e-99   9.715313e-100 
Ho-153             2.343273e-99    1.000000e-99    1.371742e-99   9.715313e-100 
Ho-154             2.343273e-99    1.000000e-99    1.371742e-99   9.715313e-100 
Ho-155             2.343273e-99    1.000000e-99    1.371742e-99   9.715313e-100 
Ho-156             2.343273e-99    1.000000e-99    1.371742e-99   9.715313e-100 
Ho-157             2.343273e-99    1.000000e-99    1.371742e-99   9.715313e-100 
Ho-158             2.343273e-99    1.000000e-99    1.371742e-99   9.715313e-100 
Ho-159             2.343273e-99    1.000000e-99    1.371742e-99   9.715313e-100 
Ho-160             2.343273e-99    1.000000e-99    1.371742e-99   9.715313e-100 
Ho-161             2.343273e-99    1.000000e-99    1.371742e-99   9.715313e-100 
Ho-162             2.343273e-99    1.000000e-99    1.371742e-99   9.715313e-100 
Ho-163             1.146670e-10    1.000000e-99    4.955342e-11    6.511361e-11 
Ho-164             2.343273e-99    1.000000e-99    1.371742e-99   9.715313e-100 
Ho-165             1.008033e-09    2.121958e-10    5.147154e-10    4.933173e-10 
Ho-166             7.564795e-72    1.000000e-99    3.827357e-72    3.737438e-72 
Ho-167             2.343273e-99    1.000000e-99    1.371742e-99   9.715313e-100 
Ho-168             2.343273e-99    1.000000e-99    1.371742e-99   9.715313e-100 
Ho-169             2.343273e-99    1.000000e-99    1.371742e-99   9.715313e-100 
Er-154             2.343273e-99    1.000000e-99    1.371742e-99   9.715313e-100 
Er-155             2.343273e-99    1.000000e-99    1.371742e-99   9.715313e-100 
Er-156             2.343273e-99    1.000000e-99    1.371742e-99   9.715313e-100 
Er-157             2.343273e-99    1.000000e-99    1.371742e-99   9.715313e-100 
Er-158             2.343273e-99    1.000000e-99    1.371742e-99   9.715313e-100 
Er-159             2.343273e-99    1.000000e-99    1.371742e-99   9.715313e-100 
Er-160             2.343273e-99    1.000000e-99    1.371742e-99   9.715313e-100 
Er-161             2.343273e-99    1.000000e-99    1.371742e-99   9.715313e-100 
Er-162             1.822655e-12    8.044304e-13    1.076112e-12    7.465428e-13 
Er-163             2.343273e-99    1.000000e-99    1.371742e-99   9.715313e-100 
Er-164             3.129289e-10    9.564291e-12    1.386682e-10    1.742607e-10 
Er-165             2.343294e-99    1.000000e-99    1.371752e-99   9.715417e-100 
Er-166             1.343390e-09    2.022225e-10    6.576017e-10    6.857879e-10 
Er-167             7.059660e-10    1.387949e-10    3.574677e-10    3.484982e-10 
Er-168             1.915622e-09    1.631304e-10    8.990714e-10    1.016551e-09 
Er-169             8.031100e-53    1.000000e-99    4.063281e-53    3.967819e-53 
Er-170             7.930471e-10    9.199445e-11    3.898857e-10    4.031614e-10 
Er-171             2.343273e-99    1.000000e-99    1.371742e-99   9.715313e-100 
Er-172             2.343273e-99    1.000000e-99    1.371742e-99   9.715313e-100 
Er-173             2.343273e-99    1.000000e-99    1.371742e-99   9.715313e-100 
Er-174             2.343273e-99    1.000000e-99    1.371742e-99   9.715313e-100 
Er-175             2.343273e-99    1.000000e-99    1.371742e-99   9.715313e-100 
Tm-159             2.343273e-99    1.000000e-99    1.371742e-99   9.715313e-100 
Tm-160             2.343273e-99    1.000000e-99    1.371742e-99   9.715313e-100 
Tm-161             2.343273e-99    1.000000e-99    1.371742e-99   9.715313e-100 
Tm-162             2.343273e-99    1.000000e-99    1.371742e-99   9.715313e-100 
Tm-163             2.343273e-99    1.000000e-99    1.371742e-99   9.715313e-100 
Tm-164             2.343273e-99    1.000000e-99    1.371742e-99   9.715313e-100 
Tm-165             2.343273e-99    1.000000e-99    1.371742e-99   9.715313e-100 
Tm-166             2.343273e-99    1.000000e-99    1.371742e-99   9.715313e-100 
Tm-167             2.343273e-99    1.000000e-99    1.371742e-99   9.715313e-100 
Tm-168             2.343273e-99    1.000000e-99    1.371742e-99   9.715313e-100 
Tm-169             5.042115e-10    9.271278e-11    2.545356e-10    2.496759e-10 
Tm-170             4.968094e-41    1.000000e-99    2.513574e-41    2.454520e-41 
Tm-171             1.473137e-24    1.000000e-99    2.039273e-25    1.269209e-24 
Tm-172             2.343273e-99    1.000000e-99    1.371742e-99   9.715313e-100 
Tm-173             2.343273e-99    1.000000e-99    1.371742e-99   9.715313e-100 
Tm-174             2.343273e-99    1.000000e-99    1.371742e-99   9.715313e-100 
Tm-175             2.343273e-99    1.000000e-99    1.371742e-99   9.715313e-100 
Tm-176             2.343273e-99    1.000000e-99    1.371742e-99   9.715313e-100 
Yb-160             2.343273e-99    1.000000e-99    1.371742e-99   9.715313e-100 
Yb-161             2.343273e-99    1.000000e-99    1.371742e-99   9.715313e-100 
Yb-162             2.343273e-99    1.000000e-99    1.371742e-99   9.715313e-100 
Yb-163             2.343273e-99    1.000000e-99    1.371742e-99   9.715313e-100 
Yb-164             2.343273e-99    1.000000e-99    1.371742e-99   9.715313e-100 
Yb-165             2.343273e-99    1.000000e-99    1.371742e-99   9.715313e-100 
Yb-166             2.343273e-99    1.000000e-99    1.371742e-99   9.715313e-100 
Yb-167             2.343273e-99    1.000000e-99    1.371742e-99   9.715313e-100 
Yb-168             1.793585e-12    7.915995e-13    1.058949e-12    7.346363e-13 
Yb-169             2.343273e-99    1.000000e-99    1.371742e-99   9.715313e-100 
Yb-170             5.193642e-10    1.873162e-11    2.335737e-10    2.857905e-10 
Yb-171             7.937053e-10    8.850692e-11    3.836149e-10    4.100904e-10 
Yb-172             1.924851e-09    1.360928e-10    8.976142e-10    1.027236e-09 
Yb-173             1.020551e-09    1.011424e-10    4.862288e-10    5.343217e-10 
Yb-174             4.032928e-09    2.007422e-10    1.862453e-09    2.170476e-09 
Yb-175             4.180069e-71    1.000000e-99    2.114878e-71    2.065191e-71 
Yb-176             1.385149e-09    8.139847e-11    6.523174e-10    7.328311e-10 
Yb-177             2.343273e-99    1.000000e-99    1.371742e-99   9.715313e-100 
Yb-178             2.343273e-99    1.000000e-99    1.371742e-99   9.715313e-100 
Yb-179             2.343273e-99    1.000000e-99    1.371742e-99   9.715313e-100 
Yb-180             2.343273e-99    1.000000e-99    1.371742e-99   9.715313e-100 
Lu-165             2.343273e-99    1.000000e-99    1.371742e-99   9.715313e-100 
Lu-166             2.343273e-99    1.000000e-99    1.371742e-99   9.715313e-100 
Lu-167             2.343273e-99    1.000000e-99    1.371742e-99   9.715313e-100 
Lu-168             2.343273e-99    1.000000e-99    1.371742e-99   9.715313e-100 
Lu-169             2.343273e-99    1.000000e-99    1.371742e-99   9.715313e-100 
Lu-170             2.343273e-99    1.000000e-99    1.371742e-99   9.715313e-100 
Lu-171             2.343273e-99    1.000000e-99    1.371742e-99   9.715313e-100 
Lu-172             2.343273e-99    1.000000e-99    1.371742e-99   9.715313e-100 
Lu-173             2.343273e-99    1.000000e-99    1.371742e-99   9.715313e-100 
Lu-174             2.343273e-99    1.000000e-99    1.371742e-99   9.715313e-100 
Lu-175             7.032789e-10    9.139475e-11    3.436287e-10    3.596501e-10 
Lu-176             2.429175e-10    2.438137e-12    1.091061e-10    1.338114e-10 
Lu-177             1.937008e-64    1.000000e-99    9.800162e-65    9.569919e-65 
Lu-178             2.343273e-99    1.000000e-99    1.371742e-99   9.715313e-100 
Lu-179             2.343273e-99    1.000000e-99    1.371742e-99   9.715313e-100 
Lu-180             2.343273e-99    1.000000e-99    1.371742e-99   9.715313e-100 
Lu-181             2.343273e-99    1.000000e-99    1.371742e-99   9.715313e-100 
Lu-182             2.343273e-99    1.000000e-99    1.371742e-99   9.715313e-100 
Hf-166             2.343273e-99    1.000000e-99    1.371742e-99   9.715313e-100 
Hf-167             2.343273e-99    1.000000e-99    1.371742e-99   9.715313e-100 
Hf-168             2.343273e-99    1.000000e-99    1.371742e-99   9.715313e-100 
Hf-169             2.343273e-99    1.000000e-99    1.371742e-99   9.715313e-100 
Hf-170             2.343273e-99    1.000000e-99    1.371742e-99   9.715313e-100 
Hf-171             2.343273e-99    1.000000e-99    1.371742e-99   9.715313e-100 
Hf-172             2.343273e-99    1.000000e-99    1.371742e-99   9.715313e-100 
Hf-173             2.343273e-99    1.000000e-99    1.371742e-99   9.715313e-100 
Hf-174             1.394873e-12    6.156263e-13    8.235457e-13    5.713274e-13 
Hf-175             2.343273e-99    1.000000e-99    1.371742e-99   9.715313e-100 
Hf-176             1.907224e-10    2.018094e-11    9.169052e-11    9.903191e-11 
Hf-177             5.944516e-10    7.189125e-11    2.896793e-10    3.047723e-10 
Hf-178             2.156609e-09    1.060672e-10    1.000700e-09    1.155909e-09 
Hf-179             7.968262e-10    5.325529e-11    3.742819e-10    4.225443e-10 
Hf-180             4.106641e-09    1.379223e-10    1.885775e-09    2.220866e-09 
Hf-181             3.571987e-43    1.000000e-99    1.807223e-43    1.764764e-43 
Hf-182             2.072451e-10    1.000000e-99    9.083442e-11    1.164106e-10 
Hf-183             2.343273e-99    1.000000e-99    1.371742e-99   9.715313e-100 
Hf-184             2.343273e-99    1.000000e-99    1.371742e-99   9.715313e-100 
Hf-185             2.343273e-99    1.000000e-99    1.371742e-99   9.715313e-100 
Ta-169             2.343273e-99    1.000000e-99    1.371742e-99   9.715313e-100 
Ta-170             2.343273e-99    1.000000e-99    1.371742e-99   9.715313e-100 
Ta-171             2.343273e-99    1.000000e-99    1.371742e-99   9.715313e-100 
Ta-172             2.343273e-99    1.000000e-99    1.371742e-99   9.715313e-100 
Ta-173             2.343273e-99    1.000000e-99    1.371742e-99   9.715313e-100 
Ta-174             2.343273e-99    1.000000e-99    1.371742e-99   9.715313e-100 
Ta-175             2.343273e-99    1.000000e-99    1.371742e-99   9.715313e-100 
Ta-176             2.343273e-99    1.000000e-99    1.371742e-99   9.715313e-100 
Ta-177             2.343273e-99    1.000000e-99    1.371742e-99   9.715313e-100 
Ta-178             2.343273e-99    1.000000e-99    1.371742e-99   9.715313e-100 
Ta-179             4.684984e-26    1.000000e-99    8.220718e-27    3.862912e-26 
Ta-180             2.847920e-14    1.214592e-14    1.669428e-14    1.178492e-14 
Ta-181             1.011333e-09    9.928372e-11    4.856355e-10    5.256974e-10 
Ta-182             8.084344e-18    1.000000e-99    3.536345e-18    4.547999e-18 
Ta-183             2.343273e-99    1.000000e-99    1.371742e-99   9.715313e-100 
Ta-184             2.343273e-99    1.000000e-99    1.371742e-99   9.715313e-100 
Ta-185             2.343273e-99    1.000000e-99    1.371742e-99   9.715313e-100 
Ta-186             2.343273e-99    1.000000e-99    1.371742e-99   9.715313e-100 
W-172              2.343273e-99    1.000000e-99    1.371742e-99   9.715313e-100 
W-173              2.343273e-99    1.000000e-99    1.371742e-99   9.715313e-100 
W-174              2.343273e-99    1.000000e-99    1.371742e-99   9.715313e-100 
W-175              2.343273e-99    1.000000e-99    1.371742e-99   9.715313e-100 
W-176              2.343273e-99    1.000000e-99    1.371742e-99   9.715313e-100 
W-177              2.343273e-99    1.000000e-99    1.371742e-99   9.715313e-100 
W-178              2.343273e-99    1.000000e-99    1.371742e-99   9.715313e-100 
W-179              2.343273e-99    1.000000e-99    1.371742e-99   9.715313e-100 
W-180              1.190116e-12    4.197418e-13    6.696050e-13    5.205111e-13 
W-181              2.343273e-99    1.000000e-99    1.371742e-99   9.715313e-100 
W-182              1.802895e-09    9.387405e-11    8.349366e-10    9.679586e-10 
W-183              1.110344e-09    5.098623e-11    5.157376e-10    5.946068e-10 
W-184              2.873846e-09    1.097465e-10    1.329210e-09    1.544636e-09 
W-185              2.855833e-41    1.000000e-99    1.444889e-41    1.410943e-41 
W-186              1.356336e-09    1.029153e-10    6.488145e-10    7.075214e-10 
W-187              2.343295e-99    1.000000e-99    1.371753e-99   9.715423e-100 
W-188              2.343273e-99    1.000000e-99    1.371742e-99   9.715313e-100 
W-189              2.343273e-99    1.000000e-99    1.371742e-99   9.715313e-100 
W-190              2.343273e-99    1.000000e-99    1.371742e-99   9.715313e-100 
Re-175             2.343273e-99    1.000000e-99    1.371742e-99   9.715313e-100 
Re-176             2.343273e-99    1.000000e-99    1.371742e-99   9.715313e-100 
Re-177             2.343273e-99    1.000000e-99    1.371742e-99   9.715313e-100 
Re-178             2.343273e-99    1.000000e-99    1.371742e-99   9.715313e-100 
Re-179             2.343273e-99    1.000000e-99    1.371742e-99   9.715313e-100 
Re-180             2.343273e-99    1.000000e-99    1.371742e-99   9.715313e-100 
Re-181             2.343273e-99    1.000000e-99    1.371742e-99   9.715313e-100 
Re-182             2.343273e-99    1.000000e-99    1.371742e-99   9.715313e-100 
Re-183             2.343273e-99    1.000000e-99    1.371742e-99   9.715313e-100 
Re-184             2.343273e-99    1.000000e-99    1.371742e-99   9.715313e-100 
Re-185             6.459534e-10    5.239297e-11    3.103696e-10    3.355838e-10 
Re-186             4.123211e-66    1.000000e-99    2.086111e-66    2.037100e-66 
Re-187             4.935389e-10    8.865081e-11    2.513759e-10    2.421630e-10 
Re-188             2.343340e-99    1.000000e-99    1.371775e-99   9.715642e-100 
Re-189             2.343273e-99    1.000000e-99    1.371742e-99   9.715313e-100 
Re-190             2.343273e-99    1.000000e-99    1.371742e-99   9.715313e-100 
Re-191             2.343273e-99    1.000000e-99    1.371742e-99   9.715313e-100 
Os-179             2.343273e-99    1.000000e-99    1.371742e-99   9.715313e-100 
Os-180             2.343273e-99    1.000000e-99    1.371742e-99   9.715313e-100 
Os-181             2.343273e-99    1.000000e-99    1.371742e-99   9.715313e-100 
Os-182             2.343273e-99    1.000000e-99    1.371742e-99   9.715313e-100 
Os-183             2.343273e-99    1.000000e-99    1.371742e-99   9.715313e-100 
Os-184             8.053014e-13    3.554151e-13    4.754572e-13    3.298443e-13 
Os-185             2.343273e-99    1.000000e-99    1.371742e-99   9.715313e-100 
Os-186             1.124339e-09    2.889106e-11    5.109381e-10    6.134007e-10 
Os-187             3.794849e-10    2.999137e-11    1.788249e-10    2.006600e-10 
Os-188             2.874674e-09    2.436808e-10    1.367164e-09    1.507511e-09 
Os-189             1.169155e-09    2.986815e-10    6.202960e-10    5.488586e-10 
Os-190             3.579645e-09    4.882980e-10    1.759192e-09    1.820453e-09 
Os-191             7.973225e-47    1.000000e-99    4.034000e-47    3.939226e-47 
Os-192             2.912773e-09    7.663518e-10    1.552441e-09    1.360332e-09 
Os-193             2.343307e-99    1.000000e-99    1.371759e-99   9.715482e-100 
Os-194             6.507912e-16    1.000000e-99    1.625926e-16    4.881987e-16 
Os-195             2.343273e-99    1.000000e-99    1.371742e-99   9.715313e-100 
Os-196             2.343273e-99    1.000000e-99    1.371742e-99   9.715313e-100 
Ir-181             2.343273e-99    1.000000e-99    1.371742e-99   9.715313e-100 
Ir-182             2.343273e-99    1.000000e-99    1.371742e-99   9.715313e-100 
Ir-183             2.343273e-99    1.000000e-99    1.371742e-99   9.715313e-100 
Ir-184             2.343273e-99    1.000000e-99    1.371742e-99   9.715313e-100 
Ir-185             2.343273e-99    1.000000e-99    1.371742e-99   9.715313e-100 
Ir-186             2.343273e-99    1.000000e-99    1.371742e-99   9.715313e-100 
Ir-187             2.343273e-99    1.000000e-99    1.371742e-99   9.715313e-100 
Ir-188             2.343273e-99    1.000000e-99    1.371742e-99   9.715313e-100 
Ir-189             2.343273e-99    1.000000e-99    1.371742e-99   9.715313e-100 
Ir-190             2.343273e-99    1.000000e-99    1.371742e-99   9.715313e-100 
Ir-191             1.976410e-09    6.786861e-10    1.104074e-09    8.723362e-10 
Ir-192             5.184204e-41    1.000000e-99    2.622913e-41    2.561291e-41 
Ir-193             3.196574e-09    1.154175e-09    1.805061e-09    1.391512e-09 
Ir-194             2.367621e-19    1.000000e-99    5.914414e-20    1.776179e-19 
Ir-195             2.343273e-99    1.000000e-99    1.371742e-99   9.715313e-100 
Ir-196             2.343273e-99    1.000000e-99    1.371742e-99   9.715313e-100 
Ir-197             2.343273e-99    1.000000e-99    1.371742e-99   9.715313e-100 
Pt-184             2.343273e-99    1.000000e-99    1.371742e-99   9.715313e-100 
Pt-185             2.343273e-99    1.000000e-99    1.371742e-99   9.715313e-100 
Pt-186             2.343273e-99    1.000000e-99    1.371742e-99   9.715313e-100 
Pt-187             2.343273e-99    1.000000e-99    1.371742e-99   9.715313e-100 
Pt-188             2.343273e-99    1.000000e-99    1.371742e-99   9.715313e-100 
Pt-189             2.343273e-99    1.000000e-99    1.371742e-99   9.715313e-100 
Pt-190             1.142499e-12    5.042313e-13    6.745417e-13    4.679575e-13 
Pt-191             2.343273e-99    1.000000e-99    1.371742e-99   9.715313e-100 
Pt-192             7.375718e-10    2.925009e-11    3.351438e-10    4.024280e-10 
Pt-193             1.753329e-11    1.000000e-99    7.144822e-12    1.038847e-11 
Pt-194             4.871911e-09    1.244899e-09    2.573910e-09    2.298001e-09 
Pt-195             3.747627e-09    1.284132e-09    2.088417e-09    1.659210e-09 
Pt-196             5.926218e-09    9.630013e-10    2.943099e-09    2.983119e-09 
Pt-197             2.577453e-99    1.000000e-99    1.490223e-99    1.087229e-99 
Pt-198             9.051863e-10    2.760850e-10    4.908311e-10    4.143553e-10 
Pt-199             2.343273e-99    1.000000e-99    1.371742e-99   9.715313e-100 
Pt-200             2.343273e-99    1.000000e-99    1.371742e-99   9.715313e-100 
Pt-201             2.343273e-99    1.000000e-99    1.371742e-99   9.715313e-100 
Pt-202             2.343273e-99    1.000000e-99    1.371742e-99   9.715313e-100 
Au-185             2.343273e-99    1.000000e-99    1.371742e-99   9.715313e-100 
Au-186             2.343273e-99    1.000000e-99    1.371742e-99   9.715313e-100 
Au-187             2.343273e-99    1.000000e-99    1.371742e-99   9.715313e-100 
Au-188             2.343273e-99    1.000000e-99    1.371742e-99   9.715313e-100 
Au-189             2.343273e-99    1.000000e-99    1.371742e-99   9.715313e-100 
Au-190             2.343273e-99    1.000000e-99    1.371742e-99   9.715313e-100 
Au-191             2.343273e-99    1.000000e-99    1.371742e-99   9.715313e-100 
Au-192             2.343273e-99    1.000000e-99    1.371742e-99   9.715313e-100 
Au-193             2.343273e-99    1.000000e-99    1.371742e-99   9.715313e-100 
Au-194             2.343273e-99    1.000000e-99    1.371742e-99   9.715313e-100 
Au-195             2.343273e-99    1.000000e-99    1.371742e-99   9.715313e-100 
Au-196             2.343273e-99    1.000000e-99    1.371742e-99   9.715313e-100 
Au-197             2.362249e-09    5.416505e-10    1.226580e-09    1.135670e-09 
Au-198             6.807629e-65    1.000000e-99    3.444274e-65    3.363355e-65 
Au-199             2.343273e-99    1.000000e-99    1.371742e-99   9.715313e-100 
Au-200             2.343273e-99    1.000000e-99    1.371742e-99   9.715313e-100 
Au-201             2.343273e-99    1.000000e-99    1.371742e-99   9.715313e-100 
Au-202             2.343273e-99    1.000000e-99    1.371742e-99   9.715313e-100 
Au-203             2.343273e-99    1.000000e-99    1.371742e-99   9.715313e-100 
Hg-189             2.343273e-99    1.000000e-99    1.371742e-99   9.715313e-100 
Hg-190             2.343273e-99    1.000000e-99    1.371742e-99   9.715313e-100 
Hg-191             2.343273e-99    1.000000e-99    1.371742e-99   9.715313e-100 
Hg-192             2.343273e-99    1.000000e-99    1.371742e-99   9.715313e-100 
Hg-193             2.343273e-99    1.000000e-99    1.371742e-99   9.715313e-100 
Hg-194             2.343273e-99    1.000000e-99    1.371742e-99   9.715313e-100 
Hg-195             2.343273e-99    1.000000e-99    1.371742e-99   9.715313e-100 
Hg-196             3.410239e-12    1.504692e-12    2.013384e-12    1.396855e-12 
Hg-197             2.343273e-99    1.000000e-99    1.371742e-99   9.715313e-100 
Hg-198             3.615776e-09    9.874750e-11    1.644366e-09    1.971410e-09 
Hg-199             1.975533e-09    1.679957e-10    9.380738e-10    1.037459e-09 
Hg-200             5.899809e-09    2.311105e-10    2.732528e-09    3.167281e-09 
Hg-201             2.706315e-09    1.325554e-10    1.262881e-09    1.443434e-09 
Hg-202             1.050249e-08    3.018128e-10    4.812286e-09    5.690207e-09 
Hg-203             1.643077e-49    1.000000e-99    8.313039e-50    8.117734e-50 
Hg-204             5.043587e-10    7.006863e-11    2.445406e-10    2.598181e-10 
Hg-205             2.343273e-99    1.000000e-99    1.371742e-99   9.715313e-100 
Hg-206             2.343273e-99    1.000000e-99    1.371742e-99   9.715313e-100 
Hg-207             2.343273e-99    1.000000e-99    1.371742e-99   9.715313e-100 
Hg-208             2.343273e-99    1.000000e-99    1.371742e-99   9.715313e-100 
Tl-192             2.343273e-99    1.000000e-99    1.371742e-99   9.715313e-100 
Tl-193             2.343273e-99    1.000000e-99    1.371742e-99   9.715313e-100 
Tl-194             2.343273e-99    1.000000e-99    1.371742e-99   9.715313e-100 
Tl-195             2.343273e-99    1.000000e-99    1.371742e-99   9.715313e-100 
Tl-196             2.343273e-99    1.000000e-99    1.371742e-99   9.715313e-100 
Tl-197             2.343273e-99    1.000000e-99    1.371742e-99   9.715313e-100 
Tl-198             2.343273e-99    1.000000e-99    1.371742e-99   9.715313e-100 
Tl-199             2.343273e-99    1.000000e-99    1.371742e-99   9.715313e-100 
Tl-200             2.343273e-99    1.000000e-99    1.371742e-99   9.715313e-100 
Tl-201             2.343273e-99    1.000000e-99    1.371742e-99   9.715313e-100 
Tl-202             2.343273e-99    1.000000e-99    1.371742e-99   9.715313e-100 
Tl-203             5.082268e-09    1.610364e-10    2.324894e-09    2.757374e-09 
Tl-204             8.068242e-18    1.000000e-99    1.852646e-18    6.215595e-18 
Tl-205             8.500446e-09    3.881933e-10    3.955697e-09    4.544749e-09 
Tl-206             2.343273e-99    1.000000e-99    1.371742e-99   9.715313e-100 
Tl-207             2.343273e-99    1.000000e-99    1.371742e-99   9.715313e-100 
Tl-208             2.343273e-99    1.000000e-99    1.371742e-99   9.715313e-100 
Tl-209             2.343273e-99    1.000000e-99    1.371742e-99   9.715313e-100 
Tl-210             2.343273e-99    1.000000e-99    1.371742e-99   9.715313e-100 
Pb-193             2.343273e-99    1.000000e-99    1.371742e-99   9.715313e-100 
Pb-194             2.343273e-99    1.000000e-99    1.371742e-99   9.715313e-100 
Pb-195             2.343273e-99    1.000000e-99    1.371742e-99   9.715313e-100 
Pb-196             2.343273e-99    1.000000e-99    1.371742e-99   9.715313e-100 
Pb-197             2.343273e-99    1.000000e-99    1.371742e-99   9.715313e-100 
Pb-198             2.343273e-99    1.000000e-99    1.371742e-99   9.715313e-100 
Pb-199             2.343273e-99    1.000000e-99    1.371742e-99   9.715313e-100 
Pb-200             2.343273e-99    1.000000e-99    1.371742e-99   9.715313e-100 
Pb-201             2.343273e-99    1.000000e-99    1.371742e-99   9.715313e-100 
Pb-202             2.343273e-99    1.000000e-99    1.371742e-99   9.715313e-100 
Pb-203             2.343273e-99    1.000000e-99    1.371742e-99   9.715313e-100 
Pb-204             6.298670e-09    1.465503e-10    2.884835e-09    3.413835e-09 
Pb-205             1.393368e-10    1.000000e-99    5.800197e-11    8.133487e-11 
Pb-208             1.302671e-07    4.424883e-09    6.048688e-08    6.978024e-08 
Pb-209             2.343273e-99    1.000000e-99    1.371742e-99   9.715313e-100 
Pb-210             1.956108e-16    1.000000e-99    6.393540e-17    1.316754e-16 
Pb-211             2.343273e-99    1.000000e-99    1.371742e-99   9.715313e-100 
Bi-202             2.343273e-99    1.000000e-99    1.371742e-99   9.715313e-100 
Bi-203             2.343273e-99    1.000000e-99    1.371742e-99   9.715313e-100 
Bi-204             2.343273e-99    1.000000e-99    1.371742e-99   9.715313e-100 
Bi-205             2.343273e-99    1.000000e-99    1.371742e-99   9.715313e-100 
Bi-206             2.343273e-99    1.000000e-99    1.371742e-99   9.715313e-100 
Bi-207             2.343273e-99    1.000000e-99    1.371742e-99   9.715313e-100 
Bi-208             2.343273e-99    1.000000e-99    1.371742e-99   9.715313e-100 
Bi-209             3.564368e-09    4.359124e-10    1.659774e-09    1.904594e-09 
Bi-210             2.981758e-10    1.000000e-99    1.247487e-10    1.734271e-10 
Al-26m1            1.437283e-29    1.000000e-99    7.111890e-30    7.260938e-30 
Kr-85m1            2.343349e-99    1.000000e-99    1.371780e-99   9.715690e-100 
Cd-115m1           2.343273e-99    1.000000e-99    1.371742e-99   9.715313e-100 
Lu-176m1           2.343273e-99    1.000000e-99    1.371742e-99   9.715313e-100 
Ta-180m1           2.343273e-99    1.000000e-99    1.371742e-99   9.715313e-100 
