# Battino yields
# Model: m3z1m3
# Mini: 3.00
# Z: 1.00e-03
# Mfinal: 0.8317663353165653
# Mfinal (MESA): 1.2127071590296572
# Created by Daniel Boyea on 2024-12-06
isotope         wind_yield      initial_abundance wind_yield_mesaevo wind_yield_postmesa 
Neutron-1          2.168234e-99    1.000000e-99    1.787293e-99   3.809408e-100 
H-1                1.568681e+00    7.493283e-01    1.294347e+00    2.743343e-01 
H-2                1.011265e-06    1.453725e-05    9.246288e-07    8.663601e-08 
He-3               2.758323e-04    4.130707e-05    2.274950e-04    4.833729e-05 
He-4               5.908669e-01    2.496155e-01    4.860957e-01    1.047712e-01 
Be-7               4.712216e-16    6.297236e-17    3.873944e-16    8.382729e-17 
B-8                1.207547e-14    1.000000e-99    9.606310e-15    2.469157e-15 
Li-7               2.244108e-06    3.006477e-07    1.844896e-06    3.992119e-07 
C-11               1.353676e-19    1.000000e-99    1.018446e-19    3.352297e-20 
B-11               6.197806e-11    2.858459e-11    5.108903e-11    1.088904e-11 
C-12               4.672982e-03    1.250290e-04    3.618384e-03    1.054598e-03 
C-13               5.182351e-04    4.177640e-07    4.079286e-04    1.103065e-04 
N-13               1.924695e-21    4.925616e-23    1.495103e-21    4.295920e-22 
N-14               7.314943e-04    1.059762e-05    5.802530e-04    1.512413e-04 
C-14               3.122788e-13    1.000000e-99    2.509034e-13    6.137534e-14 
N-15               4.697889e-08    4.173302e-08    3.836997e-08    8.608919e-09 
O-16               2.041520e-03    7.409037e-04    1.660105e-03    3.814152e-04 
O-17               5.190875e-06    3.816498e-08    4.258305e-06    9.325699e-07 
O-18               2.966423e-07    2.173013e-07    2.448805e-07    5.176182e-08 
F-17               2.168234e-99    1.000000e-99    1.787293e-99   3.809408e-100 
F-18               1.243677e-25    1.000000e-99    9.854600e-26    2.582166e-26 
F-19               9.229721e-07    5.615996e-09    7.164615e-07    2.065106e-07 
Ne-20              1.272054e-04    5.753344e-05    1.046348e-04    2.257061e-05 
Ne-21              2.938324e-07    4.579390e-08    2.385710e-07    5.526139e-08 
Ne-22              1.643060e-04    1.471557e-06    1.247747e-04    3.953138e-05 
Na-22              7.050132e-17    1.000000e-99    5.387701e-17    1.662431e-17 
Na-23              2.408836e-06    4.003142e-07    1.943568e-06    4.652676e-07 
Mg-23              2.168234e-99    1.000000e-99    1.787293e-99   3.809408e-100 
Mg-24              3.334384e-05    1.511707e-05    2.745651e-05    5.887321e-06 
Mg-25              2.377001e-06    7.740045e-07    1.900675e-06    4.763258e-07 
Mg-26              3.697241e-06    8.855979e-07    2.936914e-06    7.603266e-07 
Al-26              2.173942e-12    1.000000e-99    1.715377e-12    4.585645e-13 
Al-27              1.771895e-06    6.486896e-07    1.434168e-06    3.377275e-07 
Si-27              2.168234e-99    1.000000e-99    1.787293e-99   3.809408e-100 
Si-28              3.331852e-05    1.512523e-05    2.744005e-05    5.878470e-06 
Si-29              8.809286e-07    3.922927e-07    7.244129e-07    1.565157e-07 
Si-30              6.373131e-07    2.675184e-07    5.221508e-07    1.151622e-07 
P-31               2.316887e-07    7.112706e-08    1.874794e-07    4.420922e-08 
S-31               2.168234e-99    1.000000e-99    1.787293e-99   3.809408e-100 
Be-8               2.168234e-99    1.000000e-99    1.787293e-99   3.809408e-100 
O-14               2.168234e-99    1.000000e-99    1.787293e-99   3.809408e-100 
O-15               4.903932e-26    1.000000e-99    3.900867e-26    1.003065e-26 
Na-21              2.168234e-99    1.000000e-99    1.787293e-99   3.809408e-100 
Al-25              2.168234e-99    1.000000e-99    1.787293e-99   3.809408e-100 
P-29               2.168234e-99    1.000000e-99    1.787293e-99   3.809408e-100 
P-30               2.168234e-99    1.000000e-99    1.787293e-99   3.809408e-100 
Pb-206             2.865158e-09    2.800248e-11    2.240965e-09    6.241936e-10 
Pb-207             4.615859e-09    3.092430e-11    3.605648e-09    1.010211e-09 
Bi-211             2.168234e-99    1.000000e-99    1.787293e-99   3.809408e-100 
Po-210             2.168234e-99    1.000000e-99    1.787293e-99   3.809408e-100 
F-20               2.168234e-99    1.000000e-99    1.787293e-99   3.809408e-100 
Ne-19              2.168234e-99    1.000000e-99    1.787293e-99   3.809408e-100 
Na-24              2.168234e-99    1.000000e-99    1.787293e-99   3.809408e-100 
Mg-27              2.168234e-99    1.000000e-99    1.787293e-99   3.809408e-100 
Mg-28              2.168234e-99    1.000000e-99    1.787293e-99   3.809408e-100 
Al-28              2.168234e-99    1.000000e-99    1.787293e-99   3.809408e-100 
Al-29              2.168234e-99    1.000000e-99    1.787293e-99   3.809408e-100 
Si-31              2.168234e-99    1.000000e-99    1.787293e-99   3.809408e-100 
Si-32              1.258898e-18    1.000000e-99    9.425227e-19    3.163753e-19 
P-32               2.860230e-22    1.000000e-99    2.141503e-22    7.187263e-23 
P-33               4.287652e-27    1.000000e-99    3.341608e-27    9.460437e-28 
P-34               2.168234e-99    1.000000e-99    1.787293e-99   3.809408e-100 
P-35               2.168234e-99    1.000000e-99    1.787293e-99   3.809408e-100 
S-32               2.367386e-05    1.093022e-05    1.951631e-05    4.157552e-06 
S-33               7.648819e-08    3.267747e-08    6.272247e-08    1.376572e-08 
S-34               4.238252e-07    1.892124e-07    3.485892e-07    7.523598e-08 
S-35               1.336527e-25    1.000000e-99    1.047801e-25    2.887265e-26 
S-36               4.223264e-09    8.080247e-10    3.366001e-09    8.572639e-10 
S-37               2.168234e-99    1.000000e-99    1.787293e-99   3.809408e-100 
S-38               2.168234e-99    1.000000e-99    1.787293e-99   3.809408e-100 
Cl-34              2.168234e-99    1.000000e-99    1.787293e-99   3.809408e-100 
Cl-35              1.474457e-07    6.827226e-08    1.215743e-07    2.587139e-08 
Cl-36              1.200875e-10    1.000000e-99    9.210174e-11    2.798580e-11 
Cl-37              5.575674e-08    2.307865e-08    4.566079e-08    1.009596e-08 
Cl-38              2.168234e-99    1.000000e-99    1.787293e-99   3.809408e-100 
Cl-39              2.168234e-99    1.000000e-99    1.787293e-99   3.809408e-100 
Cl-40              2.168234e-99    1.000000e-99    1.787293e-99   3.809408e-100 
Ar-35              2.168234e-99    1.000000e-99    1.787293e-99   3.809408e-100 
Ar-36              3.534501e-06    1.638017e-06    2.914477e-06    6.200234e-07 
Ar-37              2.161277e-18    1.000000e-99    1.614289e-18    5.469887e-19 
Ar-38              3.464958e-07    1.575563e-07    2.853307e-07    6.116516e-08 
Ar-39              1.587360e-16    1.000000e-99    1.203354e-16    3.840058e-17 
Ar-40              1.648590e-09    2.652587e-10    1.308776e-09    3.398135e-10 
Ar-41              2.168234e-99    1.000000e-99    1.787293e-99   3.809408e-100 
Ar-42              2.519793e-22    1.000000e-99    1.824977e-22    6.948159e-23 
Ar-43              2.168234e-99    1.000000e-99    1.787293e-99   3.809408e-100 
Ar-44              2.168234e-99    1.000000e-99    1.787293e-99   3.809408e-100 
K-38               2.168234e-99    1.000000e-99    1.787293e-99   3.809408e-100 
K-39               8.523512e-08    3.903232e-08    7.022779e-08    1.500733e-08 
K-40               1.185332e-10    3.313899e-12    9.176104e-11    2.677219e-11 
K-41               6.980806e-09    2.961327e-09    5.723059e-09    1.257747e-09 
K-42               1.102240e-26    1.000000e-99    7.982247e-27    3.040148e-27 
K-43               2.168234e-99    1.000000e-99    1.787293e-99   3.809408e-100 
K-44               2.168234e-99    1.000000e-99    1.787293e-99   3.809408e-100 
K-45               2.168234e-99    1.000000e-99    1.787293e-99   3.809408e-100 
K-46               2.168234e-99    1.000000e-99    1.787293e-99   3.809408e-100 
Ca-39              2.168234e-99    1.000000e-99    1.787293e-99   3.809408e-100 
Ca-40              2.604249e-06    1.205706e-06    2.147250e-06    4.569996e-07 
Ca-41              1.473266e-11    1.000000e-99    1.127664e-11    3.456024e-12 
Ca-42              1.152153e-08    5.067885e-09    9.467962e-09    2.053568e-09 
Ca-43              2.465147e-09    1.082618e-09    2.025571e-09    4.395751e-10 
Ca-44              3.746102e-08    1.711749e-08    3.086454e-08    6.596478e-09 
Ca-45              6.090387e-25    1.000000e-99    4.739704e-25    1.350683e-25 
Ca-46              1.001171e-10    3.431555e-11    8.069174e-11    1.942539e-11 
Ca-47              2.168234e-99    1.000000e-99    1.787293e-99   3.809408e-100 
Ca-48              3.624113e-09    1.674002e-09    2.987655e-09    6.364584e-10 
Ca-49              2.168234e-99    1.000000e-99    1.787293e-99   3.809408e-100 
Sc-43              2.168234e-99    1.000000e-99    1.787293e-99   3.809408e-100 
Sc-44              2.168234e-99    1.000000e-99    1.787293e-99   3.809408e-100 
Sc-45              1.290382e-09    5.418583e-10    1.057320e-09    2.330629e-10 
Sc-46              3.224062e-25    1.000000e-99    2.534542e-25    6.895194e-26 
Sc-47              2.168234e-99    1.000000e-99    1.787293e-99   3.809408e-100 
Sc-48              2.168234e-99    1.000000e-99    1.787293e-99   3.809408e-100 
Sc-49              2.168234e-99    1.000000e-99    1.787293e-99   3.809408e-100 
Sc-50              2.168234e-99    1.000000e-99    1.787293e-99   3.809408e-100 
Ti-44              2.168234e-99    1.000000e-99    1.787293e-99   3.809408e-100 
Ti-45              2.168234e-99    1.000000e-99    1.787293e-99   3.809408e-100 
Ti-46              7.130629e-09    3.234687e-09    5.873477e-09    1.257152e-09 
Ti-47              6.464795e-09    2.979675e-09    5.329484e-09    1.135311e-09 
Ti-48              1.156971e-07    5.376501e-08    9.542291e-08    2.027421e-08 
Ti-49              5.528832e-09    2.259364e-09    4.521389e-09    1.007444e-09 
Ti-50              6.704242e-09    2.209998e-09    5.437601e-09    1.266642e-09 
Ti-51              2.168234e-99    1.000000e-99    1.787293e-99   3.809408e-100 
Ti-52              2.168234e-99    1.000000e-99    1.787293e-99   3.809408e-100 
V-47               2.168234e-99    1.000000e-99    1.787293e-99   3.809408e-100 
V-48               2.168234e-99    1.000000e-99    1.787293e-99   3.809408e-100 
V-49               8.677100e-25    1.000000e-99    6.912756e-25    1.764344e-25 
V-50               2.181261e-11    1.016393e-11    1.799352e-11    3.819086e-12 
V-51               9.031821e-09    4.141499e-09    7.443080e-09    1.588742e-09 
V-52               2.168234e-99    1.000000e-99    1.787293e-99   3.809408e-100 
V-53               2.168234e-99    1.000000e-99    1.787293e-99   3.809408e-100 
Cr-48              2.168234e-99    1.000000e-99    1.787293e-99   3.809408e-100 
Cr-49              2.168234e-99    1.000000e-99    1.787293e-99   3.809408e-100 
Cr-50              1.775281e-08    8.272808e-09    1.464461e-08    3.108205e-09 
Cr-51              1.092481e-19    1.000000e-99    8.191203e-20    2.733603e-20 
Cr-52              3.587634e-07    1.659075e-07    2.957898e-07    6.297358e-08 
Cr-53              4.147380e-08    1.917344e-08    3.419226e-08    7.281544e-09 
Cr-54              1.168644e-08    4.862314e-09    9.566360e-09    2.120081e-09 
Cr-55              2.168234e-99    1.000000e-99    1.787293e-99   3.809408e-100 
Cr-56              2.168234e-99    1.000000e-99    1.787293e-99   3.809408e-100 
Mn-51              2.168234e-99    1.000000e-99    1.787293e-99   3.809408e-100 
Mn-52              2.168234e-99    1.000000e-99    1.787293e-99   3.809408e-100 
Mn-53              8.619920e-19    1.000000e-99    6.896522e-19    1.723398e-19 
Mn-54              9.835836e-26    1.000000e-99    7.773102e-26    2.062734e-26 
Mn-55              2.397490e-07    1.099097e-07    1.975487e-07    4.220033e-08 
Mn-56              2.168234e-99    1.000000e-99    1.787293e-99   3.809408e-100 
Mn-57              2.168234e-99    1.000000e-99    1.787293e-99   3.809408e-100 
Fe-52              2.168234e-99    1.000000e-99    1.787293e-99   3.809408e-100 
Fe-53              2.168234e-99    1.000000e-99    1.787293e-99   3.809408e-100 
Fe-54              1.746167e-06    8.125526e-07    1.440293e-06    3.058733e-07 
Fe-55              5.143348e-15    1.000000e-99    3.924461e-15    1.218888e-15 
Fe-56              2.855336e-05    1.322776e-05    2.354403e-05    5.009324e-06 
Fe-57              7.070515e-07    3.109417e-07    5.807534e-07    1.262981e-07 
Fe-58              1.358852e-07    4.210661e-08    1.091271e-07    2.675813e-08 
Fe-59              9.664141e-24    1.000000e-99    7.581318e-24    2.082823e-24 
Fe-60              8.702325e-10    1.000000e-99    6.408321e-10    2.294004e-10 
Fe-61              2.168234e-99    1.000000e-99    1.787293e-99   3.809408e-100 
Co-55              2.168234e-99    1.000000e-99    1.787293e-99   3.809408e-100 
Co-56              2.168234e-99    1.000000e-99    1.787293e-99   3.809408e-100 
Co-57              1.538339e-25    1.000000e-99    1.213418e-25    3.249210e-26 
Co-58              2.168234e-99    1.000000e-99    1.787293e-99   3.809408e-100 
Co-59              9.460380e-08    3.995077e-08    7.745980e-08    1.714399e-08 
Co-60              5.969933e-20    1.000000e-99    4.327146e-20    1.642787e-20 
Co-61              2.168234e-99    1.000000e-99    1.787293e-99   3.809408e-100 
Co-62              2.168234e-99    1.000000e-99    1.787293e-99   3.809408e-100 
Co-63              2.168234e-99    1.000000e-99    1.787293e-99   3.809408e-100 
Ni-56              2.168234e-99    1.000000e-99    1.787293e-99   3.809408e-100 
Ni-57              2.168234e-99    1.000000e-99    1.787293e-99   3.809408e-100 
Ni-58              1.228738e-06    5.716115e-07    1.013486e-06    2.152521e-07 
Ni-59              1.660288e-09    1.000000e-99    1.274043e-09    3.862446e-10 
Ni-60              4.978210e-07    2.277763e-07    4.101260e-07    8.769496e-08 
Ni-61              2.520028e-08    1.006630e-08    2.057070e-08    4.629574e-09 
Ni-62              7.655539e-08    3.262192e-08    6.275682e-08    1.379858e-08 
Ni-63              1.904345e-16    1.000000e-99    1.448681e-16    4.556640e-17 
Ni-64              2.424440e-08    8.575837e-09    1.967877e-08    4.565625e-09 
Ni-65              2.168234e-99    1.000000e-99    1.787293e-99   3.809408e-100 
Ni-66              2.168234e-99    1.000000e-99    1.787293e-99   3.809408e-100 
Ni-67              2.168234e-99    1.000000e-99    1.787293e-99   3.809408e-100 
Ni-68              2.168234e-99    1.000000e-99    1.787293e-99   3.809408e-100 
Cu-60              2.168234e-99    1.000000e-99    1.787293e-99   3.809408e-100 
Cu-61              2.168234e-99    1.000000e-99    1.787293e-99   3.809408e-100 
Cu-62              2.168234e-99    1.000000e-99    1.787293e-99   3.809408e-100 
Cu-63              1.637249e-08    6.606275e-09    1.337880e-08    2.993693e-09 
Cu-64              2.168234e-99    1.000000e-99    1.787293e-99   3.809408e-100 
Cu-65              8.392498e-09    3.037412e-09    6.827408e-09    1.565090e-09 
Cu-66              2.168234e-99    1.000000e-99    1.787293e-99   3.809408e-100 
Cu-67              2.168234e-99    1.000000e-99    1.787293e-99   3.809408e-100 
Cu-68              2.168234e-99    1.000000e-99    1.787293e-99   3.809408e-100 
Cu-69              2.168234e-99    1.000000e-99    1.787293e-99   3.809408e-100 
Cu-70              2.168234e-99    1.000000e-99    1.787293e-99   3.809408e-100 
Cu-71              2.168234e-99    1.000000e-99    1.787293e-99   3.809408e-100 
Zn-62              2.168234e-99    1.000000e-99    1.787293e-99   3.809408e-100 
Zn-63              2.168234e-99    1.000000e-99    1.787293e-99   3.809408e-100 
Zn-64              2.472573e-08    1.131768e-08    2.037657e-08    4.349157e-09 
Zn-65              2.841537e-18    1.000000e-99    2.191701e-18    6.498358e-19 
Zn-66              1.602539e-08    6.696091e-09    1.313635e-08    2.889041e-09 
Zn-67              2.508002e-09    9.989226e-10    2.050574e-09    4.574283e-10 
Zn-68              1.199358e-08    4.636426e-09    9.792801e-09    2.200779e-09 
Zn-69              2.168234e-99    1.000000e-99    1.787293e-99   3.809408e-100 
Zn-70              3.417318e-10    1.578203e-10    2.816960e-10    6.003584e-11 
Zn-71              2.168234e-99    1.000000e-99    1.787293e-99   3.809408e-100 
Zn-72              2.168234e-99    1.000000e-99    1.787293e-99   3.809408e-100 
Zn-73              2.168234e-99    1.000000e-99    1.787293e-99   3.809408e-100 
Zn-74              2.168234e-99    1.000000e-99    1.787293e-99   3.809408e-100 
Ga-65              2.168234e-99    1.000000e-99    1.787293e-99   3.809408e-100 
Ga-66              2.168234e-99    1.000000e-99    1.787293e-99   3.809408e-100 
Ga-67              2.168234e-99    1.000000e-99    1.787293e-99   3.809408e-100 
Ga-68              2.168234e-99    1.000000e-99    1.787293e-99   3.809408e-100 
Ga-69              1.269268e-09    4.554638e-10    1.032818e-09    2.364503e-10 
Ga-70              2.168234e-99    1.000000e-99    1.787293e-99   3.809408e-100 
Ga-71              8.806160e-10    3.110416e-10    7.169628e-10    1.636533e-10 
Ga-72              2.168234e-99    1.000000e-99    1.787293e-99   3.809408e-100 
Ga-73              2.168234e-99    1.000000e-99    1.787293e-99   3.809408e-100 
Ga-74              2.168234e-99    1.000000e-99    1.787293e-99   3.809408e-100 
Ga-75              2.168234e-99    1.000000e-99    1.787293e-99   3.809408e-100 
Ge-66              2.168234e-99    1.000000e-99    1.787293e-99   3.809408e-100 
Ge-67              2.168234e-99    1.000000e-99    1.787293e-99   3.809408e-100 
Ge-68              2.168234e-99    1.000000e-99    1.787293e-99   3.809408e-100 
Ge-69              2.168234e-99    1.000000e-99    1.787293e-99   3.809408e-100 
Ge-70              1.567337e-09    5.161822e-10    1.270999e-09    2.963374e-10 
Ge-71              2.831669e-25    1.000000e-99    2.119739e-25    7.119301e-26 
Ge-72              2.021713e-09    6.916546e-10    1.642491e-09    3.792222e-10 
Ge-73              5.807707e-10    1.956341e-10    4.714866e-10    1.092842e-10 
Ge-74              2.993205e-09    9.236751e-10    2.421896e-09    5.713089e-10 
Ge-75              2.168234e-99    1.000000e-99    1.787293e-99   3.809408e-100 
Ge-76              4.254991e-10    1.964686e-10    3.507120e-10    7.478707e-11 
Ge-77              2.168234e-99    1.000000e-99    1.787293e-99   3.809408e-100 
Ge-78              2.168234e-99    1.000000e-99    1.787293e-99   3.809408e-100 
As-69              2.168234e-99    1.000000e-99    1.787293e-99   3.809408e-100 
As-70              2.168234e-99    1.000000e-99    1.787293e-99   3.809408e-100 
As-71              2.168234e-99    1.000000e-99    1.787293e-99   3.809408e-100 
As-72              2.168234e-99    1.000000e-99    1.787293e-99   3.809408e-100 
As-73              2.168234e-99    1.000000e-99    1.787293e-99   3.809408e-100 
As-74              2.168234e-99    1.000000e-99    1.787293e-99   3.809408e-100 
As-75              4.094183e-10    1.431312e-10    3.329549e-10    7.646342e-11 
As-76              2.168234e-99    1.000000e-99    1.787293e-99   3.809408e-100 
As-77              2.168234e-99    1.000000e-99    1.787293e-99   3.809408e-100 
As-78              2.168234e-99    1.000000e-99    1.787293e-99   3.809408e-100 
As-79              2.168234e-99    1.000000e-99    1.787293e-99   3.809408e-100 
As-80              2.168234e-99    1.000000e-99    1.787293e-99   3.809408e-100 
As-81              2.168234e-99    1.000000e-99    1.787293e-99   3.809408e-100 
Se-72              2.168234e-99    1.000000e-99    1.787293e-99   3.809408e-100 
Se-73              2.168234e-99    1.000000e-99    1.787293e-99   3.809408e-100 
Se-74              2.567809e-11    1.198965e-11    2.118499e-11    4.493099e-12 
Se-75              1.496017e-27    1.000000e-99    1.046931e-27    4.490867e-28 
Se-76              5.105438e-10    1.297302e-10    4.103764e-10    1.001673e-10 
Se-77              3.215270e-10    1.071453e-10    2.609915e-10    6.053547e-11 
Se-78              1.336510e-09    3.379353e-10    1.074505e-09    2.620047e-10 
Se-79              9.213730e-15    1.000000e-99    7.154871e-15    2.058859e-15 
Se-80              2.259909e-09    7.232795e-10    1.831423e-09    4.284861e-10 
Se-81              2.168234e-99    1.000000e-99    1.787293e-99   3.809408e-100 
Se-82              2.819553e-10    1.304821e-10    2.324585e-10    4.949678e-11 
Se-83              2.168234e-99    1.000000e-99    1.787293e-99   3.809408e-100 
Se-84              2.168234e-99    1.000000e-99    1.787293e-99   3.809408e-100 
Br-74              2.168234e-99    1.000000e-99    1.787293e-99   3.809408e-100 
Br-75              2.168234e-99    1.000000e-99    1.787293e-99   3.809408e-100 
Br-76              2.168234e-99    1.000000e-99    1.787293e-99   3.809408e-100 
Br-77              2.168234e-99    1.000000e-99    1.787293e-99   3.809408e-100 
Br-78              2.168234e-99    1.000000e-99    1.787293e-99   3.809408e-100 
Br-79              4.264605e-10    1.390555e-10    3.458590e-10    8.060149e-11 
Br-80              2.168234e-99    1.000000e-99    1.787293e-99   3.809408e-100 
Br-81              4.292048e-10    1.387166e-10    3.480275e-10    8.117731e-11 
Br-82              2.168234e-99    1.000000e-99    1.787293e-99   3.809408e-100 
Br-83              2.168234e-99    1.000000e-99    1.787293e-99   3.809408e-100 
Br-84              2.168234e-99    1.000000e-99    1.787293e-99   3.809408e-100 
Br-85              2.168234e-99    1.000000e-99    1.787293e-99   3.809408e-100 
Br-86              2.168234e-99    1.000000e-99    1.787293e-99   3.809408e-100 
Br-87              2.168234e-99    1.000000e-99    1.787293e-99   3.809408e-100 
Kr-76              2.168234e-99    1.000000e-99    1.787293e-99   3.809408e-100 
Kr-77              2.168234e-99    1.000000e-99    1.787293e-99   3.809408e-100 
Kr-78              8.360453e-12    3.903699e-12    6.897561e-12    1.462892e-12 
Kr-79              2.168234e-99    1.000000e-99    1.787293e-99   3.809408e-100 
Kr-80              6.878797e-11    2.577028e-11    5.624707e-11    1.254090e-11 
Kr-81              1.686069e-15    1.000000e-99    1.332876e-15    3.531931e-16 
Kr-82              6.424490e-10    1.320727e-10    5.140217e-10    1.284273e-10 
Kr-83              4.171799e-10    1.325358e-10    3.382338e-10    7.894613e-11 
Kr-84              2.383967e-09    6.607919e-10    1.923150e-09    4.608163e-10 
Kr-85              4.722995e-19    1.000000e-99    3.624929e-19    1.098066e-19 
Kr-86              1.992781e-09    2.046221e-10    1.565249e-09    4.275317e-10 
Kr-87              2.168234e-99    1.000000e-99    1.787293e-99   3.809408e-100 
Kr-88              2.168234e-99    1.000000e-99    1.787293e-99   3.809408e-100 
Kr-89              2.168234e-99    1.000000e-99    1.787293e-99   3.809408e-100 
Kr-90              2.168234e-99    1.000000e-99    1.787293e-99   3.809408e-100 
Rb-79              2.168234e-99    1.000000e-99    1.787293e-99   3.809408e-100 
Rb-80              2.168234e-99    1.000000e-99    1.787293e-99   3.809408e-100 
Rb-81              2.168234e-99    1.000000e-99    1.787293e-99   3.809408e-100 
Rb-82              2.168234e-99    1.000000e-99    1.787293e-99   3.809408e-100 
Rb-83              2.168234e-99    1.000000e-99    1.787293e-99   3.809408e-100 
Rb-84              2.168234e-99    1.000000e-99    1.787293e-99   3.809408e-100 
Rb-85              5.626519e-10    1.283575e-10    4.506466e-10    1.120053e-10 
Rb-86              1.493577e-25    1.000000e-99    1.183143e-25    3.104337e-26 
Rb-87              5.615022e-10    4.994339e-11    4.392688e-10    1.222334e-10 
Rb-88              2.168234e-99    1.000000e-99    1.787293e-99   3.809408e-100 
Rb-89              2.168234e-99    1.000000e-99    1.787293e-99   3.809408e-100 
Rb-90              2.168234e-99    1.000000e-99    1.787293e-99   3.809408e-100 
Rb-91              2.168234e-99    1.000000e-99    1.787293e-99   3.809408e-100 
Sr-80              2.168234e-99    1.000000e-99    1.787293e-99   3.809408e-100 
Sr-81              2.168234e-99    1.000000e-99    1.787293e-99   3.809408e-100 
Sr-82              2.168234e-99    1.000000e-99    1.787293e-99   3.809408e-100 
Sr-83              2.168234e-99    1.000000e-99    1.787293e-99   3.809408e-100 
Sr-84              6.919378e-12    3.230901e-12    5.708646e-12    1.210732e-12 
Sr-85              2.168234e-99    1.000000e-99    1.787293e-99   3.809408e-100 
Sr-86              4.134136e-10    5.849808e-11    3.291982e-10    8.421544e-11 
Sr-87              3.090581e-10    4.520083e-11    2.462508e-10    6.280725e-11 
Sr-88              5.550614e-09    5.015302e-10    4.382628e-09    1.167985e-09 
Sr-89              4.065570e-25    1.000000e-99    3.213073e-25    8.524974e-26 
Sr-90              4.393254e-19    1.000000e-99    3.315379e-19    1.077875e-19 
Sr-91              2.168234e-99    1.000000e-99    1.787293e-99   3.809408e-100 
Sr-92              2.168234e-99    1.000000e-99    1.787293e-99   3.809408e-100 
Sr-93              2.168234e-99    1.000000e-99    1.787293e-99   3.809408e-100 
Sr-94              2.168234e-99    1.000000e-99    1.787293e-99   3.809408e-100 
Y-85               2.168234e-99    1.000000e-99    1.787293e-99   3.809408e-100 
Y-86               2.168234e-99    1.000000e-99    1.787293e-99   3.809408e-100 
Y-87               2.168234e-99    1.000000e-99    1.787293e-99   3.809408e-100 
Y-88               2.168234e-99    1.000000e-99    1.787293e-99   3.809408e-100 
Y-89               1.603668e-09    1.230448e-10    1.264154e-09    3.395136e-10 
Y-90               1.117644e-22    1.000000e-99    8.434329e-23    2.742110e-23 
Y-91               2.168234e-99    1.000000e-99    1.787293e-99   3.809408e-100 
Y-92               2.168234e-99    1.000000e-99    1.787293e-99   3.809408e-100 
Y-93               2.168234e-99    1.000000e-99    1.787293e-99   3.809408e-100 
Y-94               2.168234e-99    1.000000e-99    1.787293e-99   3.809408e-100 
Y-95               2.168234e-99    1.000000e-99    1.787293e-99   3.809408e-100 
Y-96               2.168234e-99    1.000000e-99    1.787293e-99   3.809408e-100 
Zr-86              2.168234e-99    1.000000e-99    1.787293e-99   3.809408e-100 
Zr-87              2.168234e-99    1.000000e-99    1.787293e-99   3.809408e-100 
Zr-88              2.168234e-99    1.000000e-99    1.787293e-99   3.809408e-100 
Zr-89              2.168234e-99    1.000000e-99    1.787293e-99   3.809408e-100 
Zr-90              1.729992e-09    1.535741e-10    1.367219e-09    3.627731e-10 
Zr-91              4.717762e-10    3.387065e-11    3.715665e-10    1.002098e-10 
Zr-92              7.590479e-10    5.231471e-11    5.976083e-10    1.614397e-10 
Zr-93              5.112638e-13    1.000000e-99    3.991496e-13    1.121142e-13 
Zr-94              9.388038e-10    5.418147e-11    7.387353e-10    2.000684e-10 
Zr-95              4.546195e-25    1.000000e-99    3.598520e-25    9.476752e-26 
Zr-96              8.770908e-11    8.911428e-12    6.813818e-11    1.957091e-11 
Zr-97              2.168234e-99    1.000000e-99    1.787293e-99   3.809408e-100 
Zr-98              2.168234e-99    1.000000e-99    1.787293e-99   3.809408e-100 
Nb-89              2.168234e-99    1.000000e-99    1.787293e-99   3.809408e-100 
Nb-90              2.168234e-99    1.000000e-99    1.787293e-99   3.809408e-100 
Nb-91              2.168234e-99    1.000000e-99    1.787293e-99   3.809408e-100 
Nb-92              2.168234e-99    1.000000e-99    1.787293e-99   3.809408e-100 
Nb-93              2.745415e-10    1.901762e-11    2.161427e-10    5.839887e-11 
Nb-94              4.607944e-21    1.000000e-99    3.547013e-21    1.060931e-21 
Nb-95              3.196860e-25    1.000000e-99    2.528040e-25    6.688203e-26 
Nb-96              2.168234e-99    1.000000e-99    1.787293e-99   3.809408e-100 
Nb-97              2.168234e-99    1.000000e-99    1.787293e-99   3.809408e-100 
Nb-98              2.168234e-99    1.000000e-99    1.787293e-99   3.809408e-100 
Nb-99              2.168234e-99    1.000000e-99    1.787293e-99   3.809408e-100 
Mo-90              2.168234e-99    1.000000e-99    1.787293e-99   3.809408e-100 
Mo-91              2.168234e-99    1.000000e-99    1.787293e-99   3.809408e-100 
Mo-92              2.173038e-11    1.013407e-11    1.792672e-11    3.803655e-12 
Mo-93              4.319877e-20    1.000000e-99    3.349354e-20    9.705236e-21 
Mo-94              1.402498e-11    6.453319e-12    1.156308e-11    2.461900e-12 
Mo-95              1.353799e-10    1.122904e-11    1.063756e-10    2.900425e-11 
Mo-96              2.400592e-10    1.188573e-11    1.885328e-10    5.152641e-11 
Mo-97              8.446681e-11    6.881453e-12    6.661818e-11    1.784863e-11 
Mo-98              2.595456e-10    1.755936e-11    2.047844e-10    5.476123e-11 
Mo-99              2.168234e-99    1.000000e-99    1.787293e-99   3.809408e-100 
Mo-100             2.707144e-11    7.152491e-12    2.167662e-11    5.394818e-12 
Mo-101             2.168234e-99    1.000000e-99    1.787293e-99   3.809408e-100 
Mo-102             2.168234e-99    1.000000e-99    1.787293e-99   3.809408e-100 
Tc-93              2.168234e-99    1.000000e-99    1.787293e-99   3.809408e-100 
Tc-94              2.168234e-99    1.000000e-99    1.787293e-99   3.809408e-100 
Tc-95              2.168234e-99    1.000000e-99    1.787293e-99   3.809408e-100 
Tc-96              2.168234e-99    1.000000e-99    1.787293e-99   3.809408e-100 
Tc-97              6.170004e-19    1.000000e-99    4.895168e-19    1.274836e-19 
Tc-98              1.813453e-18    1.000000e-99    1.424418e-18    3.890348e-19 
Tc-99              8.542462e-15    1.000000e-99    6.684348e-15    1.858114e-15 
Tc-100             2.168234e-99    1.000000e-99    1.787293e-99   3.809408e-100 
Tc-101             2.168234e-99    1.000000e-99    1.787293e-99   3.809408e-100 
Tc-102             2.168234e-99    1.000000e-99    1.787293e-99   3.809408e-100 
Tc-103             2.168234e-99    1.000000e-99    1.787293e-99   3.809408e-100 
Tc-104             2.168234e-99    1.000000e-99    1.787293e-99   3.809408e-100 
Tc-105             2.168234e-99    1.000000e-99    1.787293e-99   3.809408e-100 
Ru-94              2.168234e-99    1.000000e-99    1.787293e-99   3.809408e-100 
Ru-95              2.168234e-99    1.000000e-99    1.787293e-99   3.809408e-100 
Ru-96              6.271822e-12    2.928269e-12    5.174378e-12    1.097444e-12 
Ru-97              2.168234e-99    1.000000e-99    1.787293e-99   3.809408e-100 
Ru-98              2.161155e-12    1.008004e-12    1.782901e-12    3.782539e-13 
Ru-99              4.418178e-11    6.951645e-12    3.521080e-11    8.970979e-12 
Ru-100             1.176851e-10    6.934131e-12    9.286176e-11    2.482335e-11 
Ru-101             4.370697e-11    9.483608e-12    3.508127e-11    8.625708e-12 
Ru-102             1.877720e-10    1.771328e-11    1.486378e-10    3.913423e-11 
Ru-103             3.978177e-27    1.000000e-99    3.173712e-27    8.044656e-28 
Ru-104             3.152173e-11    1.065883e-11    2.551347e-11    6.008261e-12 
Ru-105             2.168234e-99    1.000000e-99    1.787293e-99   3.809408e-100 
Ru-106             2.168234e-99    1.000000e-99    1.787293e-99   3.809408e-100 
Rh-98              2.168234e-99    1.000000e-99    1.787293e-99   3.809408e-100 
Rh-99              2.168234e-99    1.000000e-99    1.787293e-99   3.809408e-100 
Rh-100             2.168234e-99    1.000000e-99    1.787293e-99   3.809408e-100 
Rh-101             2.168234e-99    1.000000e-99    1.787293e-99   3.809408e-100 
Rh-102             2.168234e-99    1.000000e-99    1.787293e-99   3.809408e-100 
Rh-103             4.954127e-11    1.055627e-11    3.973886e-11    9.802404e-12 
Rh-104             2.168234e-99    1.000000e-99    1.787293e-99   3.809408e-100 
Rh-105             2.168234e-99    1.000000e-99    1.787293e-99   3.809408e-100 
Rh-106             2.168234e-99    1.000000e-99    1.787293e-99   3.809408e-100 
Rh-107             2.168234e-99    1.000000e-99    1.787293e-99   3.809408e-100 
Rh-108             2.168234e-99    1.000000e-99    1.787293e-99   3.809408e-100 
Pd-99              2.168234e-99    1.000000e-99    1.787293e-99   3.809408e-100 
Pd-100             2.168234e-99    1.000000e-99    1.787293e-99   3.809408e-100 
Pd-101             2.168234e-99    1.000000e-99    1.787293e-99   3.809408e-100 
Pd-102             9.091103e-13    4.244959e-13    7.500369e-13    1.590734e-13 
Pd-103             2.168234e-99    1.000000e-99    1.787293e-99   3.809408e-100 
Pd-104             8.957621e-11    4.727067e-12    7.060120e-11    1.897501e-11 
Pd-105             4.219675e-11    9.566459e-12    3.389339e-11    8.303352e-12 
Pd-106             1.237773e-10    1.182003e-11    9.792967e-11    2.584759e-11 
Pd-107             1.773701e-13    1.000000e-99    1.388018e-13    3.856829e-14 
Pd-108             1.504305e-10    1.165968e-11    1.187591e-10    3.167135e-11 
Pd-109             2.168234e-99    1.000000e-99    1.787293e-99   3.809408e-100 
Pd-110             2.264158e-11    5.260094e-12    1.801386e-11    4.627728e-12 
Pd-111             2.168234e-99    1.000000e-99    1.787293e-99   3.809408e-100 
Pd-112             2.168234e-99    1.000000e-99    1.787293e-99   3.809408e-100 
Ag-101             2.168234e-99    1.000000e-99    1.787293e-99   3.809408e-100 
Ag-102             2.168234e-99    1.000000e-99    1.787293e-99   3.809408e-100 
Ag-103             2.168234e-99    1.000000e-99    1.787293e-99   3.809408e-100 
Ag-104             2.168234e-99    1.000000e-99    1.787293e-99   3.809408e-100 
Ag-105             2.168234e-99    1.000000e-99    1.787293e-99   3.809408e-100 
Ag-106             2.168234e-99    1.000000e-99    1.787293e-99   3.809408e-100 
Ag-107             3.616973e-11    7.847210e-12    2.901853e-11    7.151204e-12 
Ag-108             2.168234e-99    1.000000e-99    1.787293e-99   3.809408e-100 
Ag-109             5.199539e-11    7.426657e-12    4.135507e-11    1.064032e-11 
Ag-110             2.168234e-99    1.000000e-99    1.787293e-99   3.809408e-100 
Ag-111             2.168234e-99    1.000000e-99    1.787293e-99   3.809408e-100 
Ag-112             2.168234e-99    1.000000e-99    1.787293e-99   3.809408e-100 
Ag-113             2.168234e-99    1.000000e-99    1.787293e-99   3.809408e-100 
Cd-102             2.168234e-99    1.000000e-99    1.787293e-99   3.809408e-100 
Cd-103             2.168234e-99    1.000000e-99    1.787293e-99   3.809408e-100 
Cd-104             2.168234e-99    1.000000e-99    1.787293e-99   3.809408e-100 
Cd-105             2.168234e-99    1.000000e-99    1.787293e-99   3.809408e-100 
Cd-106             1.360312e-12    6.351687e-13    1.122288e-12    2.380238e-13 
Cd-107             2.168234e-99    1.000000e-99    1.787293e-99   3.809408e-100 
Cd-108             9.953179e-13    4.607729e-13    8.208936e-13    1.744244e-13 
Cd-109             1.437958e-25    1.000000e-99    1.117975e-25    3.199831e-26 
Cd-110             1.175467e-10    6.586100e-12    9.263584e-11    2.491089e-11 
Cd-111             5.136014e-11    6.810926e-12    4.079484e-11    1.056530e-11 
Cd-112             1.685935e-10    1.295533e-11    1.330301e-10    3.556343e-11 
Cd-113             5.574952e-11    6.619464e-12    4.420900e-11    1.154051e-11 
Cd-114             2.427036e-10    1.570051e-11    1.912294e-10    5.147418e-11 
Cd-115             2.935695e-25    1.000000e-99    2.324273e-25    6.114217e-26 
Cd-116             3.358751e-11    4.164981e-12    2.623409e-11    7.353412e-12 
Cd-117             2.168234e-99    1.000000e-99    1.787293e-99   3.809408e-100 
Cd-118             2.168234e-99    1.000000e-99    1.787293e-99   3.809408e-100 
In-106             2.168234e-99    1.000000e-99    1.787293e-99   3.809408e-100 
In-107             2.168234e-99    1.000000e-99    1.787293e-99   3.809408e-100 
In-108             2.168234e-99    1.000000e-99    1.787293e-99   3.809408e-100 
In-109             2.168234e-99    1.000000e-99    1.787293e-99   3.809408e-100 
In-110             2.168234e-99    1.000000e-99    1.787293e-99   3.809408e-100 
In-111             2.168234e-99    1.000000e-99    1.787293e-99   3.809408e-100 
In-112             2.168234e-99    1.000000e-99    1.787293e-99   3.809408e-100 
In-113             5.582966e-13    2.606197e-13    4.606019e-13    9.769465e-14 
In-114             2.168234e-99    1.000000e-99    1.787293e-99   3.809408e-100 
In-115             5.436220e-11    5.920205e-12    4.303933e-11    1.132287e-11 
In-116             2.168234e-99    1.000000e-99    1.787293e-99   3.809408e-100 
In-117             2.168234e-99    1.000000e-99    1.787293e-99   3.809408e-100 
In-118             2.168234e-99    1.000000e-99    1.787293e-99   3.809408e-100 
In-119             2.168234e-99    1.000000e-99    1.787293e-99   3.809408e-100 
Sn-108             2.168234e-99    1.000000e-99    1.787293e-99   3.809408e-100 
Sn-109             2.168234e-99    1.000000e-99    1.787293e-99   3.809408e-100 
Sn-110             2.168234e-99    1.000000e-99    1.787293e-99   3.809408e-100 
Sn-111             2.168234e-99    1.000000e-99    1.787293e-99   3.809408e-100 
Sn-112             2.617523e-12    1.222110e-12    2.159509e-12    4.580139e-13 
Sn-113             2.168234e-99    1.000000e-99    1.787293e-99   3.809408e-100 
Sn-114             1.811231e-12    8.442352e-13    1.494169e-12    3.170629e-13 
Sn-115             9.401897e-13    4.381068e-13    7.755921e-13    1.645976e-13 
Sn-116             3.096177e-10    1.894855e-11    2.440919e-10    6.552578e-11 
Sn-117             1.106705e-10    1.009239e-11    8.745451e-11    2.321595e-11 
Sn-118             5.043074e-10    3.212056e-11    3.971985e-10    1.071089e-10 
Sn-119             1.571728e-10    1.148049e-11    1.239421e-10    3.323074e-11 
Sn-120             7.872789e-10    4.395201e-11    6.195032e-10    1.677756e-10 
Sn-121             2.168234e-99    1.000000e-99    1.787293e-99   3.809408e-100 
Sn-122             7.365759e-11    6.346294e-12    5.732647e-11    1.633112e-11 
Sn-123             4.293309e-27    1.000000e-99    3.421152e-27    8.721566e-28 
Sn-124             1.773283e-11    8.066747e-12    1.458956e-11    3.143269e-12 
Sn-125             2.168234e-99    1.000000e-99    1.787293e-99   3.809408e-100 
Sn-126             6.267211e-20    1.000000e-99    4.272103e-20    1.995107e-20 
Sn-127             2.168234e-99    1.000000e-99    1.787293e-99   3.809408e-100 
Sn-128             2.168234e-99    1.000000e-99    1.787293e-99   3.809408e-100 
Sn-129             2.168234e-99    1.000000e-99    1.787293e-99   3.809408e-100 
Sn-130             2.168234e-99    1.000000e-99    1.787293e-99   3.809408e-100 
Sb-112             2.168234e-99    1.000000e-99    1.787293e-99   3.809408e-100 
Sb-113             2.168234e-99    1.000000e-99    1.787293e-99   3.809408e-100 
Sb-114             2.168234e-99    1.000000e-99    1.787293e-99   3.809408e-100 
Sb-115             2.168234e-99    1.000000e-99    1.787293e-99   3.809408e-100 
Sb-116             2.168234e-99    1.000000e-99    1.787293e-99   3.809408e-100 
Sb-117             2.168234e-99    1.000000e-99    1.787293e-99   3.809408e-100 
Sb-118             2.168234e-99    1.000000e-99    1.787293e-99   3.809408e-100 
Sb-119             2.168234e-99    1.000000e-99    1.787293e-99   3.809408e-100 
Sb-120             2.168234e-99    1.000000e-99    1.787293e-99   3.809408e-100 
Sb-121             6.763614e-11    6.323438e-12    5.343149e-11    1.420466e-11 
Sb-122             2.168234e-99    1.000000e-99    1.787293e-99   3.809408e-100 
Sb-123             2.045694e-11    4.807264e-12    1.631140e-11    4.145534e-12 
Sb-124             2.168234e-99    1.000000e-99    1.787293e-99   3.809408e-100 
Sb-125             1.061160e-24    1.000000e-99    7.553286e-25    3.058317e-25 
Sb-126             3.566818e-26    1.000000e-99    2.430751e-26    1.136066e-26 
Sb-127             2.168234e-99    1.000000e-99    1.787293e-99   3.809408e-100 
Sb-128             2.168234e-99    1.000000e-99    1.787293e-99   3.809408e-100 
Sb-129             2.168234e-99    1.000000e-99    1.787293e-99   3.809408e-100 
Sb-130             2.168234e-99    1.000000e-99    1.787293e-99   3.809408e-100 
Sb-131             2.168234e-99    1.000000e-99    1.787293e-99   3.809408e-100 
Sb-132             2.168234e-99    1.000000e-99    1.787293e-99   3.809408e-100 
Sb-133             2.168234e-99    1.000000e-99    1.787293e-99   3.809408e-100 
Te-114             2.168234e-99    1.000000e-99    1.787293e-99   3.809408e-100 
Te-115             2.168234e-99    1.000000e-99    1.787293e-99   3.809408e-100 
Te-116             2.168234e-99    1.000000e-99    1.787293e-99   3.809408e-100 
Te-117             2.168234e-99    1.000000e-99    1.787293e-99   3.809408e-100 
Te-118             2.168234e-99    1.000000e-99    1.787293e-99   3.809408e-100 
Te-119             2.168234e-99    1.000000e-99    1.787293e-99   3.809408e-100 
Te-120             3.490313e-13    1.629768e-13    2.879589e-13    6.107237e-14 
Te-121             2.168234e-99    1.000000e-99    1.787293e-99   3.809408e-100 
Te-122             9.548361e-11    4.492698e-12    7.512372e-11    2.035989e-11 
Te-123             3.338161e-11    1.579939e-12    2.627950e-11    7.102104e-12 
Te-124             1.885862e-10    8.448534e-12    1.482572e-10    4.032906e-11 
Te-125             8.357308e-11    1.262469e-11    6.653233e-11    1.704076e-11 
Te-126             3.972207e-10    3.378304e-11    3.139109e-10    8.330977e-11 
Te-127             2.168234e-99    1.000000e-99    1.787293e-99   3.809408e-100 
Te-128             1.561848e-10    5.738049e-11    1.270933e-10    2.909145e-11 
Te-129             2.168234e-99    1.000000e-99    1.787293e-99   3.809408e-100 
Te-130             1.341301e-10    6.216134e-11    1.105952e-10    2.353493e-11 
Te-131             2.168234e-99    1.000000e-99    1.787293e-99   3.809408e-100 
Te-132             2.168234e-99    1.000000e-99    1.787293e-99   3.809408e-100 
Te-133             2.168234e-99    1.000000e-99    1.787293e-99   3.809408e-100 
Te-134             2.168234e-99    1.000000e-99    1.787293e-99   3.809408e-100 
I-117              2.168234e-99    1.000000e-99    1.787293e-99   3.809408e-100 
I-118              2.168234e-99    1.000000e-99    1.787293e-99   3.809408e-100 
I-119              2.168234e-99    1.000000e-99    1.787293e-99   3.809408e-100 
I-120              2.168234e-99    1.000000e-99    1.787293e-99   3.809408e-100 
I-121              2.168234e-99    1.000000e-99    1.787293e-99   3.809408e-100 
I-122              2.168234e-99    1.000000e-99    1.787293e-99   3.809408e-100 
I-123              2.168234e-99    1.000000e-99    1.787293e-99   3.809408e-100 
I-124              2.168234e-99    1.000000e-99    1.787293e-99   3.809408e-100 
I-125              2.168234e-99    1.000000e-99    1.787293e-99   3.809408e-100 
I-126              2.168234e-99    1.000000e-99    1.787293e-99   3.809408e-100 
I-127              7.427635e-11    1.460417e-11    5.944869e-11    1.482767e-11 
I-128              2.168234e-99    1.000000e-99    1.787293e-99   3.809408e-100 
I-129              6.843152e-15    1.000000e-99    5.116106e-15    1.727046e-15 
I-130              2.168234e-99    1.000000e-99    1.787293e-99   3.809408e-100 
I-131              2.168234e-99    1.000000e-99    1.787293e-99   3.809408e-100 
I-132              2.168234e-99    1.000000e-99    1.787293e-99   3.809408e-100 
I-133              2.168234e-99    1.000000e-99    1.787293e-99   3.809408e-100 
I-134              2.168234e-99    1.000000e-99    1.787293e-99   3.809408e-100 
I-135              2.168234e-99    1.000000e-99    1.787293e-99   3.809408e-100 
Xe-118             2.168234e-99    1.000000e-99    1.787293e-99   3.809408e-100 
Xe-119             2.168234e-99    1.000000e-99    1.787293e-99   3.809408e-100 
Xe-120             2.168234e-99    1.000000e-99    1.787293e-99   3.809408e-100 
Xe-121             2.168234e-99    1.000000e-99    1.787293e-99   3.809408e-100 
Xe-122             2.168234e-99    1.000000e-99    1.787293e-99   3.809408e-100 
Xe-123             2.168234e-99    1.000000e-99    1.787293e-99   3.809408e-100 
Xe-124             4.736113e-13    2.211488e-13    3.907403e-13    8.287095e-14 
Xe-125             2.168234e-99    1.000000e-99    1.787293e-99   3.809408e-100 
Xe-126             4.178434e-13    1.951020e-13    3.447302e-13    7.311321e-14 
Xe-127             2.168234e-99    1.000000e-99    1.787293e-99   3.809408e-100 
Xe-128             1.108383e-10    3.946281e-12    8.712221e-11    2.371612e-11 
Xe-129             1.488789e-10    4.897376e-11    1.209364e-10    2.794249e-11 
Xe-130             2.367816e-10    7.872101e-12    1.860007e-10    5.078086e-11 
Xe-131             1.690435e-10    3.948217e-11    1.358648e-10    3.317865e-11 
Xe-132             5.537319e-10    4.810526e-11    4.374878e-10    1.162440e-10 
Xe-133             4.986030e-27    1.000000e-99    3.967893e-27    1.018137e-27 
Xe-134             8.060598e-11    1.789596e-11    6.389337e-11    1.671261e-11 
Xe-135             2.168234e-99    1.000000e-99    1.787293e-99   3.809408e-100 
Xe-136             3.284971e-11    1.479745e-11    2.702950e-11    5.820209e-12 
Xe-137             2.168234e-99    1.000000e-99    1.787293e-99   3.809408e-100 
Xe-138             2.168234e-99    1.000000e-99    1.787293e-99   3.809408e-100 
Cs-123             2.168234e-99    1.000000e-99    1.787293e-99   3.809408e-100 
Cs-124             2.168234e-99    1.000000e-99    1.787293e-99   3.809408e-100 
Cs-125             2.168234e-99    1.000000e-99    1.787293e-99   3.809408e-100 
Cs-126             2.168234e-99    1.000000e-99    1.787293e-99   3.809408e-100 
Cs-127             2.168234e-99    1.000000e-99    1.787293e-99   3.809408e-100 
Cs-128             2.168234e-99    1.000000e-99    1.787293e-99   3.809408e-100 
Cs-129             2.168234e-99    1.000000e-99    1.787293e-99   3.809408e-100 
Cs-130             2.168234e-99    1.000000e-99    1.787293e-99   3.809408e-100 
Cs-131             2.168234e-99    1.000000e-99    1.787293e-99   3.809408e-100 
Cs-132             2.168234e-99    1.000000e-99    1.787293e-99   3.809408e-100 
Cs-133             9.265296e-11    1.427331e-11    7.373043e-11    1.892253e-11 
Cs-134             1.430620e-23    1.000000e-99    1.099983e-23    3.306364e-24 
Cs-135             1.448852e-13    1.000000e-99    1.118969e-13    3.298823e-14 
Cs-136             1.253296e-26    1.000000e-99    9.966124e-27    2.566840e-27 
Cs-137             5.657457e-19    1.000000e-99    4.230611e-19    1.426846e-19 
Cs-138             2.168234e-99    1.000000e-99    1.787293e-99   3.809408e-100 
Cs-139             2.168234e-99    1.000000e-99    1.787293e-99   3.809408e-100 
Ba-124             2.168234e-99    1.000000e-99    1.787293e-99   3.809408e-100 
Ba-125             2.168234e-99    1.000000e-99    1.787293e-99   3.809408e-100 
Ba-126             2.168234e-99    1.000000e-99    1.787293e-99   3.809408e-100 
Ba-127             2.168234e-99    1.000000e-99    1.787293e-99   3.809408e-100 
Ba-128             2.168234e-99    1.000000e-99    1.787293e-99   3.809408e-100 
Ba-129             2.168234e-99    1.000000e-99    1.787293e-99   3.809408e-100 
Ba-130             3.889011e-13    1.815943e-13    3.208524e-13    6.804864e-14 
Ba-131             2.168234e-99    1.000000e-99    1.787293e-99   3.809408e-100 
Ba-132             3.777233e-13    1.763712e-13    3.116303e-13    6.609296e-14 
Ba-133             2.168234e-99    1.000000e-99    1.787293e-99   3.809408e-100 
Ba-134             1.569354e-10    4.276167e-12    1.233939e-10    3.354144e-11 
Ba-135             1.182884e-10    1.174963e-11    9.329996e-11    2.498846e-11 
Ba-136             4.915177e-10    1.410093e-11    3.861344e-10    1.053833e-10 
Ba-137             4.541077e-10    2.031659e-11    3.563224e-10    9.778531e-11 
Ba-138             6.288733e-09    1.306368e-10    4.927251e-09    1.361482e-09 
Ba-139             2.168234e-99    1.000000e-99    1.787293e-99   3.809408e-100 
Ba-140             2.168234e-99    1.000000e-99    1.787293e-99   3.809408e-100 
Ba-141             2.168234e-99    1.000000e-99    1.787293e-99   3.809408e-100 
Ba-142             2.168234e-99    1.000000e-99    1.787293e-99   3.809408e-100 
La-127             2.168234e-99    1.000000e-99    1.787293e-99   3.809408e-100 
La-128             2.168234e-99    1.000000e-99    1.787293e-99   3.809408e-100 
La-129             2.168234e-99    1.000000e-99    1.787293e-99   3.809408e-100 
La-130             2.168234e-99    1.000000e-99    1.787293e-99   3.809408e-100 
La-131             2.168234e-99    1.000000e-99    1.787293e-99   3.809408e-100 
La-132             2.168234e-99    1.000000e-99    1.787293e-99   3.809408e-100 
La-133             2.168234e-99    1.000000e-99    1.787293e-99   3.809408e-100 
La-134             2.168234e-99    1.000000e-99    1.787293e-99   3.809408e-100 
La-135             2.168234e-99    1.000000e-99    1.787293e-99   3.809408e-100 
La-136             2.168234e-99    1.000000e-99    1.787293e-99   3.809408e-100 
La-137             3.807358e-24    1.000000e-99    1.983068e-24    1.824290e-24 
La-138             3.420868e-14    1.604563e-14    2.822314e-14    5.985542e-15 
La-139             7.652610e-10    1.791828e-11    5.997103e-10    1.655507e-10 
La-140             2.168234e-99    1.000000e-99    1.787293e-99   3.809408e-100 
La-141             2.168234e-99    1.000000e-99    1.787293e-99   3.809408e-100 
La-142             2.168234e-99    1.000000e-99    1.787293e-99   3.809408e-100 
La-143             2.168234e-99    1.000000e-99    1.787293e-99   3.809408e-100 
Ce-130             2.168234e-99    1.000000e-99    1.787293e-99   3.809408e-100 
Ce-131             2.168234e-99    1.000000e-99    1.787293e-99   3.809408e-100 
Ce-132             2.168234e-99    1.000000e-99    1.787293e-99   3.809408e-100 
Ce-133             2.168234e-99    1.000000e-99    1.787293e-99   3.809408e-100 
Ce-134             2.168234e-99    1.000000e-99    1.787293e-99   3.809408e-100 
Ce-135             2.168234e-99    1.000000e-99    1.787293e-99   3.809408e-100 
Ce-136             1.796698e-13    8.389287e-14    1.482316e-13    3.143816e-14 
Ce-137             2.168234e-99    1.000000e-99    1.787293e-99   3.809408e-100 
Ce-138             2.461367e-13    1.148776e-13    2.030663e-13    4.307040e-14 
Ce-139             2.168234e-99    1.000000e-99    1.787293e-99   3.809408e-100 
Ce-140             2.320939e-09    4.106711e-11    1.818273e-09    5.026658e-10 
Ce-141             1.726519e-25    1.000000e-99    1.367997e-25    3.585213e-26 
Ce-142             8.046370e-11    5.233978e-12    6.206482e-11    1.839888e-11 
Ce-143             2.168234e-99    1.000000e-99    1.787293e-99   3.809408e-100 
Ce-144             2.168234e-99    1.000000e-99    1.787293e-99   3.809408e-100 
Ce-145             2.168234e-99    1.000000e-99    1.787293e-99   3.809408e-100 
Ce-146             2.168234e-99    1.000000e-99    1.787293e-99   3.809408e-100 
Pr-133             2.168234e-99    1.000000e-99    1.787293e-99   3.809408e-100 
Pr-134             2.168234e-99    1.000000e-99    1.787293e-99   3.809408e-100 
Pr-135             2.168234e-99    1.000000e-99    1.787293e-99   3.809408e-100 
Pr-136             2.168234e-99    1.000000e-99    1.787293e-99   3.809408e-100 
Pr-137             2.168234e-99    1.000000e-99    1.787293e-99   3.809408e-100 
Pr-138             2.168234e-99    1.000000e-99    1.787293e-99   3.809408e-100 
Pr-139             2.168234e-99    1.000000e-99    1.787293e-99   3.809408e-100 
Pr-140             2.168234e-99    1.000000e-99    1.787293e-99   3.809408e-100 
Pr-141             2.418255e-10    6.916594e-12    1.893076e-10    5.251795e-11 
Pr-142             2.168234e-99    1.000000e-99    1.787293e-99   3.809408e-100 
Pr-143             3.957732e-27    1.000000e-99    3.151663e-27    8.060697e-28 
Pr-144             2.168234e-99    1.000000e-99    1.787293e-99   3.809408e-100 
Pr-145             2.168234e-99    1.000000e-99    1.787293e-99   3.809408e-100 
Pr-146             2.168234e-99    1.000000e-99    1.787293e-99   3.809408e-100 
Pr-147             2.168234e-99    1.000000e-99    1.787293e-99   3.809408e-100 
Pr-148             2.168234e-99    1.000000e-99    1.787293e-99   3.809408e-100 
Pr-149             2.168234e-99    1.000000e-99    1.787293e-99   3.809408e-100 
Nd-134             2.168234e-99    1.000000e-99    1.787293e-99   3.809408e-100 
Nd-135             2.168234e-99    1.000000e-99    1.787293e-99   3.809408e-100 
Nd-136             2.168234e-99    1.000000e-99    1.787293e-99   3.809408e-100 
Nd-137             2.168234e-99    1.000000e-99    1.787293e-99   3.809408e-100 
Nd-138             2.168234e-99    1.000000e-99    1.787293e-99   3.809408e-100 
Nd-139             2.168234e-99    1.000000e-99    1.787293e-99   3.809408e-100 
Nd-140             2.168234e-99    1.000000e-99    1.787293e-99   3.809408e-100 
Nd-141             2.168234e-99    1.000000e-99    1.787293e-99   3.809408e-100 
Nd-142             6.168942e-10    9.928675e-12    4.842071e-10    1.326872e-10 
Nd-143             1.042523e-10    4.487588e-12    8.184032e-11    2.241198e-11 
Nd-144             3.326148e-10    8.834047e-12    2.605341e-10    7.208067e-11 
Nd-145             6.471385e-11    3.098270e-12    5.081087e-11    1.390298e-11 
Nd-146             3.018527e-10    6.453515e-12    2.363708e-10    6.548183e-11 
Nd-147             2.445891e-26    1.000000e-99    1.946738e-26    4.991537e-27 
Nd-148             4.084305e-11    2.186990e-12    3.176688e-11    9.076168e-12 
Nd-149             2.168234e-99    1.000000e-99    1.787293e-99   3.809408e-100 
Nd-150             5.069126e-12    2.170205e-12    4.147522e-12    9.216044e-13 
Nd-151             2.168234e-99    1.000000e-99    1.787293e-99   3.809408e-100 
Nd-152             2.168234e-99    1.000000e-99    1.787293e-99   3.809408e-100 
Pm-137             2.168234e-99    1.000000e-99    1.787293e-99   3.809408e-100 
Pm-138             2.168234e-99    1.000000e-99    1.787293e-99   3.809408e-100 
Pm-139             2.168234e-99    1.000000e-99    1.787293e-99   3.809408e-100 
Pm-140             2.168234e-99    1.000000e-99    1.787293e-99   3.809408e-100 
Pm-141             2.168234e-99    1.000000e-99    1.787293e-99   3.809408e-100 
Pm-142             2.168234e-99    1.000000e-99    1.787293e-99   3.809408e-100 
Pm-143             2.168234e-99    1.000000e-99    1.787293e-99   3.809408e-100 
Pm-144             2.168234e-99    1.000000e-99    1.787293e-99   3.809408e-100 
Pm-145             4.909252e-25    1.000000e-99    3.769187e-25    1.140066e-25 
Pm-146             2.168234e-99    1.000000e-99    1.787293e-99   3.809408e-100 
Pm-147             2.163825e-22    1.000000e-99    1.581597e-22    5.822288e-23 
Pm-148             2.168234e-99    1.000000e-99    1.787293e-99   3.809408e-100 
Pm-149             2.168234e-99    1.000000e-99    1.787293e-99   3.809408e-100 
Pm-150             2.168234e-99    1.000000e-99    1.787293e-99   3.809408e-100 
Pm-151             2.168234e-99    1.000000e-99    1.787293e-99   3.809408e-100 
Pm-152             2.168234e-99    1.000000e-99    1.787293e-99   3.809408e-100 
Pm-153             2.168234e-99    1.000000e-99    1.787293e-99   3.809408e-100 
Pm-154             2.168234e-99    1.000000e-99    1.787293e-99   3.809408e-100 
Sm-140             2.168234e-99    1.000000e-99    1.787293e-99   3.809408e-100 
Sm-141             2.168234e-99    1.000000e-99    1.787293e-99   3.809408e-100 
Sm-142             2.168234e-99    1.000000e-99    1.787293e-99   3.809408e-100 
Sm-143             2.168234e-99    1.000000e-99    1.787293e-99   3.809408e-100 
Sm-144             7.903058e-13    3.686844e-13    6.519867e-13    1.383190e-13 
Sm-145             2.168234e-99    1.000000e-99    1.787293e-99   3.809408e-100 
Sm-146             3.005842e-16    1.000000e-99    2.332508e-16    6.733338e-17 
Sm-147             3.585233e-11    1.836076e-12    2.813977e-11    7.712559e-12 
Sm-148             7.383231e-11    1.385876e-12    5.807759e-11    1.575473e-11 
Sm-149             1.644308e-11    1.715272e-12    1.300306e-11    3.440022e-12 
Sm-150             6.024127e-11    9.221409e-13    4.715922e-11    1.308205e-11 
Sm-151             4.563734e-19    1.000000e-99    3.536216e-19    1.027518e-19 
Sm-152             5.765742e-11    3.386198e-12    4.533882e-11    1.231860e-11 
Sm-153             2.168234e-99    1.000000e-99    1.787293e-99   3.809408e-100 
Sm-154             2.125650e-11    2.918862e-12    1.670047e-11    4.556036e-12 
Sm-155             2.168234e-99    1.000000e-99    1.787293e-99   3.809408e-100 
Sm-156             2.168234e-99    1.000000e-99    1.787293e-99   3.809408e-100 
Sm-157             2.168234e-99    1.000000e-99    1.787293e-99   3.809408e-100 
Sm-158             2.168234e-99    1.000000e-99    1.787293e-99   3.809408e-100 
Eu-143             2.168234e-99    1.000000e-99    1.787293e-99   3.809408e-100 
Eu-144             2.168234e-99    1.000000e-99    1.787293e-99   3.809408e-100 
Eu-145             2.168234e-99    1.000000e-99    1.787293e-99   3.809408e-100 
Eu-146             2.168234e-99    1.000000e-99    1.787293e-99   3.809408e-100 
Eu-147             2.168234e-99    1.000000e-99    1.787293e-99   3.809408e-100 
Eu-148             2.168234e-99    1.000000e-99    1.787293e-99   3.809408e-100 
Eu-149             2.168234e-99    1.000000e-99    1.787293e-99   3.809408e-100 
Eu-150             2.168234e-99    1.000000e-99    1.787293e-99   3.809408e-100 
Eu-151             1.262074e-11    2.037834e-12    1.004548e-11    2.575260e-12 
Eu-152             8.879325e-23    1.000000e-99    6.917014e-23    1.962310e-23 
Eu-153             1.452716e-11    2.253990e-12    1.155348e-11    2.973680e-12 
Eu-154             1.442157e-22    1.000000e-99    1.089539e-22    3.526178e-23 
Eu-155             2.847262e-22    1.000000e-99    2.093360e-22    7.539019e-23 
Eu-156             2.168234e-99    1.000000e-99    1.787293e-99   3.809408e-100 
Eu-157             2.168234e-99    1.000000e-99    1.787293e-99   3.809408e-100 
Eu-158             2.168234e-99    1.000000e-99    1.787293e-99   3.809408e-100 
Eu-159             2.168234e-99    1.000000e-99    1.787293e-99   3.809408e-100 
Gd-144             2.168234e-99    1.000000e-99    1.787293e-99   3.809408e-100 
Gd-145             2.168234e-99    1.000000e-99    1.787293e-99   3.809408e-100 
Gd-146             2.168234e-99    1.000000e-99    1.787293e-99   3.809408e-100 
Gd-147             2.168234e-99    1.000000e-99    1.787293e-99   3.809408e-100 
Gd-148             2.168234e-99    1.000000e-99    1.787293e-99   3.809408e-100 
Gd-149             2.168234e-99    1.000000e-99    1.787293e-99   3.809408e-100 
Gd-150             2.168234e-99    1.000000e-99    1.787293e-99   3.809408e-100 
Gd-151             2.168234e-99    1.000000e-99    1.787293e-99   3.809408e-100 
Gd-152             1.502872e-12    2.949842e-14    1.185095e-12    3.177770e-13 
Gd-153             1.472327e-24    1.000000e-99    1.129091e-24    3.432357e-25 
Gd-154             2.213713e-11    3.212400e-13    1.735303e-11    4.784093e-12 
Gd-155             1.614377e-11    2.194122e-12    1.278641e-11    3.357357e-12 
Gd-156             4.982262e-11    3.053791e-12    3.917190e-11    1.065073e-11 
Gd-157             2.476569e-11    2.350375e-12    1.954773e-11    5.217958e-12 
Gd-158             8.740186e-11    3.753092e-12    6.858357e-11    1.881829e-11 
Gd-159             2.168234e-99    1.000000e-99    1.787293e-99   3.809408e-100 
Gd-160             1.773343e-11    3.345899e-12    1.400467e-11    3.728761e-12 
Gd-161             2.168234e-99    1.000000e-99    1.787293e-99   3.809408e-100 
Gd-162             2.168234e-99    1.000000e-99    1.787293e-99   3.809408e-100 
Tb-147             2.168234e-99    1.000000e-99    1.787293e-99   3.809408e-100 
Tb-148             2.168234e-99    1.000000e-99    1.787293e-99   3.809408e-100 
Tb-149             2.168234e-99    1.000000e-99    1.787293e-99   3.809408e-100 
Tb-150             2.168234e-99    1.000000e-99    1.787293e-99   3.809408e-100 
Tb-151             2.168234e-99    1.000000e-99    1.787293e-99   3.809408e-100 
Tb-152             2.168234e-99    1.000000e-99    1.787293e-99   3.809408e-100 
Tb-153             2.168234e-99    1.000000e-99    1.787293e-99   3.809408e-100 
Tb-154             2.168234e-99    1.000000e-99    1.787293e-99   3.809408e-100 
Tb-155             2.168234e-99    1.000000e-99    1.787293e-99   3.809408e-100 
Tb-156             2.168234e-99    1.000000e-99    1.787293e-99   3.809408e-100 
Tb-157             1.930849e-20    1.000000e-99    1.522756e-20    4.080929e-21 
Tb-158             1.699675e-21    1.000000e-99    1.331707e-21    3.679676e-22 
Tb-159             2.307344e-11    2.767390e-12    1.826640e-11    4.807047e-12 
Tb-160             5.415098e-25    1.000000e-99    4.282875e-25    1.132223e-25 
Tb-161             2.168234e-99    1.000000e-99    1.787293e-99   3.809408e-100 
Tb-162             2.168234e-99    1.000000e-99    1.787293e-99   3.809408e-100 
Tb-163             2.168234e-99    1.000000e-99    1.787293e-99   3.809408e-100 
Tb-164             2.168234e-99    1.000000e-99    1.787293e-99   3.809408e-100 
Tb-165             2.168234e-99    1.000000e-99    1.787293e-99   3.809408e-100 
Dy-148             2.168234e-99    1.000000e-99    1.787293e-99   3.809408e-100 
Dy-149             2.168234e-99    1.000000e-99    1.787293e-99   3.809408e-100 
Dy-150             2.168234e-99    1.000000e-99    1.787293e-99   3.809408e-100 
Dy-151             2.168234e-99    1.000000e-99    1.787293e-99   3.809408e-100 
Dy-152             2.168234e-99    1.000000e-99    1.787293e-99   3.809408e-100 
Dy-153             2.168234e-99    1.000000e-99    1.787293e-99   3.809408e-100 
Dy-154             2.168234e-99    1.000000e-99    1.787293e-99   3.809408e-100 
Dy-155             2.168234e-99    1.000000e-99    1.787293e-99   3.809408e-100 
Dy-156             2.151401e-14    1.004583e-14    1.774956e-14    3.764450e-15 
Dy-157             2.168234e-99    1.000000e-99    1.787293e-99   3.809408e-100 
Dy-158             4.785070e-14    1.744221e-14    3.909712e-14    8.753580e-15 
Dy-159             1.302452e-26    1.000000e-99    1.031502e-26    2.709500e-27 
Dy-160             2.837077e-11    4.305356e-13    2.221710e-11    6.153672e-12 
Dy-161             2.154855e-11    3.500988e-12    1.713885e-11    4.409698e-12 
Dy-162             6.904156e-11    4.752243e-12    5.432745e-11    1.471411e-11 
Dy-163             2.670298e-11    4.667240e-12    2.126249e-11    5.440489e-12 
Dy-164             8.765659e-11    5.316332e-12    6.882237e-11    1.883423e-11 
Dy-165             2.168234e-99    1.000000e-99    1.787293e-99   3.809408e-100 
Dy-166             2.168234e-99    1.000000e-99    1.787293e-99   3.809408e-100 
Dy-167             2.168234e-99    1.000000e-99    1.787293e-99   3.809408e-100 
Dy-168             2.168234e-99    1.000000e-99    1.787293e-99   3.809408e-100 
Ho-153             2.168234e-99    1.000000e-99    1.787293e-99   3.809408e-100 
Ho-154             2.168234e-99    1.000000e-99    1.787293e-99   3.809408e-100 
Ho-155             2.168234e-99    1.000000e-99    1.787293e-99   3.809408e-100 
Ho-156             2.168234e-99    1.000000e-99    1.787293e-99   3.809408e-100 
Ho-157             2.168234e-99    1.000000e-99    1.787293e-99   3.809408e-100 
Ho-158             2.168234e-99    1.000000e-99    1.787293e-99   3.809408e-100 
Ho-159             2.168234e-99    1.000000e-99    1.787293e-99   3.809408e-100 
Ho-160             2.168234e-99    1.000000e-99    1.787293e-99   3.809408e-100 
Ho-161             2.168234e-99    1.000000e-99    1.787293e-99   3.809408e-100 
Ho-162             2.168234e-99    1.000000e-99    1.787293e-99   3.809408e-100 
Ho-163             7.398056e-17    1.000000e-99    5.781720e-17    1.616336e-17 
Ho-164             2.168234e-99    1.000000e-99    1.787293e-99   3.809408e-100 
Ho-165             3.419299e-11    4.247732e-12    2.709711e-11    7.095881e-12 
Ho-166             2.168234e-99    1.000000e-99    1.787293e-99   3.809408e-100 
Ho-167             2.168234e-99    1.000000e-99    1.787293e-99   3.809408e-100 
Ho-168             2.168234e-99    1.000000e-99    1.787293e-99   3.809408e-100 
Ho-169             2.168234e-99    1.000000e-99    1.787293e-99   3.809408e-100 
Er-154             2.168234e-99    1.000000e-99    1.787293e-99   3.809408e-100 
Er-155             2.168234e-99    1.000000e-99    1.787293e-99   3.809408e-100 
Er-156             2.168234e-99    1.000000e-99    1.787293e-99   3.809408e-100 
Er-157             2.168234e-99    1.000000e-99    1.787293e-99   3.809408e-100 
Er-158             2.168234e-99    1.000000e-99    1.787293e-99   3.809408e-100 
Er-159             2.168234e-99    1.000000e-99    1.787293e-99   3.809408e-100 
Er-160             2.168234e-99    1.000000e-99    1.787293e-99   3.809408e-100 
Er-161             2.168234e-99    1.000000e-99    1.787293e-99   3.809408e-100 
Er-162             3.448612e-14    1.610307e-14    2.845185e-14    6.034267e-15 
Er-163             2.168234e-99    1.000000e-99    1.787293e-99   3.809408e-100 
Er-164             1.526944e-11    1.914578e-13    1.195403e-11    3.315406e-12 
Er-165             2.168234e-99    1.000000e-99    1.787293e-99   3.809408e-100 
Er-166             5.225042e-11    4.048087e-12    4.126029e-11    1.099013e-11 
Er-167             2.482641e-11    2.778393e-12    1.965871e-11    5.167701e-12 
Er-168             8.410546e-11    3.265541e-12    6.604980e-11    1.805566e-11 
Er-169             1.829136e-26    1.000000e-99    1.457553e-26    3.715822e-27 
Er-170             3.120771e-11    1.841543e-12    2.432188e-11    6.885829e-12 
Er-171             2.168234e-99    1.000000e-99    1.787293e-99   3.809408e-100 
Er-172             2.168234e-99    1.000000e-99    1.787293e-99   3.809408e-100 
Er-173             2.168234e-99    1.000000e-99    1.787293e-99   3.809408e-100 
Er-174             2.168234e-99    1.000000e-99    1.787293e-99   3.809408e-100 
Er-175             2.168234e-99    1.000000e-99    1.787293e-99   3.809408e-100 
Tm-159             2.168234e-99    1.000000e-99    1.787293e-99   3.809408e-100 
Tm-160             2.168234e-99    1.000000e-99    1.787293e-99   3.809408e-100 
Tm-161             2.168234e-99    1.000000e-99    1.787293e-99   3.809408e-100 
Tm-162             2.168234e-99    1.000000e-99    1.787293e-99   3.809408e-100 
Tm-163             2.168234e-99    1.000000e-99    1.787293e-99   3.809408e-100 
Tm-164             2.168234e-99    1.000000e-99    1.787293e-99   3.809408e-100 
Tm-165             2.168234e-99    1.000000e-99    1.787293e-99   3.809408e-100 
Tm-166             2.168234e-99    1.000000e-99    1.787293e-99   3.809408e-100 
Tm-167             2.168234e-99    1.000000e-99    1.787293e-99   3.809408e-100 
Tm-168             2.168234e-99    1.000000e-99    1.787293e-99   3.809408e-100 
Tm-169             1.867512e-11    1.855923e-12    1.475377e-11    3.921349e-12 
Tm-170             1.197171e-24    1.000000e-99    9.442471e-25    2.529242e-25 
Tm-171             1.166667e-23    1.000000e-99    8.513880e-24    3.152785e-24 
Tm-172             2.168234e-99    1.000000e-99    1.787293e-99   3.809408e-100 
Tm-173             2.168234e-99    1.000000e-99    1.787293e-99   3.809408e-100 
Tm-174             2.168234e-99    1.000000e-99    1.787293e-99   3.809408e-100 
Tm-175             2.168234e-99    1.000000e-99    1.787293e-99   3.809408e-100 
Tm-176             2.168234e-99    1.000000e-99    1.787293e-99   3.809408e-100 
Yb-160             2.168234e-99    1.000000e-99    1.787293e-99   3.809408e-100 
Yb-161             2.168234e-99    1.000000e-99    1.787293e-99   3.809408e-100 
Yb-162             2.168234e-99    1.000000e-99    1.787293e-99   3.809408e-100 
Yb-163             2.168234e-99    1.000000e-99    1.787293e-99   3.809408e-100 
Yb-164             2.168234e-99    1.000000e-99    1.787293e-99   3.809408e-100 
Yb-165             2.168234e-99    1.000000e-99    1.787293e-99   3.809408e-100 
Yb-166             2.168234e-99    1.000000e-99    1.787293e-99   3.809408e-100 
Yb-167             2.168234e-99    1.000000e-99    1.787293e-99   3.809408e-100 
Yb-168             3.393608e-14    1.584623e-14    2.799806e-14    5.938024e-15 
Yb-169             2.168234e-99    1.000000e-99    1.787293e-99   3.809408e-100 
Yb-170             2.437937e-11    3.749693e-13    1.913544e-11    5.243922e-12 
Yb-171             3.302262e-11    1.771730e-12    2.589759e-11    7.125031e-12 
Yb-172             8.723392e-11    2.724303e-12    6.844823e-11    1.878569e-11 
Yb-173             4.323065e-11    2.024667e-12    3.396708e-11    9.263565e-12 
Yb-174             1.894258e-10    4.018455e-12    1.484459e-10    4.097990e-11 
Yb-175             1.841947e-27    1.000000e-99    1.405058e-27    4.368890e-28 
Yb-176             6.801677e-11    1.630292e-12    5.316831e-11    1.484846e-11 
Yb-177             2.168234e-99    1.000000e-99    1.787293e-99   3.809408e-100 
Yb-178             2.168234e-99    1.000000e-99    1.787293e-99   3.809408e-100 
Yb-179             2.168234e-99    1.000000e-99    1.787293e-99   3.809408e-100 
Yb-180             2.168234e-99    1.000000e-99    1.787293e-99   3.809408e-100 
Lu-165             2.168234e-99    1.000000e-99    1.787293e-99   3.809408e-100 
Lu-166             2.168234e-99    1.000000e-99    1.787293e-99   3.809408e-100 
Lu-167             2.168234e-99    1.000000e-99    1.787293e-99   3.809408e-100 
Lu-168             2.168234e-99    1.000000e-99    1.787293e-99   3.809408e-100 
Lu-169             2.168234e-99    1.000000e-99    1.787293e-99   3.809408e-100 
Lu-170             2.168234e-99    1.000000e-99    1.787293e-99   3.809408e-100 
Lu-171             2.168234e-99    1.000000e-99    1.787293e-99   3.809408e-100 
Lu-172             2.168234e-99    1.000000e-99    1.787293e-99   3.809408e-100 
Lu-173             2.168234e-99    1.000000e-99    1.787293e-99   3.809408e-100 
Lu-174             2.168234e-99    1.000000e-99    1.787293e-99   3.809408e-100 
Lu-175             2.853747e-11    1.829538e-12    2.246405e-11    6.073421e-12 
Lu-176             1.073439e-11    4.708872e-14    8.386172e-12    2.348222e-12 
Lu-177             8.103016e-27    1.000000e-99    6.453377e-27    1.649639e-27 
Lu-178             2.168234e-99    1.000000e-99    1.787293e-99   3.809408e-100 
Lu-179             2.168234e-99    1.000000e-99    1.787293e-99   3.809408e-100 
Lu-180             2.168234e-99    1.000000e-99    1.787293e-99   3.809408e-100 
Lu-181             2.168234e-99    1.000000e-99    1.787293e-99   3.809408e-100 
Lu-182             2.168234e-99    1.000000e-99    1.787293e-99   3.809408e-100 
Hf-166             2.168234e-99    1.000000e-99    1.787293e-99   3.809408e-100 
Hf-167             2.168234e-99    1.000000e-99    1.787293e-99   3.809408e-100 
Hf-168             2.168234e-99    1.000000e-99    1.787293e-99   3.809408e-100 
Hf-169             2.168234e-99    1.000000e-99    1.787293e-99   3.809408e-100 
Hf-170             2.168234e-99    1.000000e-99    1.787293e-99   3.809408e-100 
Hf-171             2.168234e-99    1.000000e-99    1.787293e-99   3.809408e-100 
Hf-172             2.168234e-99    1.000000e-99    1.787293e-99   3.809408e-100 
Hf-173             2.168234e-99    1.000000e-99    1.787293e-99   3.809408e-100 
Hf-174             2.639209e-14    1.232360e-14    2.177408e-14    4.618000e-15 
Hf-175             2.168234e-99    1.000000e-99    1.787293e-99   3.809408e-100 
Hf-176             9.129599e-12    4.048406e-13    7.186056e-12    1.943543e-12 
Hf-177             2.477120e-11    1.439118e-12    1.947225e-11    5.298945e-12 
Hf-178             1.045829e-10    2.123250e-12    8.192046e-11    2.266241e-11 
Hf-179             3.724052e-11    1.066063e-12    2.919826e-11    8.042257e-12 
Hf-180             2.063572e-10    2.760926e-12    1.615944e-10    4.476282e-11 
Hf-181             2.696160e-25    1.000000e-99    2.133157e-25    5.630025e-26 
Hf-182             1.066846e-13    1.000000e-99    8.177395e-14    2.491068e-14 
Hf-183             2.168234e-99    1.000000e-99    1.787293e-99   3.809408e-100 
Hf-184             2.168234e-99    1.000000e-99    1.787293e-99   3.809408e-100 
Hf-185             2.168234e-99    1.000000e-99    1.787293e-99   3.809408e-100 
Ta-169             2.168234e-99    1.000000e-99    1.787293e-99   3.809408e-100 
Ta-170             2.168234e-99    1.000000e-99    1.787293e-99   3.809408e-100 
Ta-171             2.168234e-99    1.000000e-99    1.787293e-99   3.809408e-100 
Ta-172             2.168234e-99    1.000000e-99    1.787293e-99   3.809408e-100 
Ta-173             2.168234e-99    1.000000e-99    1.787293e-99   3.809408e-100 
Ta-174             2.168234e-99    1.000000e-99    1.787293e-99   3.809408e-100 
Ta-175             2.168234e-99    1.000000e-99    1.787293e-99   3.809408e-100 
Ta-176             2.168234e-99    1.000000e-99    1.787293e-99   3.809408e-100 
Ta-177             2.168234e-99    1.000000e-99    1.787293e-99   3.809408e-100 
Ta-178             2.168234e-99    1.000000e-99    1.787293e-99   3.809408e-100 
Ta-179             7.669150e-24    1.000000e-99    5.846147e-24    1.823003e-24 
Ta-180             5.605533e-16    2.431366e-16    4.602364e-16    1.003169e-16 
Ta-181             4.483678e-11    1.987460e-12    3.521206e-11    9.624715e-12 
Ta-182             3.758120e-21    1.000000e-99    2.880636e-21    8.774838e-22 
Ta-183             2.168234e-99    1.000000e-99    1.787293e-99   3.809408e-100 
Ta-184             2.168234e-99    1.000000e-99    1.787293e-99   3.809408e-100 
Ta-185             2.168234e-99    1.000000e-99    1.787293e-99   3.809408e-100 
Ta-186             2.168234e-99    1.000000e-99    1.787293e-99   3.809408e-100 
W-172              2.168234e-99    1.000000e-99    1.787293e-99   3.809408e-100 
W-173              2.168234e-99    1.000000e-99    1.787293e-99   3.809408e-100 
W-174              2.168234e-99    1.000000e-99    1.787293e-99   3.809408e-100 
W-175              2.168234e-99    1.000000e-99    1.787293e-99   3.809408e-100 
W-176              2.168234e-99    1.000000e-99    1.787293e-99   3.809408e-100 
W-177              2.168234e-99    1.000000e-99    1.787293e-99   3.809408e-100 
W-178              2.168234e-99    1.000000e-99    1.787293e-99   3.809408e-100 
W-179              2.168234e-99    1.000000e-99    1.787293e-99   3.809408e-100 
W-180              2.953335e-14    8.402384e-15    2.384874e-14    5.684612e-15 
W-181              2.168234e-99    1.000000e-99    1.787293e-99   3.809408e-100 
W-182              9.880109e-11    1.879169e-12    7.747835e-11    2.132274e-11 
W-183              5.444990e-11    1.020641e-12    4.266584e-11    1.178405e-11 
W-184              1.441298e-10    2.196903e-12    1.129226e-10    3.120726e-11 
W-185              7.265529e-25    1.000000e-99    5.744961e-25    1.520567e-25 
W-186              6.061899e-11    2.060157e-12    4.727577e-11    1.334322e-11 
W-187              2.168234e-99    1.000000e-99    1.787293e-99   3.809408e-100 
W-188              2.168234e-99    1.000000e-99    1.787293e-99   3.809408e-100 
W-189              2.168234e-99    1.000000e-99    1.787293e-99   3.809408e-100 
W-190              2.168234e-99    1.000000e-99    1.787293e-99   3.809408e-100 
Re-175             2.168234e-99    1.000000e-99    1.787293e-99   3.809408e-100 
Re-176             2.168234e-99    1.000000e-99    1.787293e-99   3.809408e-100 
Re-177             2.168234e-99    1.000000e-99    1.787293e-99   3.809408e-100 
Re-178             2.168234e-99    1.000000e-99    1.787293e-99   3.809408e-100 
Re-179             2.168234e-99    1.000000e-99    1.787293e-99   3.809408e-100 
Re-180             2.168234e-99    1.000000e-99    1.787293e-99   3.809408e-100 
Re-181             2.168234e-99    1.000000e-99    1.787293e-99   3.809408e-100 
Re-182             2.168234e-99    1.000000e-99    1.787293e-99   3.809408e-100 
Re-183             2.168234e-99    1.000000e-99    1.787293e-99   3.809408e-100 
Re-184             2.168234e-99    1.000000e-99    1.787293e-99   3.809408e-100 
Re-185             3.045194e-11    1.048801e-12    2.386300e-11    6.588940e-12 
Re-186             2.246757e-27    1.000000e-99    1.744708e-27    5.020488e-28 
Re-187             1.725954e-11    1.747215e-12    1.356431e-11    3.695231e-12 
Re-188             2.168234e-99    1.000000e-99    1.787293e-99   3.809408e-100 
Re-189             2.168234e-99    1.000000e-99    1.787293e-99   3.809408e-100 
Re-190             2.168234e-99    1.000000e-99    1.787293e-99   3.809408e-100 
Re-191             2.168234e-99    1.000000e-99    1.787293e-99   3.809408e-100 
Os-179             2.168234e-99    1.000000e-99    1.787293e-99   3.809408e-100 
Os-180             2.168234e-99    1.000000e-99    1.787293e-99   3.809408e-100 
Os-181             2.168234e-99    1.000000e-99    1.787293e-99   3.809408e-100 
Os-182             2.168234e-99    1.000000e-99    1.787293e-99   3.809408e-100 
Os-183             2.168234e-99    1.000000e-99    1.787293e-99   3.809408e-100 
Os-184             1.523681e-14    7.114694e-15    1.257072e-14    2.666087e-15 
Os-185             2.168234e-99    1.000000e-99    1.787293e-99   3.809408e-100 
Os-186             5.838798e-11    5.783407e-13    4.585768e-11    1.253030e-11 
Os-187             1.864380e-11    6.277625e-13    1.469639e-11    3.947410e-12 
Os-188             1.327580e-10    4.877998e-12    1.042598e-10    2.849818e-11 
Os-189             3.791067e-11    5.979000e-12    3.017973e-11    7.730938e-12 
Os-190             1.479979e-10    9.774740e-12    1.165409e-10    3.145705e-11 
Os-191             4.571631e-26    1.000000e-99    3.636780e-26    9.348509e-27 
Os-192             8.427283e-11    1.534082e-11    6.687026e-11    1.740257e-11 
Os-193             2.168234e-99    1.000000e-99    1.787293e-99   3.809408e-100 
Os-194             4.474936e-22    1.000000e-99    3.134118e-22    1.340818e-22 
Os-195             2.168234e-99    1.000000e-99    1.787293e-99   3.809408e-100 
Os-196             2.168234e-99    1.000000e-99    1.787293e-99   3.809408e-100 
Ir-181             2.168234e-99    1.000000e-99    1.787293e-99   3.809408e-100 
Ir-182             2.168234e-99    1.000000e-99    1.787293e-99   3.809408e-100 
Ir-183             2.168234e-99    1.000000e-99    1.787293e-99   3.809408e-100 
Ir-184             2.168234e-99    1.000000e-99    1.787293e-99   3.809408e-100 
Ir-185             2.168234e-99    1.000000e-99    1.787293e-99   3.809408e-100 
Ir-186             2.168234e-99    1.000000e-99    1.787293e-99   3.809408e-100 
Ir-187             2.168234e-99    1.000000e-99    1.787293e-99   3.809408e-100 
Ir-188             2.168234e-99    1.000000e-99    1.787293e-99   3.809408e-100 
Ir-189             2.168234e-99    1.000000e-99    1.787293e-99   3.809408e-100 
Ir-190             2.168234e-99    1.000000e-99    1.787293e-99   3.809408e-100 
Ir-191             5.126470e-11    1.358593e-11    4.131711e-11    9.947585e-12 
Ir-192             8.104412e-25    1.000000e-99    6.409571e-25    1.694841e-25 
Ir-193             7.914837e-11    2.310425e-11    6.393807e-11    1.521029e-11 
Ir-194             1.580233e-25    1.000000e-99    1.106740e-25    4.734932e-26 
Ir-195             2.168234e-99    1.000000e-99    1.787293e-99   3.809408e-100 
Ir-196             2.168234e-99    1.000000e-99    1.787293e-99   3.809408e-100 
Ir-197             2.168234e-99    1.000000e-99    1.787293e-99   3.809408e-100 
Pt-184             2.168234e-99    1.000000e-99    1.787293e-99   3.809408e-100 
Pt-185             2.168234e-99    1.000000e-99    1.787293e-99   3.809408e-100 
Pt-186             2.168234e-99    1.000000e-99    1.787293e-99   3.809408e-100 
Pt-187             2.168234e-99    1.000000e-99    1.787293e-99   3.809408e-100 
Pt-188             2.168234e-99    1.000000e-99    1.787293e-99   3.809408e-100 
Pt-189             2.168234e-99    1.000000e-99    1.787293e-99   3.809408e-100 
Pt-190             2.161668e-14    1.009369e-14    1.783426e-14    3.782417e-15 
Pt-191             2.168234e-99    1.000000e-99    1.787293e-99   3.809408e-100 
Pt-192             3.597330e-11    5.855278e-13    2.825408e-11    7.719216e-12 
Pt-193             5.725108e-19    1.000000e-99    4.506334e-19    1.218775e-19 
Pt-194             1.538484e-10    2.492036e-11    1.223413e-10    3.150713e-11 
Pt-195             9.593438e-11    2.570572e-11    7.730724e-11    1.862714e-11 
Pt-196             2.255189e-10    1.927734e-11    1.779509e-10    4.756799e-11 
Pt-197             2.168234e-99    1.000000e-99    1.787293e-99   3.809408e-100 
Pt-198             2.248431e-11    5.526664e-12    1.789082e-11    4.593485e-12 
Pt-199             2.168234e-99    1.000000e-99    1.787293e-99   3.809408e-100 
Pt-200             2.168234e-99    1.000000e-99    1.787293e-99   3.809408e-100 
Pt-201             2.168234e-99    1.000000e-99    1.787293e-99   3.809408e-100 
Pt-202             2.168234e-99    1.000000e-99    1.787293e-99   3.809408e-100 
Au-185             2.168234e-99    1.000000e-99    1.787293e-99   3.809408e-100 
Au-186             2.168234e-99    1.000000e-99    1.787293e-99   3.809408e-100 
Au-187             2.168234e-99    1.000000e-99    1.787293e-99   3.809408e-100 
Au-188             2.168234e-99    1.000000e-99    1.787293e-99   3.809408e-100 
Au-189             2.168234e-99    1.000000e-99    1.787293e-99   3.809408e-100 
Au-190             2.168234e-99    1.000000e-99    1.787293e-99   3.809408e-100 
Au-191             2.168234e-99    1.000000e-99    1.787293e-99   3.809408e-100 
Au-192             2.168234e-99    1.000000e-99    1.787293e-99   3.809408e-100 
Au-193             2.168234e-99    1.000000e-99    1.787293e-99   3.809408e-100 
Au-194             2.168234e-99    1.000000e-99    1.787293e-99   3.809408e-100 
Au-195             2.168234e-99    1.000000e-99    1.787293e-99   3.809408e-100 
Au-196             2.168234e-99    1.000000e-99    1.787293e-99   3.809408e-100 
Au-197             7.835275e-11    1.084275e-11    6.221236e-11    1.614039e-11 
Au-198             2.168234e-99    1.000000e-99    1.787293e-99   3.809408e-100 
Au-199             2.168234e-99    1.000000e-99    1.787293e-99   3.809408e-100 
Au-200             2.168234e-99    1.000000e-99    1.787293e-99   3.809408e-100 
Au-201             2.168234e-99    1.000000e-99    1.787293e-99   3.809408e-100 
Au-202             2.168234e-99    1.000000e-99    1.787293e-99   3.809408e-100 
Au-203             2.168234e-99    1.000000e-99    1.787293e-99   3.809408e-100 
Hg-189             2.168234e-99    1.000000e-99    1.787293e-99   3.809408e-100 
Hg-190             2.168234e-99    1.000000e-99    1.787293e-99   3.809408e-100 
Hg-191             2.168234e-99    1.000000e-99    1.787293e-99   3.809408e-100 
Hg-192             2.168234e-99    1.000000e-99    1.787293e-99   3.809408e-100 
Hg-193             2.168234e-99    1.000000e-99    1.787293e-99   3.809408e-100 
Hg-194             2.168234e-99    1.000000e-99    1.787293e-99   3.809408e-100 
Hg-195             2.168234e-99    1.000000e-99    1.787293e-99   3.809408e-100 
Hg-196             6.452980e-14    3.012089e-14    5.323761e-14    1.129219e-14 
Hg-197             2.168234e-99    1.000000e-99    1.787293e-99   3.809408e-100 
Hg-198             1.792020e-10    1.976726e-12    1.404919e-10    3.871008e-11 
Hg-199             8.847804e-11    3.362936e-12    6.950880e-11    1.896925e-11 
Hg-200             2.921103e-10    4.626366e-12    2.289308e-10    6.317952e-11 
Hg-201             1.293796e-10    2.653491e-12    1.014078e-10    2.797176e-11 
Hg-202             5.283435e-10    6.041684e-12    4.135594e-10    1.147842e-10 
Hg-203             7.028921e-27    1.000000e-99    5.601843e-27    1.427078e-27 
Hg-204             1.794599e-11    1.402633e-12    1.399599e-11    3.950008e-12 
Hg-205             2.168234e-99    1.000000e-99    1.787293e-99   3.809408e-100 
Hg-206             2.168234e-99    1.000000e-99    1.787293e-99   3.809408e-100 
Hg-207             2.168234e-99    1.000000e-99    1.787293e-99   3.809408e-100 
Hg-208             2.168234e-99    1.000000e-99    1.787293e-99   3.809408e-100 
Tl-192             2.168234e-99    1.000000e-99    1.787293e-99   3.809408e-100 
Tl-193             2.168234e-99    1.000000e-99    1.787293e-99   3.809408e-100 
Tl-194             2.168234e-99    1.000000e-99    1.787293e-99   3.809408e-100 
Tl-195             2.168234e-99    1.000000e-99    1.787293e-99   3.809408e-100 
Tl-196             2.168234e-99    1.000000e-99    1.787293e-99   3.809408e-100 
Tl-197             2.168234e-99    1.000000e-99    1.787293e-99   3.809408e-100 
Tl-198             2.168234e-99    1.000000e-99    1.787293e-99   3.809408e-100 
Tl-199             2.168234e-99    1.000000e-99    1.787293e-99   3.809408e-100 
Tl-200             2.168234e-99    1.000000e-99    1.787293e-99   3.809408e-100 
Tl-201             2.168234e-99    1.000000e-99    1.787293e-99   3.809408e-100 
Tl-202             2.168234e-99    1.000000e-99    1.787293e-99   3.809408e-100 
Tl-203             2.463211e-10    3.223624e-12    1.926648e-10    5.365629e-11 
Tl-204             6.087931e-22    1.000000e-99    4.497785e-22    1.590145e-22 
Tl-205             4.164164e-10    7.770846e-12    3.256975e-10    9.071891e-11 
Tl-206             2.168234e-99    1.000000e-99    1.787293e-99   3.809408e-100 
Tl-207             2.168234e-99    1.000000e-99    1.787293e-99   3.809408e-100 
Tl-208             2.168234e-99    1.000000e-99    1.787293e-99   3.809408e-100 
Tl-209             2.168234e-99    1.000000e-99    1.787293e-99   3.809408e-100 
Tl-210             2.168234e-99    1.000000e-99    1.787293e-99   3.809408e-100 
Pb-193             2.168234e-99    1.000000e-99    1.787293e-99   3.809408e-100 
Pb-194             2.168234e-99    1.000000e-99    1.787293e-99   3.809408e-100 
Pb-195             2.168234e-99    1.000000e-99    1.787293e-99   3.809408e-100 
Pb-196             2.168234e-99    1.000000e-99    1.787293e-99   3.809408e-100 
Pb-197             2.168234e-99    1.000000e-99    1.787293e-99   3.809408e-100 
Pb-198             2.168234e-99    1.000000e-99    1.787293e-99   3.809408e-100 
Pb-199             2.168234e-99    1.000000e-99    1.787293e-99   3.809408e-100 
Pb-200             2.168234e-99    1.000000e-99    1.787293e-99   3.809408e-100 
Pb-201             2.168234e-99    1.000000e-99    1.787293e-99   3.809408e-100 
Pb-202             2.168234e-99    1.000000e-99    1.787293e-99   3.809408e-100 
Pb-203             2.168234e-99    1.000000e-99    1.787293e-99   3.809408e-100 
Pb-204             3.279758e-10    2.933641e-12    2.569854e-10    7.099041e-11 
Pb-205             1.823586e-12    1.000000e-99    1.426364e-12    3.972222e-13 
Pb-208             9.903313e-08    8.857723e-11    7.721379e-08    2.181933e-08 
Pb-209             2.168234e-99    1.000000e-99    1.787293e-99   3.809408e-100 
Pb-210             2.799179e-23    1.000000e-99    1.900971e-23    8.982083e-24 
Pb-211             2.168234e-99    1.000000e-99    1.787293e-99   3.809408e-100 
Bi-202             2.168234e-99    1.000000e-99    1.787293e-99   3.809408e-100 
Bi-203             2.168234e-99    1.000000e-99    1.787293e-99   3.809408e-100 
Bi-204             2.168234e-99    1.000000e-99    1.787293e-99   3.809408e-100 
Bi-205             2.168234e-99    1.000000e-99    1.787293e-99   3.809408e-100 
Bi-206             2.168234e-99    1.000000e-99    1.787293e-99   3.809408e-100 
Bi-207             2.168234e-99    1.000000e-99    1.787293e-99   3.809408e-100 
Bi-208             2.168234e-99    1.000000e-99    1.787293e-99   3.809408e-100 
Bi-209             2.054057e-09    8.726086e-12    1.597920e-09    4.561371e-10 
Bi-210             5.529442e-10    1.000000e-99    4.314737e-10    1.214705e-10 
Al-26m1            2.168234e-99    1.000000e-99    1.787293e-99   3.809408e-100 
Kr-85m1            2.168234e-99    1.000000e-99    1.787293e-99   3.809408e-100 
Cd-115m1           2.168234e-99    1.000000e-99    1.787293e-99   3.809408e-100 
Lu-176m1           2.168234e-99    1.000000e-99    1.787293e-99   3.809408e-100 
Ta-180m1           2.168234e-99    1.000000e-99    1.787293e-99   3.809408e-100 
