# Battino yields
# Model: m3z2m2
# Mini: 3.00
# Z: 2.00e-02
# Mfinal: 0.6557274571432732
# Mfinal (MESA): 0.6868290554247601
# Created by Daniel Boyea on 2024-12-06
isotope         wind_yield      initial_abundance wind_yield_mesaevo wind_yield_postmesa 
Neutron-1          2.344272e-99    1.000000e-99    2.313171e-99   3.110160e-101 
H-1                1.541294e+00    7.064434e-01    1.521032e+00    2.026196e-02 
H-2                6.104375e-06    1.370527e-05    6.026906e-06    7.746929e-08 
He-3               3.260608e-04    4.524566e-05    3.217630e-04    4.297735e-06 
He-4               7.110972e-01    2.734973e-01    7.016211e-01    9.476039e-03 
Be-7               6.041851e-16    7.557599e-17    5.961875e-16    7.997661e-18 
B-8                2.103899e-27    1.000000e-99    2.027029e-27    7.686954e-29 
Li-7               2.877128e-06    3.599641e-07    2.839043e-06    3.808484e-08 
C-11               2.974873e-26    1.000000e-99    2.913715e-26    6.115824e-28 
B-11               6.694987e-09    2.855891e-09    6.606164e-09    8.882278e-11 
C-12               3.506677e-02    3.424729e-03    3.450890e-02    5.578651e-04 
C-13               2.278409e-04    4.156115e-05    2.248368e-04    3.004045e-06 
N-13               2.344272e-99    1.000000e-99    2.313171e-99   3.110160e-101 
N-14               7.198620e-03    1.058808e-03    7.103562e-03    9.505716e-05 
C-14               5.599586e-13    1.000000e-99    5.497125e-13    1.024611e-14 
N-15               4.396709e-06    4.170720e-06    4.339124e-06    5.758530e-08 
O-16               3.232623e-02    9.624352e-03    3.185777e-02    4.684563e-04 
O-17               6.480537e-05    3.813070e-06    6.394937e-05    8.560004e-07 
O-18               3.469261e-05    2.171062e-05    3.423711e-05    4.554928e-07 
F-17               2.344272e-99    1.000000e-99    2.313171e-99   3.110160e-101 
F-18               2.344272e-99    1.000000e-99    2.313171e-99   3.110160e-101 
F-19               5.115994e-06    5.610951e-07    5.030289e-06    8.570488e-08 
Ne-20              4.291997e-03    1.817733e-03    4.234868e-03    5.712809e-05 
Ne-21              1.299257e-05    4.575277e-06    1.281127e-05    1.813023e-07 
Ne-22              2.807713e-03    1.470235e-04    2.759985e-03    4.772763e-05 
Na-22              5.915727e-24    1.000000e-99    5.804236e-24    1.114908e-25 
Na-23              1.531533e-04    3.999546e-05    1.510313e-04    2.122002e-06 
Mg-23              2.344272e-99    1.000000e-99    2.313171e-99   3.110160e-101 
Mg-24              1.393960e-03    5.862424e-04    1.375378e-03    1.858220e-05 
Mg-25              3.067836e-04    7.733092e-05    3.020819e-04    4.701706e-06 
Mg-26              4.700262e-04    8.848024e-05    4.624403e-04    7.585906e-06 
Al-26              1.953384e-10    1.000000e-99    1.924227e-10    2.915680e-12 
Al-27              1.568122e-04    6.481069e-05    1.547110e-04    2.101194e-06 
Si-27              2.344272e-99    1.000000e-99    2.313171e-99   3.110160e-101 
Si-28              1.745506e-03    7.452665e-04    1.722355e-03    2.315149e-05 
Si-29              9.369787e-05    3.919403e-05    9.244720e-05    1.250674e-06 
Si-30              6.906265e-05    2.672780e-05    6.811875e-05    9.438984e-07 
P-31               1.775656e-05    7.106317e-06    1.751579e-05    2.407710e-07 
S-31               2.344272e-99    1.000000e-99    2.313171e-99   3.110160e-101 
Be-8               2.344272e-99    1.000000e-99    2.313171e-99   3.110160e-101 
O-14               2.344272e-99    1.000000e-99    2.313171e-99   3.110160e-101 
O-15               2.344272e-99    1.000000e-99    2.313171e-99   3.110160e-101 
Na-21              2.344272e-99    1.000000e-99    2.313171e-99   3.110160e-101 
Al-25              2.344272e-99    1.000000e-99    2.313171e-99   3.110160e-101 
P-29               2.344272e-99    1.000000e-99    2.313171e-99   3.110160e-101 
P-30               2.344272e-99    1.000000e-99    2.313171e-99   3.110160e-101 
Pb-206             2.036664e-08    2.797732e-09    2.005706e-08    3.095815e-10 
Pb-207             1.783797e-08    3.089652e-09    1.756930e-08    2.686692e-10 
Bi-211             2.344272e-99    1.000000e-99    2.313171e-99   3.110160e-101 
Po-210             2.344272e-99    1.000000e-99    2.313171e-99   3.110160e-101 
F-20               2.344272e-99    1.000000e-99    2.313171e-99   3.110160e-101 
Ne-19              2.344272e-99    1.000000e-99    2.313171e-99   3.110160e-101 
Na-24              2.344272e-99    1.000000e-99    2.313171e-99   3.110160e-101 
Mg-27              2.344272e-99    1.000000e-99    2.313171e-99   3.110160e-101 
Mg-28              2.344272e-99    1.000000e-99    2.313171e-99   3.110160e-101 
Al-28              2.344272e-99    1.000000e-99    2.313171e-99   3.110160e-101 
Al-29              2.344272e-99    1.000000e-99    2.313171e-99   3.110160e-101 
Si-31              2.344272e-99    1.000000e-99    2.313171e-99   3.110160e-101 
Si-32              2.727824e-17    1.000000e-99    2.673341e-17    5.448328e-19 
P-32               6.193492e-21    1.000000e-99    6.069788e-21    1.237036e-22 
P-33               2.344272e-99    1.000000e-99    2.313171e-99   3.110160e-101 
P-34               2.344272e-99    1.000000e-99    2.313171e-99   3.110160e-101 
P-35               2.344272e-99    1.000000e-99    2.313171e-99   3.110160e-101 
S-32               9.343496e-04    4.010872e-04    9.219783e-04    1.237134e-05 
S-33               8.048460e-06    3.264811e-06    7.940406e-06    1.080538e-07 
S-34               4.596056e-05    1.890425e-05    4.534403e-05    6.165267e-07 
S-35               2.344272e-99    1.000000e-99    2.313171e-99   3.110160e-101 
S-36               3.861623e-07    8.072988e-08    3.802254e-07    5.936879e-09 
S-37               2.344272e-99    1.000000e-99    2.313171e-99   3.110160e-101 
S-38               2.344272e-99    1.000000e-99    2.313171e-99   3.110160e-101 
Cl-34              2.344272e-99    1.000000e-99    2.313171e-99   3.110160e-101 
Cl-35              1.578587e-05    6.821093e-06    1.557722e-05    2.086460e-07 
Cl-36              3.057540e-08    1.000000e-99    3.007386e-08    5.015350e-10 
Cl-37              6.473355e-06    2.305792e-06    6.383515e-06    8.984006e-08 
Cl-38              2.344272e-99    1.000000e-99    2.313171e-99   3.110160e-101 
Cl-39              2.344272e-99    1.000000e-99    2.313171e-99   3.110160e-101 
Cl-40              2.344272e-99    1.000000e-99    2.313171e-99   3.110160e-101 
Ar-35              2.344272e-99    1.000000e-99    2.313171e-99   3.110160e-101 
Ar-36              1.897184e-04    8.202156e-05    1.872115e-04    2.506908e-06 
Ar-37              2.068280e-17    1.000000e-99    2.030442e-17    3.783743e-19 
Ar-38              3.797684e-05    1.574147e-05    3.746872e-05    5.081184e-07 
Ar-39              2.407140e-14    1.000000e-99    2.363879e-14    4.326083e-16 
Ar-40              1.258381e-07    2.650204e-08    1.238621e-07    1.975993e-09 
Ar-41              2.344272e-99    1.000000e-99    2.313171e-99   3.110160e-101 
Ar-42              1.895219e-21    1.000000e-99    1.854114e-21    4.110568e-23 
Ar-43              2.344272e-99    1.000000e-99    2.313171e-99   3.110160e-101 
Ar-44              2.344272e-99    1.000000e-99    2.313171e-99   3.110160e-101 
K-38               2.344272e-99    1.000000e-99    2.313171e-99   3.110160e-101 
K-39               9.281012e-06    3.899726e-06    9.157255e-06    1.237569e-07 
K-40               3.332362e-08    3.310922e-10    3.276223e-08    5.613879e-10 
K-41               8.084446e-07    2.958666e-07    7.973222e-07    1.112236e-08 
K-42               8.291232e-26    1.000000e-99    8.111378e-26    1.798543e-27 
K-43               2.344272e-99    1.000000e-99    2.313171e-99   3.110160e-101 
K-44               2.344272e-99    1.000000e-99    2.313171e-99   3.110160e-101 
K-45               2.344272e-99    1.000000e-99    2.313171e-99   3.110160e-101 
K-46               2.344272e-99    1.000000e-99    2.313171e-99   3.110160e-101 
Ca-39              2.344272e-99    1.000000e-99    2.313171e-99   3.110160e-101 
Ca-40              1.677282e-04    7.225225e-05    1.655096e-04    2.218603e-06 
Ca-41              2.661311e-09    1.000000e-99    2.617677e-09    4.363397e-11 
Ca-42              1.295192e-06    5.063333e-07    1.277596e-06    1.759615e-08 
Ca-43              2.800803e-07    1.081646e-07    2.762575e-07    3.822879e-09 
Ca-44              4.039659e-06    1.710212e-06    3.985908e-06    5.375068e-08 
Ca-45              2.344272e-99    1.000000e-99    2.313171e-99   3.110160e-101 
Ca-46              1.382905e-08    3.428473e-09    1.361281e-08    2.162368e-10 
Ca-47              2.344272e-99    1.000000e-99    2.313171e-99   3.110160e-101 
Ca-48              3.913415e-07    1.672498e-07    3.861527e-07    5.188869e-09 
Ca-49              2.344272e-99    1.000000e-99    2.313171e-99   3.110160e-101 
Sc-43              2.344272e-99    1.000000e-99    2.313171e-99   3.110160e-101 
Sc-44              2.344272e-99    1.000000e-99    2.313171e-99   3.110160e-101 
Sc-45              1.493451e-07    5.413715e-08    1.472700e-07    2.075113e-09 
Sc-46              2.344272e-99    1.000000e-99    2.313171e-99   3.110160e-101 
Sc-47              2.344272e-99    1.000000e-99    2.313171e-99   3.110160e-101 
Sc-48              2.344272e-99    1.000000e-99    2.313171e-99   3.110160e-101 
Sc-49              2.344272e-99    1.000000e-99    2.313171e-99   3.110160e-101 
Sc-50              2.344272e-99    1.000000e-99    2.313171e-99   3.110160e-101 
Ti-44              2.202412e-27    1.000000e-99    2.157002e-27    4.541021e-29 
Ti-45              2.344272e-99    1.000000e-99    2.313171e-99   3.110160e-101 
Ti-46              7.674156e-07    3.231782e-07    7.571952e-07    1.022049e-08 
Ti-47              6.905919e-07    2.976998e-07    6.814499e-07    9.141977e-09 
Ti-48              6.914154e-06    3.013765e-06    6.822965e-06    9.118863e-08 
Ti-49              6.184287e-07    2.257335e-07    6.099275e-07    8.501197e-09 
Ti-50              6.566020e-07    2.208013e-07    6.473427e-07    9.259330e-09 
Ti-51              2.344272e-99    1.000000e-99    2.313171e-99   3.110160e-101 
Ti-52              2.344272e-99    1.000000e-99    2.313171e-99   3.110160e-101 
V-47               2.344272e-99    1.000000e-99    2.313171e-99   3.110160e-101 
V-48               2.344272e-99    1.000000e-99    2.313171e-99   3.110160e-101 
V-49               2.207996e-24    1.000000e-99    2.168786e-24    3.920989e-26 
V-50               2.313728e-09    1.015480e-09    2.283270e-09    3.045817e-11 
V-51               9.635101e-07    4.137779e-07    9.507552e-07    1.275496e-08 
V-52               2.344272e-99    1.000000e-99    2.313171e-99   3.110160e-101 
V-53               2.344272e-99    1.000000e-99    2.313171e-99   3.110160e-101 
Cr-48              2.344272e-99    1.000000e-99    2.313171e-99   3.110160e-101 
Cr-49              2.344272e-99    1.000000e-99    2.313171e-99   3.110160e-101 
Cr-50              1.883003e-06    8.265377e-07    1.858216e-06    2.478752e-08 
Cr-51              6.168642e-19    1.000000e-99    6.052222e-19    1.164201e-20 
Cr-52              3.846469e-05    1.657585e-05    3.795598e-05    5.087090e-07 
Cr-53              4.458544e-06    1.915622e-06    4.399525e-06    5.901931e-08 
Cr-54              1.511035e-06    4.857946e-07    1.489581e-06    2.145403e-08 
Cr-55              2.344272e-99    1.000000e-99    2.313171e-99   3.110160e-101 
Cr-56              2.344272e-99    1.000000e-99    2.313171e-99   3.110160e-101 
Mn-51              2.344272e-99    1.000000e-99    2.313171e-99   3.110160e-101 
Mn-52              2.344272e-99    1.000000e-99    2.313171e-99   3.110160e-101 
Mn-53              1.214685e-17    1.000000e-99    1.193316e-17    2.136907e-19 
Mn-54              1.793959e-24    1.000000e-99    1.761809e-24    3.214965e-26 
Mn-55              2.607561e-05    1.098109e-05    2.572922e-05    3.463875e-07 
Mn-56              2.344272e-99    1.000000e-99    2.313171e-99   3.110160e-101 
Mn-57              2.344272e-99    1.000000e-99    2.313171e-99   3.110160e-101 
Fe-52              2.344272e-99    1.000000e-99    2.313171e-99   3.110160e-101 
Fe-53              2.344272e-99    1.000000e-99    2.313171e-99   3.110160e-101 
Fe-54              1.855817e-04    8.118227e-05    1.831367e-04    2.444930e-06 
Fe-55              1.092577e-12    1.000000e-99    1.074548e-12    1.802870e-14 
Fe-56              3.058002e-03    1.321588e-03    3.017592e-03    4.040956e-05 
Fe-57              8.317220e-05    3.106624e-05    8.203534e-05    1.136856e-06 
Fe-58              2.984756e-05    4.206879e-06    2.937654e-05    4.710187e-07 
Fe-59              2.344272e-99    1.000000e-99    2.313171e-99   3.110160e-101 
Fe-60              6.523530e-07    1.000000e-99    6.398975e-07    1.245558e-08 
Fe-61              2.344272e-99    1.000000e-99    2.313171e-99   3.110160e-101 
Co-55              2.344272e-99    1.000000e-99    2.313171e-99   3.110160e-101 
Co-56              2.344272e-99    1.000000e-99    2.313171e-99   3.110160e-101 
Co-57              2.654583e-23    1.000000e-99    2.607110e-23    4.747248e-25 
Co-58              2.344272e-99    1.000000e-99    2.313171e-99   3.110160e-101 
Co-59              1.407209e-05    3.991489e-06    1.386627e-05    2.058237e-07 
Co-60              1.028167e-21    1.000000e-99    1.002355e-21    2.581145e-23 
Co-61              2.344272e-99    1.000000e-99    2.313171e-99   3.110160e-101 
Co-62              2.344272e-99    1.000000e-99    2.313171e-99   3.110160e-101 
Co-63              2.344272e-99    1.000000e-99    2.313171e-99   3.110160e-101 
Ni-56              2.344272e-99    1.000000e-99    2.313171e-99   3.110160e-101 
Ni-57              2.344272e-99    1.000000e-99    2.313171e-99   3.110160e-101 
Ni-58              1.305750e-04    5.710980e-05    1.288548e-04    1.720269e-06 
Ni-59              3.804714e-07    1.000000e-99    3.743083e-07    6.163037e-09 
Ni-60              5.607776e-05    2.275717e-05    5.532274e-05    7.550204e-07 
Ni-61              4.088011e-06    1.005726e-06    4.026593e-06    6.141821e-08 
Ni-62              1.118018e-05    3.259262e-06    1.101541e-05    1.647699e-07 
Ni-63              4.730448e-14    1.000000e-99    4.641894e-14    8.855419e-16 
Ni-64              4.171152e-06    8.568133e-07    4.103539e-06    6.761378e-08 
Ni-65              2.344272e-99    1.000000e-99    2.313171e-99   3.110160e-101 
Ni-66              2.344272e-99    1.000000e-99    2.313171e-99   3.110160e-101 
Ni-67              2.344272e-99    1.000000e-99    2.313171e-99   3.110160e-101 
Ni-68              2.344272e-99    1.000000e-99    2.313171e-99   3.110160e-101 
Cu-60              2.344272e-99    1.000000e-99    2.313171e-99   3.110160e-101 
Cu-61              2.344272e-99    1.000000e-99    2.313171e-99   3.110160e-101 
Cu-62              2.344272e-99    1.000000e-99    2.313171e-99   3.110160e-101 
Cu-63              2.780518e-06    6.600340e-07    2.737738e-06    4.278019e-08 
Cu-64              2.344272e-99    1.000000e-99    2.313171e-99   3.110160e-101 
Cu-65              1.374638e-06    3.034684e-07    1.352680e-06    2.195770e-08 
Cu-66              2.344272e-99    1.000000e-99    2.313171e-99   3.110160e-101 
Cu-67              2.344272e-99    1.000000e-99    2.313171e-99   3.110160e-101 
Cu-68              2.344272e-99    1.000000e-99    2.313171e-99   3.110160e-101 
Cu-69              2.344272e-99    1.000000e-99    2.313171e-99   3.110160e-101 
Cu-70              2.344272e-99    1.000000e-99    2.313171e-99   3.110160e-101 
Cu-71              2.344272e-99    1.000000e-99    2.313171e-99   3.110160e-101 
Zn-62              2.344272e-99    1.000000e-99    2.313171e-99   3.110160e-101 
Zn-63              2.344272e-99    1.000000e-99    2.313171e-99   3.110160e-101 
Zn-64              2.832966e-06    1.130751e-06    2.794518e-06    3.844746e-08 
Zn-65              2.597022e-16    1.000000e-99    2.548255e-16    4.876654e-18 
Zn-66              2.085036e-06    6.690076e-07    2.054360e-06    3.067612e-08 
Zn-67              3.456971e-07    9.980253e-08    3.404545e-07    5.242635e-09 
Zn-68              1.594392e-06    4.632262e-07    1.570027e-06    2.436534e-08 
Zn-69              2.344272e-99    1.000000e-99    2.313171e-99   3.110160e-101 
Zn-70              3.692142e-08    1.576786e-08    3.642878e-08    4.926371e-10 
Zn-71              2.344272e-99    1.000000e-99    2.313171e-99   3.110160e-101 
Zn-72              2.344272e-99    1.000000e-99    2.313171e-99   3.110160e-101 
Zn-73              2.344272e-99    1.000000e-99    2.313171e-99   3.110160e-101 
Zn-74              2.344272e-99    1.000000e-99    2.313171e-99   3.110160e-101 
Ga-65              2.344272e-99    1.000000e-99    2.313171e-99   3.110160e-101 
Ga-66              2.344272e-99    1.000000e-99    2.313171e-99   3.110160e-101 
Ga-67              2.344272e-99    1.000000e-99    2.313171e-99   3.110160e-101 
Ga-68              2.344272e-99    1.000000e-99    2.313171e-99   3.110160e-101 
Ga-69              1.757051e-07    4.550546e-08    1.729368e-07    2.768315e-09 
Ga-70              2.344272e-99    1.000000e-99    2.313171e-99   3.110160e-101 
Ga-71              1.150617e-07    3.107622e-08    1.132722e-07    1.789543e-09 
Ga-72              2.344272e-99    1.000000e-99    2.313171e-99   3.110160e-101 
Ga-73              2.344272e-99    1.000000e-99    2.313171e-99   3.110160e-101 
Ga-74              2.344272e-99    1.000000e-99    2.313171e-99   3.110160e-101 
Ga-75              2.344272e-99    1.000000e-99    2.313171e-99   3.110160e-101 
Ge-66              2.344272e-99    1.000000e-99    2.313171e-99   3.110160e-101 
Ge-67              2.344272e-99    1.000000e-99    2.313171e-99   3.110160e-101 
Ge-68              2.344272e-99    1.000000e-99    2.313171e-99   3.110160e-101 
Ge-69              2.344272e-99    1.000000e-99    2.313171e-99   3.110160e-101 
Ge-70              2.172182e-07    5.157185e-08    2.137228e-07    3.495378e-09 
Ge-71              2.344272e-99    1.000000e-99    2.313171e-99   3.110160e-101 
Ge-72              2.507981e-07    6.910333e-08    2.468964e-07    3.901721e-09 
Ge-73              7.152168e-08    1.954584e-08    7.040541e-08    1.116264e-09 
Ge-74              3.473073e-07    9.228454e-08    3.418490e-07    5.458311e-09 
Ge-75              2.344272e-99    1.000000e-99    2.313171e-99   3.110160e-101 
Ge-76              4.575006e-08    1.962921e-08    4.514082e-08    6.092390e-10 
Ge-77              2.344272e-99    1.000000e-99    2.313171e-99   3.110160e-101 
Ge-78              2.344272e-99    1.000000e-99    2.313171e-99   3.110160e-101 
As-69              2.344272e-99    1.000000e-99    2.313171e-99   3.110160e-101 
As-70              2.344272e-99    1.000000e-99    2.313171e-99   3.110160e-101 
As-71              2.344272e-99    1.000000e-99    2.313171e-99   3.110160e-101 
As-72              2.344272e-99    1.000000e-99    2.313171e-99   3.110160e-101 
As-73              2.344272e-99    1.000000e-99    2.313171e-99   3.110160e-101 
As-74              2.344272e-99    1.000000e-99    2.313171e-99   3.110160e-101 
As-75              4.616610e-08    1.430027e-08    4.547025e-08    6.958468e-10 
As-76              2.344272e-99    1.000000e-99    2.313171e-99   3.110160e-101 
As-77              2.344272e-99    1.000000e-99    2.313171e-99   3.110160e-101 
As-78              2.344272e-99    1.000000e-99    2.313171e-99   3.110160e-101 
As-79              2.344272e-99    1.000000e-99    2.313171e-99   3.110160e-101 
As-80              2.344272e-99    1.000000e-99    2.313171e-99   3.110160e-101 
As-81              2.344272e-99    1.000000e-99    2.313171e-99   3.110160e-101 
Se-72              2.344272e-99    1.000000e-99    2.313171e-99   3.110160e-101 
Se-73              2.344272e-99    1.000000e-99    2.313171e-99   3.110160e-101 
Se-74              2.715046e-09    1.197888e-09    2.679342e-09    3.570358e-11 
Se-75              2.344272e-99    1.000000e-99    2.313171e-99   3.110160e-101 
Se-76              5.870117e-08    1.296136e-08    5.774112e-08    9.600517e-10 
Se-77              3.558769e-08    1.070490e-08    3.504728e-08    5.404142e-10 
Se-78              1.427746e-07    3.376317e-08    1.404832e-07    2.291379e-09 
Se-79              1.085485e-12    4.097865e-26    1.064429e-12    2.105621e-14 
Se-80              2.249992e-07    7.226298e-08    2.216724e-07    3.326842e-09 
Se-81              2.344272e-99    1.000000e-99    2.313171e-99   3.110160e-101 
Se-82              3.022762e-08    1.303649e-08    2.982759e-08    4.000289e-10 
Se-83              2.344272e-99    1.000000e-99    2.313171e-99   3.110160e-101 
Se-84              2.344272e-99    1.000000e-99    2.313171e-99   3.110160e-101 
Br-74              2.344272e-99    1.000000e-99    2.313171e-99   3.110160e-101 
Br-75              2.344272e-99    1.000000e-99    2.313171e-99   3.110160e-101 
Br-76              2.344272e-99    1.000000e-99    2.313171e-99   3.110160e-101 
Br-77              2.344272e-99    1.000000e-99    2.313171e-99   3.110160e-101 
Br-78              2.344272e-99    1.000000e-99    2.313171e-99   3.110160e-101 
Br-79              4.510545e-08    1.389306e-08    4.442683e-08    6.786243e-10 
Br-80              2.344272e-99    1.000000e-99    2.313171e-99   3.110160e-101 
Br-81              4.248953e-08    1.385920e-08    4.186605e-08    6.234748e-10 
Br-82              2.344272e-99    1.000000e-99    2.313171e-99   3.110160e-101 
Br-83              2.344272e-99    1.000000e-99    2.313171e-99   3.110160e-101 
Br-84              2.344272e-99    1.000000e-99    2.313171e-99   3.110160e-101 
Br-85              2.344272e-99    1.000000e-99    2.313171e-99   3.110160e-101 
Br-86              2.344272e-99    1.000000e-99    2.313171e-99   3.110160e-101 
Br-87              2.344272e-99    1.000000e-99    2.313171e-99   3.110160e-101 
Kr-76              2.344272e-99    1.000000e-99    2.313171e-99   3.110160e-101 
Kr-77              2.344272e-99    1.000000e-99    2.313171e-99   3.110160e-101 
Kr-78              8.839280e-10    3.900193e-10    8.723042e-10    1.162379e-11 
Kr-79              2.344272e-99    1.000000e-99    2.313171e-99   3.110160e-101 
Kr-80              7.111660e-09    2.574713e-09    7.011520e-09    1.001400e-10 
Kr-81              1.830610e-13    1.000000e-99    1.798365e-13    3.224438e-15 
Kr-82              5.886091e-08    1.319540e-08    5.792999e-08    9.309185e-10 
Kr-83              4.065737e-08    1.324168e-08    4.006558e-08    5.917836e-10 
Kr-84              2.199329e-07    6.601984e-08    2.166764e-07    3.256543e-09 
Kr-85              3.724260e-20    1.000000e-99    3.638574e-20    8.568675e-22 
Kr-86              8.250894e-08    2.044383e-08    8.123751e-08    1.271435e-09 
Kr-87              2.344272e-99    1.000000e-99    2.313171e-99   3.110160e-101 
Kr-88              2.344272e-99    1.000000e-99    2.313171e-99   3.110160e-101 
Kr-89              2.344272e-99    1.000000e-99    2.313171e-99   3.110160e-101 
Kr-90              2.344272e-99    1.000000e-99    2.313171e-99   3.110160e-101 
Rb-79              2.344272e-99    1.000000e-99    2.313171e-99   3.110160e-101 
Rb-80              2.344272e-99    1.000000e-99    2.313171e-99   3.110160e-101 
Rb-81              2.344272e-99    1.000000e-99    2.313171e-99   3.110160e-101 
Rb-82              2.344272e-99    1.000000e-99    2.313171e-99   3.110160e-101 
Rb-83              2.344272e-99    1.000000e-99    2.313171e-99   3.110160e-101 
Rb-84              2.344272e-99    1.000000e-99    2.313171e-99   3.110160e-101 
Rb-85              4.839766e-08    1.282422e-08    4.765622e-08    7.414374e-10 
Rb-86              2.344272e-99    1.000000e-99    2.313171e-99   3.110160e-101 
Rb-87              2.874752e-08    4.989853e-09    2.826988e-08    4.776415e-10 
Rb-88              2.344272e-99    1.000000e-99    2.313171e-99   3.110160e-101 
Rb-89              2.344272e-99    1.000000e-99    2.313171e-99   3.110160e-101 
Rb-90              2.344272e-99    1.000000e-99    2.313171e-99   3.110160e-101 
Rb-91              2.344272e-99    1.000000e-99    2.313171e-99   3.110160e-101 
Sr-80              2.344272e-99    1.000000e-99    2.313171e-99   3.110160e-101 
Sr-81              2.344272e-99    1.000000e-99    2.313171e-99   3.110160e-101 
Sr-82              2.344272e-99    1.000000e-99    2.313171e-99   3.110160e-101 
Sr-83              2.344272e-99    1.000000e-99    2.313171e-99   3.110160e-101 
Sr-84              7.315079e-10    3.227999e-10    7.218886e-10    9.619342e-12 
Sr-85              2.344272e-99    1.000000e-99    2.313171e-99   3.110160e-101 
Sr-86              3.259636e-08    5.844553e-09    3.208495e-08    5.114049e-10 
Sr-87              2.283417e-08    4.516023e-09    2.248350e-08    3.506738e-10 
Sr-88              3.438059e-07    5.010796e-08    3.385153e-07    5.290599e-09 
Sr-89              2.344272e-99    1.000000e-99    2.313171e-99   3.110160e-101 
Sr-90              1.382767e-18    1.000000e-99    1.355656e-18    2.711056e-20 
Sr-91              2.344272e-99    1.000000e-99    2.313171e-99   3.110160e-101 
Sr-92              2.344272e-99    1.000000e-99    2.313171e-99   3.110160e-101 
Sr-93              2.344272e-99    1.000000e-99    2.313171e-99   3.110160e-101 
Sr-94              2.344272e-99    1.000000e-99    2.313171e-99   3.110160e-101 
Y-85               2.344272e-99    1.000000e-99    2.313171e-99   3.110160e-101 
Y-86               2.344272e-99    1.000000e-99    2.313171e-99   3.110160e-101 
Y-87               2.344272e-99    1.000000e-99    2.313171e-99   3.110160e-101 
Y-88               2.344272e-99    1.000000e-99    2.313171e-99   3.110160e-101 
Y-89               9.496640e-08    1.229343e-08    9.349571e-08    1.470686e-09 
Y-90               3.517731e-22    1.000000e-99    3.448762e-22    6.896872e-24 
Y-91               2.344272e-99    1.000000e-99    2.313171e-99   3.110160e-101 
Y-92               2.344272e-99    1.000000e-99    2.313171e-99   3.110160e-101 
Y-93               2.344272e-99    1.000000e-99    2.313171e-99   3.110160e-101 
Y-94               2.344272e-99    1.000000e-99    2.313171e-99   3.110160e-101 
Y-95               2.344272e-99    1.000000e-99    2.313171e-99   3.110160e-101 
Y-96               2.344272e-99    1.000000e-99    2.313171e-99   3.110160e-101 
Zr-86              2.344272e-99    1.000000e-99    2.313171e-99   3.110160e-101 
Zr-87              2.344272e-99    1.000000e-99    2.313171e-99   3.110160e-101 
Zr-88              2.344272e-99    1.000000e-99    2.313171e-99   3.110160e-101 
Zr-89              2.344272e-99    1.000000e-99    2.313171e-99   3.110160e-101 
Zr-90              9.955060e-08    1.534361e-08    9.804536e-08    1.505243e-09 
Zr-91              2.720968e-08    3.384023e-09    2.678995e-08    4.197264e-10 
Zr-92              4.356689e-08    5.226772e-09    4.289137e-08    6.755145e-10 
Zr-93              2.534274e-11    1.000000e-99    2.492690e-11    4.158408e-13 
Zr-94              5.143921e-08    5.413280e-09    5.064014e-08    7.990654e-10 
Zr-95              2.344272e-99    1.000000e-99    2.313171e-99   3.110160e-101 
Zr-96              6.346923e-09    8.903423e-10    6.242055e-09    1.048676e-10 
Zr-97              2.344272e-99    1.000000e-99    2.313171e-99   3.110160e-101 
Zr-98              2.344272e-99    1.000000e-99    2.313171e-99   3.110160e-101 
Nb-89              2.344272e-99    1.000000e-99    2.313171e-99   3.110160e-101 
Nb-90              2.344272e-99    1.000000e-99    2.313171e-99   3.110160e-101 
Nb-91              2.344272e-99    1.000000e-99    2.313171e-99   3.110160e-101 
Nb-92              2.344272e-99    1.000000e-99    2.313171e-99   3.110160e-101 
Nb-93              1.590534e-08    1.900054e-09    1.565840e-08    2.469377e-10 
Nb-94              2.589467e-18    1.000000e-99    2.550345e-18    3.912189e-20 
Nb-95              2.344272e-99    1.000000e-99    2.313171e-99   3.110160e-101 
Nb-96              2.344272e-99    1.000000e-99    2.313171e-99   3.110160e-101 
Nb-97              2.344272e-99    1.000000e-99    2.313171e-99   3.110160e-101 
Nb-98              2.344272e-99    1.000000e-99    2.313171e-99   3.110160e-101 
Nb-99              2.344272e-99    1.000000e-99    2.313171e-99   3.110160e-101 
Mo-90              2.344272e-99    1.000000e-99    2.313171e-99   3.110160e-101 
Mo-91              2.344272e-99    1.000000e-99    2.313171e-99   3.110160e-101 
Mo-92              2.302492e-09    1.012496e-09    2.272195e-09    3.029742e-11 
Mo-93              1.174449e-17    1.000000e-99    1.156054e-17    1.839565e-19 
Mo-94              1.532077e-09    6.447522e-10    1.511796e-09    2.028109e-11 
Mo-95              8.588817e-09    1.121895e-09    8.455378e-09    1.334388e-10 
Mo-96              1.260107e-08    1.187505e-09    1.240367e-08    1.973986e-10 
Mo-97              4.769180e-09    6.875272e-10    4.696220e-09    7.296009e-11 
Mo-98              1.462457e-08    1.754359e-09    1.439978e-08    2.247855e-10 
Mo-99              2.344272e-99    1.000000e-99    2.313171e-99   3.110160e-101 
Mo-100             2.529062e-09    7.146065e-10    2.492155e-09    3.690663e-11 
Mo-101             2.344272e-99    1.000000e-99    2.313171e-99   3.110160e-101 
Mo-102             2.344272e-99    1.000000e-99    2.313171e-99   3.110160e-101 
Tc-93              2.344272e-99    1.000000e-99    2.313171e-99   3.110160e-101 
Tc-94              2.344272e-99    1.000000e-99    2.313171e-99   3.110160e-101 
Tc-95              2.344272e-99    1.000000e-99    2.313171e-99   3.110160e-101 
Tc-96              2.344272e-99    1.000000e-99    2.313171e-99   3.110160e-101 
Tc-97              3.432277e-16    1.000000e-99    3.382023e-16    5.025436e-18 
Tc-98              2.300797e-15    1.000000e-99    2.267733e-15    3.306401e-17 
Tc-99              4.296728e-13    1.000000e-99    4.227064e-13    6.966435e-15 
Tc-100             2.344272e-99    1.000000e-99    2.313171e-99   3.110160e-101 
Tc-101             2.344272e-99    1.000000e-99    2.313171e-99   3.110160e-101 
Tc-102             2.344272e-99    1.000000e-99    2.313171e-99   3.110160e-101 
Tc-103             2.344272e-99    1.000000e-99    2.313171e-99   3.110160e-101 
Tc-104             2.344272e-99    1.000000e-99    2.313171e-99   3.110160e-101 
Tc-105             2.344272e-99    1.000000e-99    2.313171e-99   3.110160e-101 
Ru-94              2.344272e-99    1.000000e-99    2.313171e-99   3.110160e-101 
Ru-95              2.344272e-99    1.000000e-99    2.313171e-99   3.110160e-101 
Ru-96              6.632737e-10    2.925638e-10    6.545512e-10    8.722534e-12 
Ru-97              2.344272e-99    1.000000e-99    2.313171e-99   3.110160e-101 
Ru-98              2.290976e-10    1.007098e-10    2.260831e-10    3.014555e-12 
Ru-99              3.032582e-09    6.945400e-10    2.988236e-09    4.434637e-11 
Ru-100             6.495726e-09    6.927902e-10    6.395646e-09    1.000809e-10 
Ru-101             3.292420e-09    9.475089e-10    3.245621e-09    4.679932e-11 
Ru-102             1.123774e-08    1.769736e-09    1.106801e-08    1.697283e-10 
Ru-103             2.344272e-99    1.000000e-99    2.313171e-99   3.110160e-101 
Ru-104             3.094470e-09    1.064926e-09    3.051151e-09    4.331866e-11 
Ru-105             2.344272e-99    1.000000e-99    2.313171e-99   3.110160e-101 
Ru-106             2.344272e-99    1.000000e-99    2.313171e-99   3.110160e-101 
Rh-98              2.344272e-99    1.000000e-99    2.313171e-99   3.110160e-101 
Rh-99              2.344272e-99    1.000000e-99    2.313171e-99   3.110160e-101 
Rh-100             2.344272e-99    1.000000e-99    2.313171e-99   3.110160e-101 
Rh-101             2.344272e-99    1.000000e-99    2.313171e-99   3.110160e-101 
Rh-102             2.344272e-99    1.000000e-99    2.313171e-99   3.110160e-101 
Rh-103             3.687522e-09    1.054679e-09    3.635071e-09    5.245128e-11 
Rh-104             2.344272e-99    1.000000e-99    2.313171e-99   3.110160e-101 
Rh-105             2.344272e-99    1.000000e-99    2.313171e-99   3.110160e-101 
Rh-106             2.344272e-99    1.000000e-99    2.313171e-99   3.110160e-101 
Rh-107             2.344272e-99    1.000000e-99    2.313171e-99   3.110160e-101 
Rh-108             2.344272e-99    1.000000e-99    2.313171e-99   3.110160e-101 
Pd-99              2.344272e-99    1.000000e-99    2.313171e-99   3.110160e-101 
Pd-100             2.344272e-99    1.000000e-99    2.313171e-99   3.110160e-101 
Pd-101             2.344272e-99    1.000000e-99    2.313171e-99   3.110160e-101 
Pd-102             9.610962e-11    4.241146e-11    9.484578e-11    1.263843e-12 
Pd-103             2.344272e-99    1.000000e-99    2.313171e-99   3.110160e-101 
Pd-104             4.738905e-09    4.722820e-10    4.665639e-09    7.326648e-11 
Pd-105             3.191088e-09    9.557865e-10    3.145982e-09    4.510640e-11 
Pd-106             7.294583e-09    1.180942e-09    7.184610e-09    1.099724e-10 
Pd-107             8.202146e-12    1.000000e-99    8.069386e-12    1.327599e-13 
Pd-108             8.426284e-09    1.164921e-09    8.298097e-09    1.281873e-10 
Pd-109             2.344272e-99    1.000000e-99    2.313171e-99   3.110160e-101 
Pd-110             2.022239e-09    5.255369e-10    1.992443e-09    2.979652e-11 
Pd-111             2.344272e-99    1.000000e-99    2.313171e-99   3.110160e-101 
Pd-112             2.344272e-99    1.000000e-99    2.313171e-99   3.110160e-101 
Ag-101             2.344272e-99    1.000000e-99    2.313171e-99   3.110160e-101 
Ag-102             2.344272e-99    1.000000e-99    2.313171e-99   3.110160e-101 
Ag-103             2.344272e-99    1.000000e-99    2.313171e-99   3.110160e-101 
Ag-104             2.344272e-99    1.000000e-99    2.313171e-99   3.110160e-101 
Ag-105             2.344272e-99    1.000000e-99    2.313171e-99   3.110160e-101 
Ag-106             2.344272e-99    1.000000e-99    2.313171e-99   3.110160e-101 
Ag-107             2.671897e-09    7.840161e-10    2.634043e-09    3.785372e-11 
Ag-108             2.344272e-99    1.000000e-99    2.313171e-99   3.110160e-101 
Ag-109             3.360491e-09    7.419986e-10    3.311274e-09    4.921690e-11 
Ag-110             2.344272e-99    1.000000e-99    2.313171e-99   3.110160e-101 
Ag-111             2.344272e-99    1.000000e-99    2.313171e-99   3.110160e-101 
Ag-112             2.344272e-99    1.000000e-99    2.313171e-99   3.110160e-101 
Ag-113             2.344272e-99    1.000000e-99    2.313171e-99   3.110160e-101 
Cd-102             2.344272e-99    1.000000e-99    2.313171e-99   3.110160e-101 
Cd-103             2.344272e-99    1.000000e-99    2.313171e-99   3.110160e-101 
Cd-104             2.344272e-99    1.000000e-99    2.313171e-99   3.110160e-101 
Cd-105             2.344272e-99    1.000000e-99    2.313171e-99   3.110160e-101 
Cd-106             1.438214e-10    6.345981e-11    1.419301e-10    1.891271e-12 
Cd-107             2.344272e-99    1.000000e-99    2.313171e-99   3.110160e-101 
Cd-108             1.076429e-10    4.603590e-11    1.062220e-10    1.420885e-12 
Cd-109             2.344272e-99    1.000000e-99    2.313171e-99   3.110160e-101 
Cd-110             6.070776e-09    6.580184e-10    5.977614e-09    9.316185e-11 
Cd-111             3.208532e-09    6.804807e-10    3.161340e-09    4.719124e-11 
Cd-112             9.366588e-09    1.294369e-09    9.224238e-09    1.423500e-10 
Cd-113             3.375955e-09    6.613517e-10    3.325977e-09    4.997834e-11 
Cd-114             1.309008e-08    1.568640e-09    1.288968e-08    2.003968e-10 
Cd-115             2.344272e-99    1.000000e-99    2.313171e-99   3.110160e-101 
Cd-116             2.769247e-09    4.161239e-10    2.725410e-09    4.383716e-11 
Cd-117             2.344272e-99    1.000000e-99    2.313171e-99   3.110160e-101 
Cd-118             2.344272e-99    1.000000e-99    2.313171e-99   3.110160e-101 
In-106             2.344272e-99    1.000000e-99    2.313171e-99   3.110160e-101 
In-107             2.344272e-99    1.000000e-99    2.313171e-99   3.110160e-101 
In-108             2.344272e-99    1.000000e-99    2.313171e-99   3.110160e-101 
In-109             2.344272e-99    1.000000e-99    2.313171e-99   3.110160e-101 
In-110             2.344272e-99    1.000000e-99    2.313171e-99   3.110160e-101 
In-111             2.344272e-99    1.000000e-99    2.313171e-99   3.110160e-101 
In-112             2.344272e-99    1.000000e-99    2.313171e-99   3.110160e-101 
In-113             5.906173e-11    2.603856e-11    5.828497e-11    7.767585e-13 
In-114             2.344272e-99    1.000000e-99    2.313171e-99   3.110160e-101 
In-115             3.276275e-09    5.914887e-10    3.227404e-09    4.887149e-11 
In-116             2.344272e-99    1.000000e-99    2.313171e-99   3.110160e-101 
In-117             2.344272e-99    1.000000e-99    2.313171e-99   3.110160e-101 
In-118             2.344272e-99    1.000000e-99    2.313171e-99   3.110160e-101 
In-119             2.344272e-99    1.000000e-99    2.313171e-99   3.110160e-101 
Sn-108             2.344272e-99    1.000000e-99    2.313171e-99   3.110160e-101 
Sn-109             2.344272e-99    1.000000e-99    2.313171e-99   3.110160e-101 
Sn-110             2.344272e-99    1.000000e-99    2.313171e-99   3.110160e-101 
Sn-111             2.344272e-99    1.000000e-99    2.313171e-99   3.110160e-101 
Sn-112             2.768147e-10    1.221013e-10    2.731744e-10    3.640313e-12 
Sn-113             2.344272e-99    1.000000e-99    2.313171e-99   3.110160e-101 
Sn-114             1.922235e-10    8.434768e-11    1.896934e-10    2.530083e-12 
Sn-115             9.976933e-11    4.377132e-11    9.845604e-11    1.313290e-12 
Sn-116             1.601718e-08    1.893153e-09    1.577291e-08    2.442711e-10 
Sn-117             6.306620e-09    1.008332e-09    6.211668e-09    9.495213e-11 
Sn-118             2.694649e-08    3.209171e-09    2.653303e-08    4.134620e-10 
Sn-119             8.535414e-09    1.147018e-09    8.405329e-09    1.300853e-10 
Sn-120             4.079899e-08    4.391253e-09    4.016861e-08    6.303801e-10 
Sn-121             2.344272e-99    1.000000e-99    2.313171e-99   3.110160e-101 
Sn-122             5.808673e-09    6.340593e-10    5.713617e-09    9.505654e-11 
Sn-123             2.344272e-99    1.000000e-99    2.313171e-99   3.110160e-101 
Sn-124             1.907162e-09    8.059500e-10    1.881663e-09    2.549898e-11 
Sn-125             2.344272e-99    1.000000e-99    2.313171e-99   3.110160e-101 
Sn-126             1.447364e-17    1.000000e-99    1.417264e-17    3.010004e-19 
Sn-127             2.344272e-99    1.000000e-99    2.313171e-99   3.110160e-101 
Sn-128             2.344272e-99    1.000000e-99    2.313171e-99   3.110160e-101 
Sn-129             2.344272e-99    1.000000e-99    2.313171e-99   3.110160e-101 
Sn-130             2.344272e-99    1.000000e-99    2.313171e-99   3.110160e-101 
Sb-112             2.344272e-99    1.000000e-99    2.313171e-99   3.110160e-101 
Sb-113             2.344272e-99    1.000000e-99    2.313171e-99   3.110160e-101 
Sb-114             2.344272e-99    1.000000e-99    2.313171e-99   3.110160e-101 
Sb-115             2.344272e-99    1.000000e-99    2.313171e-99   3.110160e-101 
Sb-116             2.344272e-99    1.000000e-99    2.313171e-99   3.110160e-101 
Sb-117             2.344272e-99    1.000000e-99    2.313171e-99   3.110160e-101 
Sb-118             2.344272e-99    1.000000e-99    2.313171e-99   3.110160e-101 
Sb-119             2.344272e-99    1.000000e-99    2.313171e-99   3.110160e-101 
Sb-120             2.344272e-99    1.000000e-99    2.313171e-99   3.110160e-101 
Sb-121             3.924093e-09    6.317758e-10    3.864792e-09    5.930051e-11 
Sb-122             2.344272e-99    1.000000e-99    2.313171e-99   3.110160e-101 
Sb-123             1.767650e-09    4.802946e-10    1.741751e-09    2.589837e-11 
Sb-124             2.344272e-99    1.000000e-99    2.313171e-99   3.110160e-101 
Sb-125             2.344272e-99    1.000000e-99    2.313171e-99   3.110160e-101 
Sb-126             8.241669e-24    1.000000e-99    8.070271e-24    1.713975e-25 
Sb-127             2.344272e-99    1.000000e-99    2.313171e-99   3.110160e-101 
Sb-128             2.344272e-99    1.000000e-99    2.313171e-99   3.110160e-101 
Sb-129             2.344272e-99    1.000000e-99    2.313171e-99   3.110160e-101 
Sb-130             2.344272e-99    1.000000e-99    2.313171e-99   3.110160e-101 
Sb-131             2.344272e-99    1.000000e-99    2.313171e-99   3.110160e-101 
Sb-132             2.344272e-99    1.000000e-99    2.313171e-99   3.110160e-101 
Sb-133             2.344272e-99    1.000000e-99    2.313171e-99   3.110160e-101 
Te-114             2.344272e-99    1.000000e-99    2.313171e-99   3.110160e-101 
Te-115             2.344272e-99    1.000000e-99    2.313171e-99   3.110160e-101 
Te-116             2.344272e-99    1.000000e-99    2.313171e-99   3.110160e-101 
Te-117             2.344272e-99    1.000000e-99    2.313171e-99   3.110160e-101 
Te-118             2.344272e-99    1.000000e-99    2.313171e-99   3.110160e-101 
Te-119             2.344272e-99    1.000000e-99    2.313171e-99   3.110160e-101 
Te-120             3.689644e-11    1.628304e-11    3.641125e-11    4.851854e-13 
Te-121             2.344272e-99    1.000000e-99    2.313171e-99   3.110160e-101 
Te-122             4.670682e-09    4.488662e-10    4.598270e-09    7.241197e-11 
Te-123             1.594258e-09    1.578519e-10    1.569622e-09    2.463564e-11 
Te-124             9.325775e-09    8.440945e-10    9.180556e-09    1.452188e-10 
Te-125             5.296456e-09    1.261335e-09    5.219437e-09    7.701876e-11 
Te-126             2.164161e-08    3.375270e-09    2.131546e-08    3.261481e-10 
Te-127             2.344272e-99    1.000000e-99    2.313171e-99   3.110160e-101 
Te-128             1.496577e-08    5.732895e-09    1.476186e-08    2.039101e-10 
Te-129             2.344272e-99    1.000000e-99    2.313171e-99   3.110160e-101 
Te-130             1.432490e-08    6.210550e-09    1.413571e-08    1.891863e-10 
Te-131             2.344272e-99    1.000000e-99    2.313171e-99   3.110160e-101 
Te-132             2.344272e-99    1.000000e-99    2.313171e-99   3.110160e-101 
Te-133             2.344272e-99    1.000000e-99    2.313171e-99   3.110160e-101 
Te-134             2.344272e-99    1.000000e-99    2.313171e-99   3.110160e-101 
I-117              2.344272e-99    1.000000e-99    2.313171e-99   3.110160e-101 
I-118              2.344272e-99    1.000000e-99    2.313171e-99   3.110160e-101 
I-119              2.344272e-99    1.000000e-99    2.313171e-99   3.110160e-101 
I-120              2.344272e-99    1.000000e-99    2.313171e-99   3.110160e-101 
I-121              2.344272e-99    1.000000e-99    2.313171e-99   3.110160e-101 
I-122              2.344272e-99    1.000000e-99    2.313171e-99   3.110160e-101 
I-123              2.344272e-99    1.000000e-99    2.313171e-99   3.110160e-101 
I-124              2.344272e-99    1.000000e-99    2.313171e-99   3.110160e-101 
I-125              2.344272e-99    1.000000e-99    2.313171e-99   3.110160e-101 
I-126              2.344272e-99    1.000000e-99    2.313171e-99   3.110160e-101 
I-127              5.163540e-09    1.459105e-09    5.090116e-09    7.342455e-11 
I-128              2.344272e-99    1.000000e-99    2.313171e-99   3.110160e-101 
I-129              6.738637e-13    1.000000e-99    6.626898e-13    1.117385e-14 
I-130              2.344272e-99    1.000000e-99    2.313171e-99   3.110160e-101 
I-131              2.344272e-99    1.000000e-99    2.313171e-99   3.110160e-101 
I-132              2.344272e-99    1.000000e-99    2.313171e-99   3.110160e-101 
I-133              2.344272e-99    1.000000e-99    2.313171e-99   3.110160e-101 
I-134              2.344272e-99    1.000000e-99    2.313171e-99   3.110160e-101 
I-135              2.344272e-99    1.000000e-99    2.313171e-99   3.110160e-101 
Xe-118             2.344272e-99    1.000000e-99    2.313171e-99   3.110160e-101 
Xe-119             2.344272e-99    1.000000e-99    2.313171e-99   3.110160e-101 
Xe-120             2.344272e-99    1.000000e-99    2.313171e-99   3.110160e-101 
Xe-121             2.344272e-99    1.000000e-99    2.313171e-99   3.110160e-101 
Xe-122             2.344272e-99    1.000000e-99    2.313171e-99   3.110160e-101 
Xe-123             2.344272e-99    1.000000e-99    2.313171e-99   3.110160e-101 
Xe-124             5.006488e-11    2.209501e-11    4.940653e-11    6.583485e-13 
Xe-125             2.344272e-99    1.000000e-99    2.313171e-99   3.110160e-101 
Xe-126             4.418147e-11    1.949268e-11    4.360047e-11    5.809973e-13 
Xe-127             2.344272e-99    1.000000e-99    2.313171e-99   3.110160e-101 
Xe-128             5.201188e-09    3.942736e-10    5.120126e-09    8.106280e-11 
Xe-129             1.298663e-08    4.892977e-09    1.281016e-08    1.764731e-10 
Xe-130             1.108101e-08    7.865029e-10    1.090817e-08    1.728448e-10 
Xe-131             1.255032e-08    3.944670e-09    1.237479e-08    1.755274e-10 
Xe-132             3.004338e-08    4.806204e-09    2.959264e-08    4.507357e-10 
Xe-133             2.344272e-99    1.000000e-99    2.313171e-99   3.110160e-101 
Xe-134             7.316863e-09    1.787989e-09    7.206094e-09    1.107681e-10 
Xe-135             2.344272e-99    1.000000e-99    2.313171e-99   3.110160e-101 
Xe-136             3.494283e-09    1.478416e-09    3.447713e-09    4.656984e-11 
Xe-137             2.344272e-99    1.000000e-99    2.313171e-99   3.110160e-101 
Xe-138             2.344272e-99    1.000000e-99    2.313171e-99   3.110160e-101 
Cs-123             2.344272e-99    1.000000e-99    2.313171e-99   3.110160e-101 
Cs-124             2.344272e-99    1.000000e-99    2.313171e-99   3.110160e-101 
Cs-125             2.344272e-99    1.000000e-99    2.313171e-99   3.110160e-101 
Cs-126             2.344272e-99    1.000000e-99    2.313171e-99   3.110160e-101 
Cs-127             2.344272e-99    1.000000e-99    2.313171e-99   3.110160e-101 
Cs-128             2.344272e-99    1.000000e-99    2.313171e-99   3.110160e-101 
Cs-129             2.344272e-99    1.000000e-99    2.313171e-99   3.110160e-101 
Cs-130             2.344272e-99    1.000000e-99    2.313171e-99   3.110160e-101 
Cs-131             2.344272e-99    1.000000e-99    2.313171e-99   3.110160e-101 
Cs-132             2.344272e-99    1.000000e-99    2.313171e-99   3.110160e-101 
Cs-133             5.995326e-09    1.426049e-09    5.908307e-09    8.701818e-11 
Cs-134             2.344272e-99    1.000000e-99    2.313171e-99   3.110160e-101 
Cs-135             7.904543e-12    1.000000e-99    7.772194e-12    1.323492e-13 
Cs-136             2.344272e-99    1.000000e-99    2.313171e-99   3.110160e-101 
Cs-137             1.986627e-18    1.000000e-99    1.948088e-18    3.853924e-20 
Cs-138             2.344272e-99    1.000000e-99    2.313171e-99   3.110160e-101 
Cs-139             2.344272e-99    1.000000e-99    2.313171e-99   3.110160e-101 
Ba-124             2.344272e-99    1.000000e-99    2.313171e-99   3.110160e-101 
Ba-125             2.344272e-99    1.000000e-99    2.313171e-99   3.110160e-101 
Ba-126             2.344272e-99    1.000000e-99    2.313171e-99   3.110160e-101 
Ba-127             2.344272e-99    1.000000e-99    2.313171e-99   3.110160e-101 
Ba-128             2.344272e-99    1.000000e-99    2.313171e-99   3.110160e-101 
Ba-129             2.344272e-99    1.000000e-99    2.313171e-99   3.110160e-101 
Ba-130             4.110992e-11    1.814312e-11    4.056933e-11    5.405913e-13 
Ba-131             2.344272e-99    1.000000e-99    2.313171e-99   3.110160e-101 
Ba-132             3.993566e-11    1.762128e-11    3.941050e-11    5.251591e-13 
Ba-133             2.344272e-99    1.000000e-99    2.313171e-99   3.110160e-101 
Ba-134             6.763624e-09    4.272326e-10    6.658573e-09    1.050511e-10 
Ba-135             6.934713e-09    1.173907e-09    6.829904e-09    1.048091e-10 
Ba-136             2.178422e-08    1.408826e-09    2.144556e-08    3.386538e-10 
Ba-137             2.161979e-08    2.029834e-09    2.128317e-08    3.366178e-10 
Ba-138             2.022114e-07    1.305194e-08    1.990382e-07    3.173138e-09 
Ba-139             2.344272e-99    1.000000e-99    2.313171e-99   3.110160e-101 
Ba-140             2.344272e-99    1.000000e-99    2.313171e-99   3.110160e-101 
Ba-141             2.344272e-99    1.000000e-99    2.313171e-99   3.110160e-101 
Ba-142             2.344272e-99    1.000000e-99    2.313171e-99   3.110160e-101 
La-127             2.344272e-99    1.000000e-99    2.313171e-99   3.110160e-101 
La-128             2.344272e-99    1.000000e-99    2.313171e-99   3.110160e-101 
La-129             2.344272e-99    1.000000e-99    2.313171e-99   3.110160e-101 
La-130             2.344272e-99    1.000000e-99    2.313171e-99   3.110160e-101 
La-131             2.344272e-99    1.000000e-99    2.313171e-99   3.110160e-101 
La-132             2.344272e-99    1.000000e-99    2.313171e-99   3.110160e-101 
La-133             2.344272e-99    1.000000e-99    2.313171e-99   3.110160e-101 
La-134             2.344272e-99    1.000000e-99    2.313171e-99   3.110160e-101 
La-135             2.344272e-99    1.000000e-99    2.313171e-99   3.110160e-101 
La-136             2.344272e-99    1.000000e-99    2.313171e-99   3.110160e-101 
La-137             5.446868e-20    1.000000e-99    5.364031e-20    8.283663e-22 
La-138             3.614568e-12    1.603122e-12    3.567035e-12    4.753260e-14 
La-139             2.355780e-08    1.790218e-09    2.318978e-08    3.680227e-10 
La-140             2.344272e-99    1.000000e-99    2.313171e-99   3.110160e-101 
La-141             2.344272e-99    1.000000e-99    2.313171e-99   3.110160e-101 
La-142             2.344272e-99    1.000000e-99    2.313171e-99   3.110160e-101 
La-143             2.344272e-99    1.000000e-99    2.313171e-99   3.110160e-101 
Ce-130             2.344272e-99    1.000000e-99    2.313171e-99   3.110160e-101 
Ce-131             2.344272e-99    1.000000e-99    2.313171e-99   3.110160e-101 
Ce-132             2.344272e-99    1.000000e-99    2.313171e-99   3.110160e-101 
Ce-133             2.344272e-99    1.000000e-99    2.313171e-99   3.110160e-101 
Ce-134             2.344272e-99    1.000000e-99    2.313171e-99   3.110160e-101 
Ce-135             2.344272e-99    1.000000e-99    2.313171e-99   3.110160e-101 
Ce-136             1.899607e-11    8.381751e-12    1.874627e-11    2.498013e-13 
Ce-137             2.344272e-99    1.000000e-99    2.313171e-99   3.110160e-101 
Ce-138             2.604128e-11    1.147744e-11    2.569878e-11    3.424924e-13 
Ce-139             2.344272e-99    1.000000e-99    2.313171e-99   3.110160e-101 
Ce-140             5.563667e-08    4.103022e-09    5.477578e-08    8.608904e-10 
Ce-141             2.344272e-99    1.000000e-99    2.313171e-99   3.110160e-101 
Ce-142             3.237697e-09    5.229277e-10    3.186188e-09    5.150874e-11 
Ce-143             2.344272e-99    1.000000e-99    2.313171e-99   3.110160e-101 
Ce-144             2.344272e-99    1.000000e-99    2.313171e-99   3.110160e-101 
Ce-145             2.344272e-99    1.000000e-99    2.313171e-99   3.110160e-101 
Ce-146             2.344272e-99    1.000000e-99    2.313171e-99   3.110160e-101 
Pr-133             2.344272e-99    1.000000e-99    2.313171e-99   3.110160e-101 
Pr-134             2.344272e-99    1.000000e-99    2.313171e-99   3.110160e-101 
Pr-135             2.344272e-99    1.000000e-99    2.313171e-99   3.110160e-101 
Pr-136             2.344272e-99    1.000000e-99    2.313171e-99   3.110160e-101 
Pr-137             2.344272e-99    1.000000e-99    2.313171e-99   3.110160e-101 
Pr-138             2.344272e-99    1.000000e-99    2.313171e-99   3.110160e-101 
Pr-139             2.344272e-99    1.000000e-99    2.313171e-99   3.110160e-101 
Pr-140             2.344272e-99    1.000000e-99    2.313171e-99   3.110160e-101 
Pr-141             6.508787e-09    6.910381e-10    6.408553e-09    1.002339e-10 
Pr-142             2.344272e-99    1.000000e-99    2.313171e-99   3.110160e-101 
Pr-143             2.344272e-99    1.000000e-99    2.313171e-99   3.110160e-101 
Pr-144             2.344272e-99    1.000000e-99    2.313171e-99   3.110160e-101 
Pr-145             2.344272e-99    1.000000e-99    2.313171e-99   3.110160e-101 
Pr-146             2.344272e-99    1.000000e-99    2.313171e-99   3.110160e-101 
Pr-147             2.344272e-99    1.000000e-99    2.313171e-99   3.110160e-101 
Pr-148             2.344272e-99    1.000000e-99    2.313171e-99   3.110160e-101 
Pr-149             2.344272e-99    1.000000e-99    2.313171e-99   3.110160e-101 
Nd-134             2.344272e-99    1.000000e-99    2.313171e-99   3.110160e-101 
Nd-135             2.344272e-99    1.000000e-99    2.313171e-99   3.110160e-101 
Nd-136             2.344272e-99    1.000000e-99    2.313171e-99   3.110160e-101 
Nd-137             2.344272e-99    1.000000e-99    2.313171e-99   3.110160e-101 
Nd-138             2.344272e-99    1.000000e-99    2.313171e-99   3.110160e-101 
Nd-139             2.344272e-99    1.000000e-99    2.313171e-99   3.110160e-101 
Nd-140             2.344272e-99    1.000000e-99    2.313171e-99   3.110160e-101 
Nd-141             2.344272e-99    1.000000e-99    2.313171e-99   3.110160e-101 
Nd-142             1.280051e-08    9.919756e-10    1.260423e-08    1.962778e-10 
Nd-143             2.871875e-09    4.483556e-10    2.828685e-09    4.318986e-11 
Nd-144             7.897120e-09    8.826112e-10    7.775627e-09    1.214929e-10 
Nd-145             1.802341e-09    3.095487e-10    1.775336e-09    2.700449e-11 
Nd-146             6.568999e-09    6.447718e-10    6.467337e-09    1.016627e-10 
Nd-147             2.344272e-99    1.000000e-99    2.313171e-99   3.110160e-101 
Nd-148             1.386247e-09    2.185025e-10    1.364864e-09    2.138355e-11 
Nd-149             2.344272e-99    1.000000e-99    2.313171e-99   3.110160e-101 
Nd-150             5.060116e-10    2.168256e-10    4.992867e-10    6.724873e-12 
Nd-151             2.344272e-99    1.000000e-99    2.313171e-99   3.110160e-101 
Nd-152             2.344272e-99    1.000000e-99    2.313171e-99   3.110160e-101 
Pm-137             2.344272e-99    1.000000e-99    2.313171e-99   3.110160e-101 
Pm-138             2.344272e-99    1.000000e-99    2.313171e-99   3.110160e-101 
Pm-139             2.344272e-99    1.000000e-99    2.313171e-99   3.110160e-101 
Pm-140             2.344272e-99    1.000000e-99    2.313171e-99   3.110160e-101 
Pm-141             2.344272e-99    1.000000e-99    2.313171e-99   3.110160e-101 
Pm-142             2.344272e-99    1.000000e-99    2.313171e-99   3.110160e-101 
Pm-143             2.344272e-99    1.000000e-99    2.313171e-99   3.110160e-101 
Pm-144             2.344272e-99    1.000000e-99    2.313171e-99   3.110160e-101 
Pm-145             1.341714e-24    1.000000e-99    1.317285e-24    2.442858e-26 
Pm-146             2.344272e-99    1.000000e-99    2.313171e-99   3.110160e-101 
Pm-147             2.344272e-99    1.000000e-99    2.313171e-99   3.110160e-101 
Pm-148             2.344272e-99    1.000000e-99    2.313171e-99   3.110160e-101 
Pm-149             2.344272e-99    1.000000e-99    2.313171e-99   3.110160e-101 
Pm-150             2.344272e-99    1.000000e-99    2.313171e-99   3.110160e-101 
Pm-151             2.344272e-99    1.000000e-99    2.313171e-99   3.110160e-101 
Pm-152             2.344272e-99    1.000000e-99    2.313171e-99   3.110160e-101 
Pm-153             2.344272e-99    1.000000e-99    2.313171e-99   3.110160e-101 
Pm-154             2.344272e-99    1.000000e-99    2.313171e-99   3.110160e-101 
Sm-140             2.344272e-99    1.000000e-99    2.313171e-99   3.110160e-101 
Sm-141             2.344272e-99    1.000000e-99    2.313171e-99   3.110160e-101 
Sm-142             2.344272e-99    1.000000e-99    2.313171e-99   3.110160e-101 
Sm-143             2.344272e-99    1.000000e-99    2.313171e-99   3.110160e-101 
Sm-144             8.368987e-11    3.683532e-11    8.258885e-11    1.101017e-12 
Sm-145             2.344272e-99    1.000000e-99    2.313171e-99   3.110160e-101 
Sm-146             8.487212e-14    1.000000e-99    8.354899e-14    1.323128e-15 
Sm-147             1.014585e-09    1.834427e-10    9.994392e-10    1.514538e-11 
Sm-148             1.325700e-09    1.384631e-10    1.305485e-09    2.021517e-11 
Sm-149             6.153016e-10    1.713731e-10    6.065266e-10    8.775079e-12 
Sm-150             1.204721e-09    9.213125e-11    1.185933e-09    1.878883e-11 
Sm-151             2.584951e-18    1.000000e-99    2.541746e-18    4.320478e-20 
Sm-152             1.642351e-09    3.383156e-10    1.618144e-09    2.420741e-11 
Sm-153             2.344272e-99    1.000000e-99    2.313171e-99   3.110160e-101 
Sm-154             1.035587e-09    2.916240e-10    1.020648e-09    1.493885e-11 
Sm-155             2.344272e-99    1.000000e-99    2.313171e-99   3.110160e-101 
Sm-156             2.344272e-99    1.000000e-99    2.313171e-99   3.110160e-101 
Sm-157             2.344272e-99    1.000000e-99    2.313171e-99   3.110160e-101 
Sm-158             2.344272e-99    1.000000e-99    2.313171e-99   3.110160e-101 
Eu-143             2.344272e-99    1.000000e-99    2.313171e-99   3.110160e-101 
Eu-144             2.344272e-99    1.000000e-99    2.313171e-99   3.110160e-101 
Eu-145             2.344272e-99    1.000000e-99    2.313171e-99   3.110160e-101 
Eu-146             2.344272e-99    1.000000e-99    2.313171e-99   3.110160e-101 
Eu-147             2.344272e-99    1.000000e-99    2.313171e-99   3.110160e-101 
Eu-148             2.344272e-99    1.000000e-99    2.313171e-99   3.110160e-101 
Eu-149             2.344272e-99    1.000000e-99    2.313171e-99   3.110160e-101 
Eu-150             2.344272e-99    1.000000e-99    2.313171e-99   3.110160e-101 
Eu-151             6.080590e-10    2.036004e-10    5.996264e-10    8.432593e-12 
Eu-152             1.660610e-25    1.000000e-99    1.629034e-25    3.157560e-27 
Eu-153             6.814474e-10    2.251965e-10    6.719735e-10    9.473858e-12 
Eu-154             1.472101e-24    1.000000e-99    1.440964e-24    3.113737e-26 
Eu-155             2.056153e-26    1.000000e-99    2.005160e-26    5.099336e-28 
Eu-156             2.344272e-99    1.000000e-99    2.313171e-99   3.110160e-101 
Eu-157             2.344272e-99    1.000000e-99    2.313171e-99   3.110160e-101 
Eu-158             2.344272e-99    1.000000e-99    2.313171e-99   3.110160e-101 
Eu-159             2.344272e-99    1.000000e-99    2.313171e-99   3.110160e-101 
Gd-144             2.344272e-99    1.000000e-99    2.313171e-99   3.110160e-101 
Gd-145             2.344272e-99    1.000000e-99    2.313171e-99   3.110160e-101 
Gd-146             2.344272e-99    1.000000e-99    2.313171e-99   3.110160e-101 
Gd-147             2.344272e-99    1.000000e-99    2.313171e-99   3.110160e-101 
Gd-148             2.344272e-99    1.000000e-99    2.313171e-99   3.110160e-101 
Gd-149             2.344272e-99    1.000000e-99    2.313171e-99   3.110160e-101 
Gd-150             2.344272e-99    1.000000e-99    2.313171e-99   3.110160e-101 
Gd-151             2.344272e-99    1.000000e-99    2.313171e-99   3.110160e-101 
Gd-152             2.358603e-11    2.947193e-12    2.322399e-11    3.620456e-13 
Gd-153             2.344272e-99    1.000000e-99    2.313171e-99   3.110160e-101 
Gd-154             4.152834e-10    3.209515e-11    4.088173e-10    6.466099e-12 
Gd-155             7.102901e-10    2.192151e-10    7.002859e-10    1.000415e-11 
Gd-156             1.427602e-09    3.051047e-10    1.406570e-09    2.103217e-11 
Gd-157             8.716557e-10    2.348264e-10    8.591515e-10    1.250418e-11 
Gd-158             2.140340e-09    3.749720e-10    2.108244e-09    3.209562e-11 
Gd-159             2.344272e-99    1.000000e-99    2.313171e-99   3.110160e-101 
Gd-160             1.027239e-09    3.342894e-10    1.012720e-09    1.451916e-11 
Gd-161             2.344272e-99    1.000000e-99    2.313171e-99   3.110160e-101 
Gd-162             2.344272e-99    1.000000e-99    2.313171e-99   3.110160e-101 
Tb-147             2.344272e-99    1.000000e-99    2.313171e-99   3.110160e-101 
Tb-148             2.344272e-99    1.000000e-99    2.313171e-99   3.110160e-101 
Tb-149             2.344272e-99    1.000000e-99    2.313171e-99   3.110160e-101 
Tb-150             2.344272e-99    1.000000e-99    2.313171e-99   3.110160e-101 
Tb-151             2.344272e-99    1.000000e-99    2.313171e-99   3.110160e-101 
Tb-152             2.344272e-99    1.000000e-99    2.313171e-99   3.110160e-101 
Tb-153             2.344272e-99    1.000000e-99    2.313171e-99   3.110160e-101 
Tb-154             2.344272e-99    1.000000e-99    2.313171e-99   3.110160e-101 
Tb-155             2.344272e-99    1.000000e-99    2.313171e-99   3.110160e-101 
Tb-156             2.344272e-99    1.000000e-99    2.313171e-99   3.110160e-101 
Tb-157             4.181313e-20    1.000000e-99    4.110405e-20    7.090815e-22 
Tb-158             1.212376e-20    1.000000e-99    1.192257e-20    2.011944e-22 
Tb-159             9.127350e-10    2.764904e-10    8.998529e-10    1.288210e-11 
Tb-160             2.344272e-99    1.000000e-99    2.313171e-99   3.110160e-101 
Tb-161             2.344272e-99    1.000000e-99    2.313171e-99   3.110160e-101 
Tb-162             2.344272e-99    1.000000e-99    2.313171e-99   3.110160e-101 
Tb-163             2.344272e-99    1.000000e-99    2.313171e-99   3.110160e-101 
Tb-164             2.344272e-99    1.000000e-99    2.313171e-99   3.110160e-101 
Tb-165             2.344272e-99    1.000000e-99    2.313171e-99   3.110160e-101 
Dy-148             2.344272e-99    1.000000e-99    2.313171e-99   3.110160e-101 
Dy-149             2.344272e-99    1.000000e-99    2.313171e-99   3.110160e-101 
Dy-150             2.344272e-99    1.000000e-99    2.313171e-99   3.110160e-101 
Dy-151             2.344272e-99    1.000000e-99    2.313171e-99   3.110160e-101 
Dy-152             2.344272e-99    1.000000e-99    2.313171e-99   3.110160e-101 
Dy-153             2.344272e-99    1.000000e-99    2.313171e-99   3.110160e-101 
Dy-154             2.344272e-99    1.000000e-99    2.313171e-99   3.110160e-101 
Dy-155             2.344272e-99    1.000000e-99    2.313171e-99   3.110160e-101 
Dy-156             2.274174e-12    1.003681e-12    2.244269e-12    2.990514e-14 
Dy-157             2.344272e-99    1.000000e-99    2.313171e-99   3.110160e-101 
Dy-158             3.998871e-12    1.742654e-12    3.946122e-12    5.274853e-14 
Dy-159             2.344272e-99    1.000000e-99    2.313171e-99   3.110160e-101 
Dy-160             5.174595e-10    4.301488e-11    5.093854e-10    8.074032e-12 
Dy-161             1.030706e-09    3.497843e-10    1.016408e-09    1.429824e-11 
Dy-162             2.021167e-09    4.747974e-10    1.991662e-09    2.950551e-11 
Dy-163             1.354725e-09    4.663048e-10    1.335990e-09    1.873521e-11 
Dy-164             2.601044e-09    5.311557e-10    2.562587e-09    3.845653e-11 
Dy-165             2.344272e-99    1.000000e-99    2.313171e-99   3.110160e-101 
Dy-166             2.344272e-99    1.000000e-99    2.313171e-99   3.110160e-101 
Dy-167             2.344272e-99    1.000000e-99    2.313171e-99   3.110160e-101 
Dy-168             2.344272e-99    1.000000e-99    2.313171e-99   3.110160e-101 
Ho-153             2.344272e-99    1.000000e-99    2.313171e-99   3.110160e-101 
Ho-154             2.344272e-99    1.000000e-99    2.313171e-99   3.110160e-101 
Ho-155             2.344272e-99    1.000000e-99    2.313171e-99   3.110160e-101 
Ho-156             2.344272e-99    1.000000e-99    2.313171e-99   3.110160e-101 
Ho-157             2.344272e-99    1.000000e-99    2.313171e-99   3.110160e-101 
Ho-158             2.344272e-99    1.000000e-99    2.313171e-99   3.110160e-101 
Ho-159             2.344272e-99    1.000000e-99    2.313171e-99   3.110160e-101 
Ho-160             2.344272e-99    1.000000e-99    2.313171e-99   3.110160e-101 
Ho-161             2.344272e-99    1.000000e-99    2.313171e-99   3.110160e-101 
Ho-162             2.344272e-99    1.000000e-99    2.313171e-99   3.110160e-101 
Ho-163             5.829399e-16    1.000000e-99    5.733310e-16    9.608878e-18 
Ho-164             2.344272e-99    1.000000e-99    2.313171e-99   3.110160e-101 
Ho-165             1.349771e-09    4.243917e-10    1.330840e-09    1.893088e-11 
Ho-166             2.344272e-99    1.000000e-99    2.313171e-99   3.110160e-101 
Ho-167             2.344272e-99    1.000000e-99    2.313171e-99   3.110160e-101 
Ho-168             2.344272e-99    1.000000e-99    2.313171e-99   3.110160e-101 
Ho-169             2.344272e-99    1.000000e-99    2.313171e-99   3.110160e-101 
Er-154             2.344272e-99    1.000000e-99    2.313171e-99   3.110160e-101 
Er-155             2.344272e-99    1.000000e-99    2.313171e-99   3.110160e-101 
Er-156             2.344272e-99    1.000000e-99    2.313171e-99   3.110160e-101 
Er-157             2.344272e-99    1.000000e-99    2.313171e-99   3.110160e-101 
Er-158             2.344272e-99    1.000000e-99    2.313171e-99   3.110160e-101 
Er-159             2.344272e-99    1.000000e-99    2.313171e-99   3.110160e-101 
Er-160             2.344272e-99    1.000000e-99    2.313171e-99   3.110160e-101 
Er-161             2.344272e-99    1.000000e-99    2.313171e-99   3.110160e-101 
Er-162             3.645412e-12    1.608861e-12    3.597475e-12    4.793676e-14 
Er-163             2.344272e-99    1.000000e-99    2.313171e-99   3.110160e-101 
Er-164             2.302469e-10    1.912858e-11    2.266358e-10    3.611023e-12 
Er-165             2.344272e-99    1.000000e-99    2.313171e-99   3.110160e-101 
Er-166             1.518509e-09    4.044450e-10    1.496760e-09    2.174917e-11 
Er-167             9.130705e-10    2.775897e-10    9.002185e-10    1.285196e-11 
Er-168             1.900764e-09    3.262608e-10    1.872342e-09    2.842142e-11 
Er-169             2.344272e-99    1.000000e-99    2.313171e-99   3.110160e-101 
Er-170             1.050211e-09    1.839889e-10    1.034269e-09    1.594237e-11 
Er-171             2.344272e-99    1.000000e-99    2.313171e-99   3.110160e-101 
Er-172             2.344272e-99    1.000000e-99    2.313171e-99   3.110160e-101 
Er-173             2.344272e-99    1.000000e-99    2.313171e-99   3.110160e-101 
Er-174             2.344272e-99    1.000000e-99    2.313171e-99   3.110160e-101 
Er-175             2.344272e-99    1.000000e-99    2.313171e-99   3.110160e-101 
Tm-159             2.344272e-99    1.000000e-99    2.313171e-99   3.110160e-101 
Tm-160             2.344272e-99    1.000000e-99    2.313171e-99   3.110160e-101 
Tm-161             2.344272e-99    1.000000e-99    2.313171e-99   3.110160e-101 
Tm-162             2.344272e-99    1.000000e-99    2.313171e-99   3.110160e-101 
Tm-163             2.344272e-99    1.000000e-99    2.313171e-99   3.110160e-101 
Tm-164             2.344272e-99    1.000000e-99    2.313171e-99   3.110160e-101 
Tm-165             2.344272e-99    1.000000e-99    2.313171e-99   3.110160e-101 
Tm-166             2.344272e-99    1.000000e-99    2.313171e-99   3.110160e-101 
Tm-167             2.344272e-99    1.000000e-99    2.313171e-99   3.110160e-101 
Tm-168             2.344272e-99    1.000000e-99    2.313171e-99   3.110160e-101 
Tm-169             6.629730e-10    1.854256e-10    6.535307e-10    9.442209e-12 
Tm-170             2.344272e-99    1.000000e-99    2.313171e-99   3.110160e-101 
Tm-171             2.344272e-99    1.000000e-99    2.313171e-99   3.110160e-101 
Tm-172             2.344272e-99    1.000000e-99    2.313171e-99   3.110160e-101 
Tm-173             2.344272e-99    1.000000e-99    2.313171e-99   3.110160e-101 
Tm-174             2.344272e-99    1.000000e-99    2.313171e-99   3.110160e-101 
Tm-175             2.344272e-99    1.000000e-99    2.313171e-99   3.110160e-101 
Tm-176             2.344272e-99    1.000000e-99    2.313171e-99   3.110160e-101 
Yb-160             2.344272e-99    1.000000e-99    2.313171e-99   3.110160e-101 
Yb-161             2.344272e-99    1.000000e-99    2.313171e-99   3.110160e-101 
Yb-162             2.344272e-99    1.000000e-99    2.313171e-99   3.110160e-101 
Yb-163             2.344272e-99    1.000000e-99    2.313171e-99   3.110160e-101 
Yb-164             2.344272e-99    1.000000e-99    2.313171e-99   3.110160e-101 
Yb-165             2.344272e-99    1.000000e-99    2.313171e-99   3.110160e-101 
Yb-166             2.344272e-99    1.000000e-99    2.313171e-99   3.110160e-101 
Yb-167             2.344272e-99    1.000000e-99    2.313171e-99   3.110160e-101 
Yb-168             3.587272e-12    1.583199e-12    3.540100e-12    4.717224e-14 
Yb-169             2.344272e-99    1.000000e-99    2.313171e-99   3.110160e-101 
Yb-170             4.081372e-10    3.746325e-11    4.018258e-10    6.311319e-12 
Yb-171             9.175224e-10    1.770138e-10    9.038838e-10    1.363859e-11 
Yb-172             1.794248e-09    2.721856e-10    1.767173e-09    2.707488e-11 
Yb-173             1.036734e-09    2.022849e-10    1.021389e-09    1.534577e-11 
Yb-174             3.503100e-09    4.014845e-10    3.449451e-09    5.364879e-11 
Yb-175             2.344272e-99    1.000000e-99    2.313171e-99   3.110160e-101 
Yb-176             1.386520e-09    1.628828e-10    1.365166e-09    2.135346e-11 
Yb-177             2.344272e-99    1.000000e-99    2.313171e-99   3.110160e-101 
Yb-178             2.344272e-99    1.000000e-99    2.313171e-99   3.110160e-101 
Yb-179             2.344272e-99    1.000000e-99    2.313171e-99   3.110160e-101 
Yb-180             2.344272e-99    1.000000e-99    2.313171e-99   3.110160e-101 
Lu-165             2.344272e-99    1.000000e-99    2.313171e-99   3.110160e-101 
Lu-166             2.344272e-99    1.000000e-99    2.313171e-99   3.110160e-101 
Lu-167             2.344272e-99    1.000000e-99    2.313171e-99   3.110160e-101 
Lu-168             2.344272e-99    1.000000e-99    2.313171e-99   3.110160e-101 
Lu-169             2.344272e-99    1.000000e-99    2.313171e-99   3.110160e-101 
Lu-170             2.344272e-99    1.000000e-99    2.313171e-99   3.110160e-101 
Lu-171             2.344272e-99    1.000000e-99    2.313171e-99   3.110160e-101 
Lu-172             2.344272e-99    1.000000e-99    2.313171e-99   3.110160e-101 
Lu-173             2.344272e-99    1.000000e-99    2.313171e-99   3.110160e-101 
Lu-174             2.344272e-99    1.000000e-99    2.313171e-99   3.110160e-101 
Lu-175             7.814235e-10    1.827895e-10    7.700690e-10    1.135450e-11 
Lu-176             1.768638e-10    4.704642e-12    1.740528e-10    2.811095e-12 
Lu-177             2.344272e-99    1.000000e-99    2.313171e-99   3.110160e-101 
Lu-178             2.344272e-99    1.000000e-99    2.313171e-99   3.110160e-101 
Lu-179             2.344272e-99    1.000000e-99    2.313171e-99   3.110160e-101 
Lu-180             2.344272e-99    1.000000e-99    2.313171e-99   3.110160e-101 
Lu-181             2.344272e-99    1.000000e-99    2.313171e-99   3.110160e-101 
Lu-182             2.344272e-99    1.000000e-99    2.313171e-99   3.110160e-101 
Hf-166             2.344272e-99    1.000000e-99    2.313171e-99   3.110160e-101 
Hf-167             2.344272e-99    1.000000e-99    2.313171e-99   3.110160e-101 
Hf-168             2.344272e-99    1.000000e-99    2.313171e-99   3.110160e-101 
Hf-169             2.344272e-99    1.000000e-99    2.313171e-99   3.110160e-101 
Hf-170             2.344272e-99    1.000000e-99    2.313171e-99   3.110160e-101 
Hf-171             2.344272e-99    1.000000e-99    2.313171e-99   3.110160e-101 
Hf-172             2.344272e-99    1.000000e-99    2.313171e-99   3.110160e-101 
Hf-173             2.344272e-99    1.000000e-99    2.313171e-99   3.110160e-101 
Hf-174             2.789828e-12    1.231253e-12    2.753142e-12    3.668594e-14 
Hf-175             2.344272e-99    1.000000e-99    2.313171e-99   3.110160e-101 
Hf-176             1.979622e-10    4.044770e-11    1.950529e-10    2.909241e-12 
Hf-177             6.575856e-10    1.437825e-10    6.479551e-10    9.630447e-12 
Hf-178             1.888540e-09    2.121343e-10    1.859581e-09    2.895954e-11 
Hf-179             7.332067e-10    1.065106e-10    7.221275e-10    1.107921e-11 
Hf-180             3.266553e-09    2.758446e-10    3.215982e-09    5.057091e-11 
Hf-181             2.344272e-99    1.000000e-99    2.313171e-99   3.110160e-101 
Hf-182             2.016071e-12    1.000000e-99    1.981889e-12    3.418266e-14 
Hf-183             2.344272e-99    1.000000e-99    2.313171e-99   3.110160e-101 
Hf-184             2.344272e-99    1.000000e-99    2.313171e-99   3.110160e-101 
Hf-185             2.344272e-99    1.000000e-99    2.313171e-99   3.110160e-101 
Ta-169             2.344272e-99    1.000000e-99    2.313171e-99   3.110160e-101 
Ta-170             2.344272e-99    1.000000e-99    2.313171e-99   3.110160e-101 
Ta-171             2.344272e-99    1.000000e-99    2.313171e-99   3.110160e-101 
Ta-172             2.344272e-99    1.000000e-99    2.313171e-99   3.110160e-101 
Ta-173             2.344272e-99    1.000000e-99    2.313171e-99   3.110160e-101 
Ta-174             2.344272e-99    1.000000e-99    2.313171e-99   3.110160e-101 
Ta-175             2.344272e-99    1.000000e-99    2.313171e-99   3.110160e-101 
Ta-176             2.344272e-99    1.000000e-99    2.313171e-99   3.110160e-101 
Ta-177             2.344272e-99    1.000000e-99    2.313171e-99   3.110160e-101 
Ta-178             2.344272e-99    1.000000e-99    2.313171e-99   3.110160e-101 
Ta-179             2.344272e-99    1.000000e-99    2.313171e-99   3.110160e-101 
Ta-180             5.590655e-14    2.429182e-14    5.516901e-14    7.375375e-16 
Ta-181             1.005001e-09    1.985674e-10    9.901732e-10    1.482796e-11 
Ta-182             7.099368e-20    1.000000e-99    6.978998e-20    1.203704e-21 
Ta-183             2.344272e-99    1.000000e-99    2.313171e-99   3.110160e-101 
Ta-184             2.344272e-99    1.000000e-99    2.313171e-99   3.110160e-101 
Ta-185             2.344272e-99    1.000000e-99    2.313171e-99   3.110160e-101 
Ta-186             2.344272e-99    1.000000e-99    2.313171e-99   3.110160e-101 
W-172              2.344272e-99    1.000000e-99    2.313171e-99   3.110160e-101 
W-173              2.344272e-99    1.000000e-99    2.313171e-99   3.110160e-101 
W-174              2.344272e-99    1.000000e-99    2.313171e-99   3.110160e-101 
W-175              2.344272e-99    1.000000e-99    2.313171e-99   3.110160e-101 
W-176              2.344272e-99    1.000000e-99    2.313171e-99   3.110160e-101 
W-177              2.344272e-99    1.000000e-99    2.313171e-99   3.110160e-101 
W-178              2.344272e-99    1.000000e-99    2.313171e-99   3.110160e-101 
W-179              2.344272e-99    1.000000e-99    2.313171e-99   3.110160e-101 
W-180              2.070874e-12    8.394836e-13    2.043139e-12    2.773520e-14 
W-181              2.344272e-99    1.000000e-99    2.313171e-99   3.110160e-101 
W-182              1.562057e-09    1.877481e-10    1.538219e-09    2.383815e-11 
W-183              9.289331e-10    1.019725e-10    9.147247e-10    1.420837e-11 
W-184              2.290504e-09    2.194930e-10    2.255320e-09    3.518399e-11 
W-185              2.344272e-99    1.000000e-99    2.313171e-99   3.110160e-101 
W-186              1.319584e-09    2.058307e-10    1.299573e-09    2.001041e-11 
W-187              2.344272e-99    1.000000e-99    2.313171e-99   3.110160e-101 
W-188              2.344272e-99    1.000000e-99    2.313171e-99   3.110160e-101 
W-189              2.344272e-99    1.000000e-99    2.313171e-99   3.110160e-101 
W-190              2.344272e-99    1.000000e-99    2.313171e-99   3.110160e-101 
Re-175             2.344272e-99    1.000000e-99    2.313171e-99   3.110160e-101 
Re-176             2.344272e-99    1.000000e-99    2.313171e-99   3.110160e-101 
Re-177             2.344272e-99    1.000000e-99    2.313171e-99   3.110160e-101 
Re-178             2.344272e-99    1.000000e-99    2.313171e-99   3.110160e-101 
Re-179             2.344272e-99    1.000000e-99    2.313171e-99   3.110160e-101 
Re-180             2.344272e-99    1.000000e-99    2.313171e-99   3.110160e-101 
Re-181             2.344272e-99    1.000000e-99    2.313171e-99   3.110160e-101 
Re-182             2.344272e-99    1.000000e-99    2.313171e-99   3.110160e-101 
Re-183             2.344272e-99    1.000000e-99    2.313171e-99   3.110160e-101 
Re-184             2.344272e-99    1.000000e-99    2.313171e-99   3.110160e-101 
Re-185             6.451383e-10    1.047859e-10    6.354866e-10    9.651655e-12 
Re-186             2.344272e-99    1.000000e-99    2.313171e-99   3.110160e-101 
Re-187             6.145383e-10    1.745645e-10    6.057693e-10    8.769037e-12 
Re-188             2.344272e-99    1.000000e-99    2.313171e-99   3.110160e-101 
Re-189             2.344272e-99    1.000000e-99    2.313171e-99   3.110160e-101 
Re-190             2.344272e-99    1.000000e-99    2.313171e-99   3.110160e-101 
Re-191             2.344272e-99    1.000000e-99    2.313171e-99   3.110160e-101 
Os-179             2.344272e-99    1.000000e-99    2.313171e-99   3.110160e-101 
Os-180             2.344272e-99    1.000000e-99    2.313171e-99   3.110160e-101 
Os-181             2.344272e-99    1.000000e-99    2.313171e-99   3.110160e-101 
Os-182             2.344272e-99    1.000000e-99    2.313171e-99   3.110160e-101 
Os-183             2.344272e-99    1.000000e-99    2.313171e-99   3.110160e-101 
Os-184             1.610673e-12    7.108303e-13    1.589493e-12    2.118020e-14 
Os-185             2.344272e-99    1.000000e-99    2.313171e-99   3.110160e-101 
Os-186             7.349188e-10    5.778212e-11    7.236029e-10    1.131583e-11 
Os-187             3.118828e-10    6.271986e-11    3.073314e-10    4.551451e-12 
Os-188             2.507649e-09    4.873616e-10    2.470586e-09    3.706298e-11 
Os-189             1.654522e-09    5.973629e-10    1.631880e-09    2.264177e-11 
Os-190             3.712219e-09    9.765959e-10    3.658990e-09    5.322825e-11 
Os-191             2.344272e-99    1.000000e-99    2.313171e-99   3.110160e-101 
Os-192             4.330815e-09    1.532704e-09    4.271023e-09    5.979202e-11 
Os-193             2.344272e-99    1.000000e-99    2.313171e-99   3.110160e-101 
Os-194             1.398363e-24    1.000000e-99    1.365066e-24    3.329772e-26 
Os-195             2.344272e-99    1.000000e-99    2.313171e-99   3.110160e-101 
Os-196             2.344272e-99    1.000000e-99    2.313171e-99   3.110160e-101 
Ir-181             2.344272e-99    1.000000e-99    2.313171e-99   3.110160e-101 
Ir-182             2.344272e-99    1.000000e-99    2.313171e-99   3.110160e-101 
Ir-183             2.344272e-99    1.000000e-99    2.313171e-99   3.110160e-101 
Ir-184             2.344272e-99    1.000000e-99    2.313171e-99   3.110160e-101 
Ir-185             2.344272e-99    1.000000e-99    2.313171e-99   3.110160e-101 
Ir-186             2.344272e-99    1.000000e-99    2.313171e-99   3.110160e-101 
Ir-187             2.344272e-99    1.000000e-99    2.313171e-99   3.110160e-101 
Ir-188             2.344272e-99    1.000000e-99    2.313171e-99   3.110160e-101 
Ir-189             2.344272e-99    1.000000e-99    2.313171e-99   3.110160e-101 
Ir-190             2.344272e-99    1.000000e-99    2.313171e-99   3.110160e-101 
Ir-191             3.343955e-09    1.357372e-09    3.299191e-09    4.476356e-11 
Ir-192             2.344272e-99    1.000000e-99    2.313171e-99   3.110160e-101 
Ir-193             5.616981e-09    2.308350e-09    5.541937e-09    7.504383e-11 
Ir-194             2.344272e-99    1.000000e-99    2.313171e-99   3.110160e-101 
Ir-195             2.344272e-99    1.000000e-99    2.313171e-99   3.110160e-101 
Ir-196             2.344272e-99    1.000000e-99    2.313171e-99   3.110160e-101 
Ir-197             2.344272e-99    1.000000e-99    2.313171e-99   3.110160e-101 
Pt-184             2.344272e-99    1.000000e-99    2.313171e-99   3.110160e-101 
Pt-185             2.344272e-99    1.000000e-99    2.313171e-99   3.110160e-101 
Pt-186             2.344272e-99    1.000000e-99    2.313171e-99   3.110160e-101 
Pt-187             2.344272e-99    1.000000e-99    2.313171e-99   3.110160e-101 
Pt-188             2.344272e-99    1.000000e-99    2.313171e-99   3.110160e-101 
Pt-189             2.344272e-99    1.000000e-99    2.313171e-99   3.110160e-101 
Pt-190             2.285131e-12    1.008463e-12    2.255082e-12    3.004932e-14 
Pt-191             2.344272e-99    1.000000e-99    2.313171e-99   3.110160e-101 
Pt-192             4.641188e-10    5.850019e-11    4.570664e-10    7.052346e-12 
Pt-193             4.365064e-19    1.000000e-99    4.290694e-19    7.436945e-21 
Pt-194             6.872789e-09    2.489798e-09    6.778568e-09    9.422147e-11 
Pt-195             6.307829e-09    2.568263e-09    6.223384e-09    8.444469e-11 
Pt-196             6.509347e-09    1.926003e-09    6.417406e-09    9.194057e-11 
Pt-197             2.344272e-99    1.000000e-99    2.313171e-99   3.110160e-101 
Pt-198             1.456223e-09    5.521699e-10    1.436251e-09    1.997229e-11 
Pt-199             2.344272e-99    1.000000e-99    2.313171e-99   3.110160e-101 
Pt-200             2.344272e-99    1.000000e-99    2.313171e-99   3.110160e-101 
Pt-201             2.344272e-99    1.000000e-99    2.313171e-99   3.110160e-101 
Pt-202             2.344272e-99    1.000000e-99    2.313171e-99   3.110160e-101 
Au-185             2.344272e-99    1.000000e-99    2.313171e-99   3.110160e-101 
Au-186             2.344272e-99    1.000000e-99    2.313171e-99   3.110160e-101 
Au-187             2.344272e-99    1.000000e-99    2.313171e-99   3.110160e-101 
Au-188             2.344272e-99    1.000000e-99    2.313171e-99   3.110160e-101 
Au-189             2.344272e-99    1.000000e-99    2.313171e-99   3.110160e-101 
Au-190             2.344272e-99    1.000000e-99    2.313171e-99   3.110160e-101 
Au-191             2.344272e-99    1.000000e-99    2.313171e-99   3.110160e-101 
Au-192             2.344272e-99    1.000000e-99    2.313171e-99   3.110160e-101 
Au-193             2.344272e-99    1.000000e-99    2.313171e-99   3.110160e-101 
Au-194             2.344272e-99    1.000000e-99    2.313171e-99   3.110160e-101 
Au-195             2.344272e-99    1.000000e-99    2.313171e-99   3.110160e-101 
Au-196             2.344272e-99    1.000000e-99    2.313171e-99   3.110160e-101 
Au-197             3.111246e-09    1.083301e-09    3.068402e-09    4.284397e-11 
Au-198             2.344272e-99    1.000000e-99    2.313171e-99   3.110160e-101 
Au-199             2.344272e-99    1.000000e-99    2.313171e-99   3.110160e-101 
Au-200             2.344272e-99    1.000000e-99    2.313171e-99   3.110160e-101 
Au-201             2.344272e-99    1.000000e-99    2.313171e-99   3.110160e-101 
Au-202             2.344272e-99    1.000000e-99    2.313171e-99   3.110160e-101 
Au-203             2.344272e-99    1.000000e-99    2.313171e-99   3.110160e-101 
Hg-189             2.344272e-99    1.000000e-99    2.313171e-99   3.110160e-101 
Hg-190             2.344272e-99    1.000000e-99    2.313171e-99   3.110160e-101 
Hg-191             2.344272e-99    1.000000e-99    2.313171e-99   3.110160e-101 
Hg-192             2.344272e-99    1.000000e-99    2.313171e-99   3.110160e-101 
Hg-193             2.344272e-99    1.000000e-99    2.313171e-99   3.110160e-101 
Hg-194             2.344272e-99    1.000000e-99    2.313171e-99   3.110160e-101 
Hg-195             2.344272e-99    1.000000e-99    2.313171e-99   3.110160e-101 
Hg-196             6.822945e-12    3.009384e-12    6.733218e-12    8.972754e-14 
Hg-197             2.344272e-99    1.000000e-99    2.313171e-99   3.110160e-101 
Hg-198             2.368340e-09    1.974950e-10    2.331792e-09    3.654808e-11 
Hg-199             1.696893e-09    3.359915e-10    1.671869e-09    2.502408e-11 
Hg-200             4.132183e-09    4.622210e-10    4.068816e-09    6.336749e-11 
Hg-201             1.953475e-09    2.651107e-10    1.923789e-09    2.968672e-11 
Hg-202             6.405768e-09    6.036257e-10    6.306484e-09    9.928405e-11 
Hg-203             2.344272e-99    1.000000e-99    2.313171e-99   3.110160e-101 
Hg-204             4.975503e-10    1.401373e-10    4.903148e-10    7.235437e-12 
Hg-205             2.344272e-99    1.000000e-99    2.313171e-99   3.110160e-101 
Hg-206             2.344272e-99    1.000000e-99    2.313171e-99   3.110160e-101 
Hg-207             2.344272e-99    1.000000e-99    2.313171e-99   3.110160e-101 
Hg-208             2.344272e-99    1.000000e-99    2.313171e-99   3.110160e-101 
Tl-192             2.344272e-99    1.000000e-99    2.313171e-99   3.110160e-101 
Tl-193             2.344272e-99    1.000000e-99    2.313171e-99   3.110160e-101 
Tl-194             2.344272e-99    1.000000e-99    2.313171e-99   3.110160e-101 
Tl-195             2.344272e-99    1.000000e-99    2.313171e-99   3.110160e-101 
Tl-196             2.344272e-99    1.000000e-99    2.313171e-99   3.110160e-101 
Tl-197             2.344272e-99    1.000000e-99    2.313171e-99   3.110160e-101 
Tl-198             2.344272e-99    1.000000e-99    2.313171e-99   3.110160e-101 
Tl-199             2.344272e-99    1.000000e-99    2.313171e-99   3.110160e-101 
Tl-200             2.344272e-99    1.000000e-99    2.313171e-99   3.110160e-101 
Tl-201             2.344272e-99    1.000000e-99    2.313171e-99   3.110160e-101 
Tl-202             2.344272e-99    1.000000e-99    2.313171e-99   3.110160e-101 
Tl-203             3.041259e-09    3.220729e-10    2.994261e-09    4.699739e-11 
Tl-204             2.057491e-27    1.000000e-99    1.982644e-27    7.484687e-29 
Tl-205             5.231412e-09    7.763865e-10    5.152408e-09    7.900430e-11 
Tl-206             2.344272e-99    1.000000e-99    2.313171e-99   3.110160e-101 
Tl-207             2.344272e-99    1.000000e-99    2.313171e-99   3.110160e-101 
Tl-208             2.344272e-99    1.000000e-99    2.313171e-99   3.110160e-101 
Tl-209             2.344272e-99    1.000000e-99    2.313171e-99   3.110160e-101 
Tl-210             2.344272e-99    1.000000e-99    2.313171e-99   3.110160e-101 
Pb-193             2.344272e-99    1.000000e-99    2.313171e-99   3.110160e-101 
Pb-194             2.344272e-99    1.000000e-99    2.313171e-99   3.110160e-101 
Pb-195             2.344272e-99    1.000000e-99    2.313171e-99   3.110160e-101 
Pb-196             2.344272e-99    1.000000e-99    2.313171e-99   3.110160e-101 
Pb-197             2.344272e-99    1.000000e-99    2.313171e-99   3.110160e-101 
Pb-198             2.344272e-99    1.000000e-99    2.313171e-99   3.110160e-101 
Pb-199             2.344272e-99    1.000000e-99    2.313171e-99   3.110160e-101 
Pb-200             2.344272e-99    1.000000e-99    2.313171e-99   3.110160e-101 
Pb-201             2.344272e-99    1.000000e-99    2.313171e-99   3.110160e-101 
Pb-202             2.344272e-99    1.000000e-99    2.313171e-99   3.110160e-101 
Pb-203             2.344272e-99    1.000000e-99    2.313171e-99   3.110160e-101 
Pb-204             3.499114e-09    2.931006e-10    3.444840e-09    5.427410e-11 
Pb-205             6.480667e-13    1.000000e-99    6.373122e-13    1.075453e-14 
Pb-208             3.354778e-08    8.849766e-09    3.305968e-08    4.880976e-10 
Pb-209             2.344272e-99    1.000000e-99    2.313171e-99   3.110160e-101 
Pb-210             4.304360e-25    1.000000e-99    4.214448e-25    8.991260e-27 
Pb-211             2.344272e-99    1.000000e-99    2.313171e-99   3.110160e-101 
Bi-202             2.344272e-99    1.000000e-99    2.313171e-99   3.110160e-101 
Bi-203             2.344272e-99    1.000000e-99    2.313171e-99   3.110160e-101 
Bi-204             2.344272e-99    1.000000e-99    2.313171e-99   3.110160e-101 
Bi-205             2.344272e-99    1.000000e-99    2.313171e-99   3.110160e-101 
Bi-206             2.344272e-99    1.000000e-99    2.313171e-99   3.110160e-101 
Bi-207             2.344272e-99    1.000000e-99    2.313171e-99   3.110160e-101 
Bi-208             2.344272e-99    1.000000e-99    2.313171e-99   3.110160e-101 
Bi-209             2.248826e-09    8.718247e-10    2.218100e-09    3.072627e-11 
Bi-210             2.904356e-11    1.000000e-99    2.853780e-11    5.057593e-13 
Al-26m1            2.344272e-99    1.000000e-99    2.313171e-99   3.110160e-101 
Kr-85m1            2.344272e-99    1.000000e-99    2.313171e-99   3.110160e-101 
Cd-115m1           2.344272e-99    1.000000e-99    2.313171e-99   3.110160e-101 
Lu-176m1           2.344272e-99    1.000000e-99    2.313171e-99   3.110160e-101 
Ta-180m1           2.344272e-99    1.000000e-99    2.313171e-99   3.110160e-101 
