# Battino yields
# Model: m2z2m2
# Mini: 2.00
# Z: 2.00e-02
# Mfinal: 0.6455247544196333
# Mfinal (MESA): 0.9295699019581303
# Created by Daniel Boyea on 2024-12-06
isotope         wind_yield      initial_abundance wind_yield_mesaevo wind_yield_postmesa 
Neutron-1          1.354605e-99    1.000000e-99    1.070560e-99   2.840451e-100 
H-1                9.131695e-01    7.064434e-01    7.226086e-01    1.905609e-01 
H-2                4.899845e-06    1.370527e-05    3.890520e-06    1.009325e-06 
He-3               3.801703e-04    4.539991e-05    3.006287e-04    7.954165e-05 
He-4               3.983475e-01    2.734975e-01    3.145833e-01    8.376427e-02 
Be-7               1.212183e-10    1.000000e-99    9.028686e-11    3.093149e-11 
B-8                1.189524e-27    1.000000e-99    8.932602e-28    2.962638e-28 
Li-7               3.024407e-11    7.605094e-11    2.388920e-11    6.354868e-12 
C-11               5.169238e-27    1.000000e-99    3.658410e-27    1.510828e-27 
B-11               3.868233e-09    2.855891e-09    3.057031e-09    8.112019e-10 
C-12               1.369657e-02    3.424729e-03    1.032405e-02    3.372520e-03 
C-13               1.343442e-04    4.156115e-05    1.062173e-04    2.812693e-05 
N-13               4.338308e-21    1.000000e-99    3.432238e-21    9.060701e-22 
N-14               3.533655e-03    1.058808e-03    2.791853e-03    7.418019e-04 
C-14               1.594214e-08    1.000000e-99    1.177846e-08    4.163678e-09 
N-15               2.748647e-06    4.170720e-06    2.177351e-06    5.712960e-07 
O-16               1.645839e-02    9.624352e-03    1.283815e-02    3.620244e-03 
O-17               5.335484e-05    3.813070e-06    4.217777e-05    1.117707e-05 
O-18               2.129374e-05    2.171062e-05    1.685674e-05    4.436993e-06 
F-17               8.619631e-77    1.000000e-99    6.770629e-77    1.849001e-77 
F-18               5.262314e-58    1.000000e-99    4.133213e-58    1.129102e-58 
F-19               1.647273e-06    5.610951e-07    1.248427e-06    3.988460e-07 
Ne-20              2.466042e-03    1.817733e-03    1.948625e-03    5.174164e-04 
Ne-21              6.511281e-06    4.575277e-06    5.131348e-06    1.379933e-06 
Ne-22              8.875119e-04    1.470235e-04    6.645839e-04    2.229280e-04 
Na-22              1.000774e-16    1.000000e-99    6.611400e-17    3.396340e-17 
Na-23              7.229309e-05    3.999546e-05    5.685053e-05    1.544256e-05 
Mg-23              1.354605e-99    1.000000e-99    1.070560e-99   2.840451e-100 
Mg-24              7.997254e-04    5.862424e-04    6.317132e-04    1.680121e-04 
Mg-25              1.278518e-04    7.733092e-05    9.967897e-05    2.817281e-05 
Mg-26              1.651273e-04    8.848024e-05    1.279227e-04    3.720456e-05 
Al-26              1.720061e-07    1.000000e-99    1.308354e-07    4.117068e-08 
Al-27              8.913474e-05    6.481069e-05    7.037934e-05    1.875540e-05 
Si-27              1.354605e-99    1.000000e-99    1.070560e-99   2.840451e-100 
Si-28              1.009050e-03    7.452665e-04    7.974650e-04    2.115849e-04 
Si-29              5.351757e-05    3.919403e-05    4.227120e-05    1.124637e-05 
Si-30              3.765405e-05    2.672780e-05    2.967933e-05    7.974721e-06 
P-31               9.818354e-06    7.106317e-06    7.748804e-06    2.069550e-06 
S-31               1.354605e-99    1.000000e-99    1.070560e-99   2.840451e-100 
Be-8               1.354605e-99    1.000000e-99    1.070560e-99   2.840451e-100 
O-14               1.354605e-99    1.000000e-99    1.070560e-99   2.840451e-100 
O-15               7.176666e-25    1.000000e-99    5.677817e-25    1.498850e-25 
Na-21              1.354605e-99    1.000000e-99    1.070560e-99   2.840451e-100 
Al-25              1.354605e-99    1.000000e-99    1.070560e-99   2.840451e-100 
P-29               1.354605e-99    1.000000e-99    1.070560e-99   2.840451e-100 
P-30               1.354605e-99    1.000000e-99    1.070560e-99   2.840451e-100 
Pb-206             5.408291e-09    2.797732e-09    4.187009e-09    1.221282e-09 
Pb-207             5.277799e-09    3.089652e-09    4.110299e-09    1.167500e-09 
Bi-211             1.354605e-99    1.000000e-99    1.070560e-99   2.840451e-100 
Po-210             1.354605e-99    1.000000e-99    1.070560e-99   2.840451e-100 
F-20               1.354605e-99    1.000000e-99    1.070560e-99   2.840451e-100 
Ne-19              1.354605e-99    1.000000e-99    1.070560e-99   2.840451e-100 
Na-24              1.354605e-99    1.000000e-99    1.070560e-99   2.840451e-100 
Mg-27              1.354605e-99    1.000000e-99    1.070560e-99   2.840451e-100 
Mg-28              1.354605e-99    1.000000e-99    1.070560e-99   2.840451e-100 
Al-28              1.354605e-99    1.000000e-99    1.070560e-99   2.840451e-100 
Al-29              1.354605e-99    1.000000e-99    1.070560e-99   2.840451e-100 
Si-31              1.354605e-99    1.000000e-99    1.070560e-99   2.840451e-100 
Si-32              5.915029e-12    1.000000e-99    4.226681e-12    1.688348e-12 
P-32               1.343000e-15    1.000000e-99    9.596628e-16    3.833374e-16 
P-33               1.354605e-99    1.000000e-99    1.070560e-99   2.840451e-100 
P-34               1.354605e-99    1.000000e-99    1.070560e-99   2.840451e-100 
P-35               1.354605e-99    1.000000e-99    1.070560e-99   2.840451e-100 
S-32               5.418709e-04    4.010872e-04    4.283100e-04    1.135609e-04 
S-33               4.554873e-06    3.264811e-06    3.593249e-06    9.616239e-07 
S-34               2.598903e-05    1.890425e-05    2.051771e-05    5.471329e-06 
S-35               1.354605e-99    1.000000e-99    1.070560e-99   2.840451e-100 
S-36               1.556487e-07    8.072988e-08    1.205649e-07    3.508390e-08 
S-37               1.354605e-99    1.000000e-99    1.070560e-99   2.840451e-100 
S-38               1.354605e-99    1.000000e-99    1.070560e-99   2.840451e-100 
Cl-34              1.354605e-99    1.000000e-99    1.070560e-99   2.840451e-100 
Cl-35              9.184484e-06    6.821093e-06    7.261198e-06    1.923286e-06 
Cl-36              1.092947e-08    1.000000e-99    8.123381e-09    2.806087e-09 
Cl-37              3.435497e-06    2.305792e-06    2.700222e-06    7.352749e-07 
Cl-38              1.354605e-99    1.000000e-99    1.070560e-99   2.840451e-100 
Cl-39              1.354605e-99    1.000000e-99    1.070560e-99   2.840451e-100 
Cl-40              1.354605e-99    1.000000e-99    1.070560e-99   2.840451e-100 
Ar-35              1.354605e-99    1.000000e-99    1.070560e-99   2.840451e-100 
Ar-36              1.104386e-04    8.202156e-05    8.731263e-05    2.312595e-05 
Ar-37              6.926763e-11    1.000000e-99    4.966808e-11    1.959955e-11 
Ar-38              2.158975e-05    1.574147e-05    1.704817e-05    4.541585e-06 
Ar-39              1.176515e-08    1.000000e-99    8.592382e-09    3.172767e-09 
Ar-40              4.609272e-08    2.650196e-08    3.585122e-08    1.024150e-08 
Ar-41              1.354605e-99    1.000000e-99    1.070560e-99   2.840451e-100 
Ar-42              6.271642e-16    1.000000e-99    4.366191e-16    1.905451e-16 
Ar-43              1.354605e-99    1.000000e-99    1.070560e-99   2.840451e-100 
Ar-44              1.354605e-99    1.000000e-99    1.070560e-99   2.840451e-100 
K-38               1.354605e-99    1.000000e-99    1.070560e-99   2.840451e-100 
K-39               5.298052e-06    3.899726e-06    4.186184e-06    1.111869e-06 
K-40               1.502102e-08    5.005111e-10    1.114871e-08    3.872307e-09 
K-41               4.187773e-07    2.958666e-07    3.301188e-07    8.865850e-08 
K-42               2.744102e-20    1.000000e-99    1.910389e-20    8.337132e-21 
K-43               1.354605e-99    1.000000e-99    1.070560e-99   2.840451e-100 
K-44               1.354605e-99    1.000000e-99    1.070560e-99   2.840451e-100 
K-45               1.354605e-99    1.000000e-99    1.070560e-99   2.840451e-100 
K-46               1.354605e-99    1.000000e-99    1.070560e-99   2.840451e-100 
Ca-39              1.354605e-99    1.000000e-99    1.070560e-99   2.840451e-100 
Ca-40              9.744999e-05    7.225208e-05    7.703540e-05    2.041460e-05 
Ca-41              2.155891e-08    1.000000e-99    1.602301e-08    5.535893e-09 
Ca-42              7.164252e-07    5.063333e-07    5.646755e-07    1.517498e-07 
Ca-43              1.532752e-07    1.081646e-07    1.207862e-07    3.248900e-08 
Ca-44              2.320744e-06    1.710212e-06    1.833819e-06    4.869250e-07 
Ca-45              1.354605e-99    1.000000e-99    1.070560e-99   2.840451e-100 
Ca-46              5.323293e-09    3.428473e-09    4.162492e-09    1.160801e-09 
Ca-47              1.354605e-99    1.000000e-99    1.070560e-99   2.840451e-100 
Ca-48              2.263674e-07    1.672498e-07    1.789051e-07    4.746232e-08 
Ca-49              1.354605e-99    1.000000e-99    1.070560e-99   2.840451e-100 
Sc-43              1.354605e-99    1.000000e-99    1.070560e-99   2.840451e-100 
Sc-44              1.354605e-99    1.000000e-99    1.070560e-99   2.840451e-100 
Sc-45              7.866955e-08    5.413715e-08    6.189354e-08    1.677600e-08 
Sc-46              1.354605e-99    1.000000e-99    1.070560e-99   2.840451e-100 
Sc-47              1.354605e-99    1.000000e-99    1.070560e-99   2.840451e-100 
Sc-48              1.354605e-99    1.000000e-99    1.070560e-99   2.840451e-100 
Sc-49              1.354605e-99    1.000000e-99    1.070560e-99   2.840451e-100 
Sc-50              1.354605e-99    1.000000e-99    1.070560e-99   2.840451e-100 
Ti-44              2.052098e-23    1.000000e-99    1.505289e-23    5.468083e-24 
Ti-45              1.354605e-99    1.000000e-99    1.070560e-99   2.840451e-100 
Ti-46              4.400623e-07    3.231782e-07    3.476640e-07    9.239834e-08 
Ti-47              4.003386e-07    2.976998e-07    3.165200e-07    8.381857e-08 
Ti-48              4.037497e-06    3.013765e-06    3.193023e-06    8.444743e-07 
Ti-49              3.350710e-07    2.257335e-07    2.633966e-07    7.167433e-08 
Ti-50              3.315838e-07    2.208013e-07    2.603575e-07    7.122622e-08 
Ti-51              1.354605e-99    1.000000e-99    1.070560e-99   2.840451e-100 
Ti-52              1.354605e-99    1.000000e-99    1.070560e-99   2.840451e-100 
V-47               1.354605e-99    1.000000e-99    1.070560e-99   2.840451e-100 
V-48               1.354605e-99    1.000000e-99    1.070560e-99   2.840451e-100 
V-49               1.394091e-18    1.000000e-99    1.017739e-18    3.763524e-19 
V-50               1.355415e-09    1.015480e-09    1.072165e-09    2.832500e-10 
V-51               5.591735e-07    4.137779e-07    4.419876e-07    1.171859e-07 
V-52               1.354605e-99    1.000000e-99    1.070560e-99   2.840451e-100 
V-53               1.354605e-99    1.000000e-99    1.070560e-99   2.840451e-100 
Cr-48              1.354605e-99    1.000000e-99    1.070560e-99   2.840451e-100 
Cr-49              1.354605e-99    1.000000e-99    1.070560e-99   2.840451e-100 
Cr-50              1.103111e-06    8.265377e-07    8.725912e-07    2.305196e-07 
Cr-51              1.871778e-12    1.000000e-99    1.327822e-12    5.439565e-13 
Cr-52              2.235548e-05    1.657585e-05    1.767241e-05    4.683072e-06 
Cr-53              2.586441e-06    1.915622e-06    2.044452e-06    5.419887e-07 
Cr-54              7.592708e-07    4.857946e-07    5.948470e-07    1.644238e-07 
Cr-55              1.354605e-99    1.000000e-99    1.070560e-99   2.840451e-100 
Cr-56              1.354605e-99    1.000000e-99    1.070560e-99   2.840451e-100 
Mn-51              1.354605e-99    1.000000e-99    1.070560e-99   2.840451e-100 
Mn-52              1.354605e-99    1.000000e-99    1.070560e-99   2.840451e-100 
Mn-53              2.419576e-18    1.000000e-99    1.771586e-18    6.479895e-19 
Mn-54              8.780633e-19    1.000000e-99    6.384199e-19    2.396434e-19 
Mn-55              1.489822e-05    1.098109e-05    1.177440e-05    3.123823e-06 
Mn-56              1.354605e-99    1.000000e-99    1.070560e-99   2.840451e-100 
Mn-57              1.354605e-99    1.000000e-99    1.070560e-99   2.840451e-100 
Fe-52              1.354605e-99    1.000000e-99    1.070560e-99   2.840451e-100 
Fe-53              1.354605e-99    1.000000e-99    1.070560e-99   2.840451e-100 
Fe-54              1.085837e-04    8.118227e-05    8.588146e-05    2.270226e-05 
Fe-55              1.793382e-07    1.000000e-99    1.327436e-07    4.659461e-08 
Fe-56              1.780038e-03    1.321588e-03    1.407274e-03    3.727641e-04 
Fe-57              4.551425e-05    3.106624e-05    3.580225e-05    9.712007e-06 
Fe-58              1.106183e-05    4.206879e-06    8.462876e-06    2.598952e-06 
Fe-59              1.354605e-99    1.000000e-99    1.070560e-99   2.840451e-100 
Fe-60              6.868750e-08    1.000000e-99    4.958783e-08    1.909967e-08 
Fe-61              1.354605e-99    1.000000e-99    1.070560e-99   2.840451e-100 
Co-55              1.354605e-99    1.000000e-99    1.070560e-99   2.840451e-100 
Co-56              1.354605e-99    1.000000e-99    1.070560e-99   2.840451e-100 
Co-57              7.685441e-18    1.000000e-99    5.586855e-18    2.098586e-18 
Co-58              1.354605e-99    1.000000e-99    1.070560e-99   2.840451e-100 
Co-59              6.532874e-06    3.991489e-06    5.102206e-06    1.430668e-06 
Co-60              3.861902e-16    1.000000e-99    2.551917e-16    1.309985e-16 
Co-61              1.354605e-99    1.000000e-99    1.070560e-99   2.840451e-100 
Co-62              1.354605e-99    1.000000e-99    1.070560e-99   2.840451e-100 
Co-63              1.354605e-99    1.000000e-99    1.070560e-99   2.840451e-100 
Ni-56              1.354605e-99    1.000000e-99    1.070560e-99   2.840451e-100 
Ni-57              1.354605e-99    1.000000e-99    1.070560e-99   2.840451e-100 
Ni-58              7.640192e-05    5.710980e-05    6.042754e-05    1.597438e-05 
Ni-59              1.422349e-07    1.000000e-99    1.056777e-07    3.655724e-08 
Ni-60              3.146313e-05    2.275717e-05    2.483010e-05    6.633034e-06 
Ni-61              1.763546e-06    1.005726e-06    1.371919e-06    3.916275e-07 
Ni-62              5.081721e-06    3.259262e-06    3.977684e-06    1.104037e-06 
Ni-63              3.544542e-08    1.000000e-99    2.562656e-08    9.818857e-09 
Ni-64              1.426515e-06    8.568133e-07    1.110865e-06    3.156505e-07 
Ni-65              1.354605e-99    1.000000e-99    1.070560e-99   2.840451e-100 
Ni-66              1.354605e-99    1.000000e-99    1.070560e-99   2.840451e-100 
Ni-67              1.354605e-99    1.000000e-99    1.070560e-99   2.840451e-100 
Ni-68              1.354605e-99    1.000000e-99    1.070560e-99   2.840451e-100 
Cu-60              1.354605e-99    1.000000e-99    1.070560e-99   2.840451e-100 
Cu-61              1.354605e-99    1.000000e-99    1.070560e-99   2.840451e-100 
Cu-62              1.354605e-99    1.000000e-99    1.070560e-99   2.840451e-100 
Cu-63              1.083533e-06    6.600340e-07    8.457263e-07    2.378070e-07 
Cu-64              1.354605e-99    1.000000e-99    1.070560e-99   2.840451e-100 
Cu-65              4.989287e-07    3.034684e-07    3.890923e-07    1.098364e-07 
Cu-66              1.354605e-99    1.000000e-99    1.070560e-99   2.840451e-100 
Cu-67              1.354605e-99    1.000000e-99    1.070560e-99   2.840451e-100 
Cu-68              1.354605e-99    1.000000e-99    1.070560e-99   2.840451e-100 
Cu-69              1.354605e-99    1.000000e-99    1.070560e-99   2.840451e-100 
Cu-70              1.354605e-99    1.000000e-99    1.070560e-99   2.840451e-100 
Cu-71              1.354605e-99    1.000000e-99    1.070560e-99   2.840451e-100 
Zn-62              1.354605e-99    1.000000e-99    1.070560e-99   2.840451e-100 
Zn-63              1.354605e-99    1.000000e-99    1.070560e-99   2.840451e-100 
Zn-64              1.566472e-06    1.130751e-06    1.235923e-06    3.305485e-07 
Zn-65              4.384424e-10    1.000000e-99    3.154212e-10    1.230211e-10 
Zn-66              9.651078e-07    6.690076e-07    7.590736e-07    2.060343e-07 
Zn-67              1.479322e-07    9.980253e-08    1.161314e-07    3.180075e-08 
Zn-68              6.775103e-07    4.632262e-07    5.323774e-07    1.451329e-07 
Zn-69              1.354605e-99    1.000000e-99    1.070560e-99   2.840451e-100 
Zn-70              2.118109e-08    1.576786e-08    1.674776e-08    4.433331e-09 
Zn-71              1.354605e-99    1.000000e-99    1.070560e-99   2.840451e-100 
Zn-72              1.354605e-99    1.000000e-99    1.070560e-99   2.840451e-100 
Zn-73              1.354605e-99    1.000000e-99    1.070560e-99   2.840451e-100 
Zn-74              1.354605e-99    1.000000e-99    1.070560e-99   2.840451e-100 
Ga-65              1.354605e-99    1.000000e-99    1.070560e-99   2.840451e-100 
Ga-66              1.354605e-99    1.000000e-99    1.070560e-99   2.840451e-100 
Ga-67              1.354605e-99    1.000000e-99    1.070560e-99   2.840451e-100 
Ga-68              1.354605e-99    1.000000e-99    1.070560e-99   2.840451e-100 
Ga-69              6.863157e-08    4.550546e-08    5.382204e-08    1.480953e-08 
Ga-70              1.354605e-99    1.000000e-99    1.070560e-99   2.840451e-100 
Ga-71              4.674960e-08    3.107622e-08    3.668767e-08    1.006193e-08 
Ga-72              1.354605e-99    1.000000e-99    1.070560e-99   2.840451e-100 
Ga-73              1.354605e-99    1.000000e-99    1.070560e-99   2.840451e-100 
Ga-74              1.354605e-99    1.000000e-99    1.070560e-99   2.840451e-100 
Ga-75              1.354605e-99    1.000000e-99    1.070560e-99   2.840451e-100 
Ge-66              1.354605e-99    1.000000e-99    1.070560e-99   2.840451e-100 
Ge-67              1.354605e-99    1.000000e-99    1.070560e-99   2.840451e-100 
Ge-68              1.354605e-99    1.000000e-99    1.070560e-99   2.840451e-100 
Ge-69              1.354605e-99    1.000000e-99    1.070560e-99   2.840451e-100 
Ge-70              7.967469e-08    5.157185e-08    6.239485e-08    1.727984e-08 
Ge-71              1.354605e-99    1.000000e-99    1.070560e-99   2.840451e-100 
Ge-72              1.021822e-07    6.910333e-08    8.026544e-08    2.191671e-08 
Ge-73              2.889329e-08    1.954584e-08    2.269670e-08    6.196598e-09 
Ge-74              1.376293e-07    9.228454e-08    1.080850e-07    2.954435e-08 
Ge-75              1.354605e-99    1.000000e-99    1.070560e-99   2.840451e-100 
Ge-76              2.634355e-08    1.962921e-08    2.083100e-08    5.512547e-09 
Ge-77              1.354605e-99    1.000000e-99    1.070560e-99   2.840451e-100 
Ge-78              1.354605e-99    1.000000e-99    1.070560e-99   2.840451e-100 
As-69              1.354605e-99    1.000000e-99    1.070560e-99   2.840451e-100 
As-70              1.354605e-99    1.000000e-99    1.070560e-99   2.840451e-100 
As-71              1.354605e-99    1.000000e-99    1.070560e-99   2.840451e-100 
As-72              1.354605e-99    1.000000e-99    1.070560e-99   2.840451e-100 
As-73              1.354605e-99    1.000000e-99    1.070560e-99   2.840451e-100 
As-74              4.932069e-25    1.000000e-99    3.538300e-25    1.393770e-25 
As-75              2.049826e-08    1.430027e-08    1.613823e-08    4.360036e-09 
As-76              1.354605e-99    1.000000e-99    1.070560e-99   2.840451e-100 
As-77              1.354605e-99    1.000000e-99    1.070560e-99   2.840451e-100 
As-78              1.354605e-99    1.000000e-99    1.070560e-99   2.840451e-100 
As-79              1.354605e-99    1.000000e-99    1.070560e-99   2.840451e-100 
As-80              1.354605e-99    1.000000e-99    1.070560e-99   2.840451e-100 
As-81              1.354605e-99    1.000000e-99    1.070560e-99   2.840451e-100 
Se-72              1.354605e-99    1.000000e-99    1.070560e-99   2.840451e-100 
Se-73              1.354605e-99    1.000000e-99    1.070560e-99   2.840451e-100 
Se-74              1.592259e-09    1.197888e-09    1.259809e-09    3.324499e-10 
Se-75              1.354605e-99    1.000000e-99    1.070560e-99   2.840451e-100 
Se-76              2.047341e-08    1.296136e-08    1.602693e-08    4.446482e-09 
Se-77              1.549874e-08    1.070490e-08    1.219598e-08    3.302763e-09 
Se-78              5.265214e-08    3.376317e-08    4.126166e-08    1.139048e-08 
Se-79              1.380904e-09    1.000000e-99    1.020813e-09    3.600910e-10 
Se-80              1.035228e-07    7.226298e-08    8.154077e-08    2.198198e-08 
Se-81              1.354605e-99    1.000000e-99    1.070560e-99   2.840451e-100 
Se-82              1.755554e-08    1.303649e-08    1.387922e-08    3.676325e-09 
Se-83              1.354605e-99    1.000000e-99    1.070560e-99   2.840451e-100 
Se-84              1.354605e-99    1.000000e-99    1.070560e-99   2.840451e-100 
Br-74              1.354605e-99    1.000000e-99    1.070560e-99   2.840451e-100 
Br-75              1.354605e-99    1.000000e-99    1.070560e-99   2.840451e-100 
Br-76              1.354605e-99    1.000000e-99    1.070560e-99   2.840451e-100 
Br-77              1.354605e-99    1.000000e-99    1.070560e-99   2.840451e-100 
Br-78              1.354605e-99    1.000000e-99    1.070560e-99   2.840451e-100 
Br-79              1.863128e-08    1.389306e-08    1.473313e-08    3.898154e-09 
Br-80              1.354605e-99    1.000000e-99    1.070560e-99   2.840451e-100 
Br-81              1.975390e-08    1.385920e-08    1.556493e-08    4.188966e-09 
Br-82              1.354605e-99    1.000000e-99    1.070560e-99   2.840451e-100 
Br-83              1.354605e-99    1.000000e-99    1.070560e-99   2.840451e-100 
Br-84              1.354605e-99    1.000000e-99    1.070560e-99   2.840451e-100 
Br-85              1.354605e-99    1.000000e-99    1.070560e-99   2.840451e-100 
Br-86              1.354605e-99    1.000000e-99    1.070560e-99   2.840451e-100 
Br-87              1.354605e-99    1.000000e-99    1.070560e-99   2.840451e-100 
Kr-76              1.354605e-99    1.000000e-99    1.070560e-99   2.840451e-100 
Kr-77              1.354605e-99    1.000000e-99    1.070560e-99   2.840451e-100 
Kr-78              5.183782e-10    3.900193e-10    4.101470e-10    1.082312e-10 
Kr-79              1.354605e-99    1.000000e-99    1.070560e-99   2.840451e-100 
Kr-80              3.666867e-09    2.574713e-09    2.890914e-09    7.759522e-10 
Kr-81              1.444493e-10    1.000000e-99    1.083099e-10    3.613942e-11 
Kr-82              2.195486e-08    1.319540e-08    1.716280e-08    4.792051e-09 
Kr-83              1.921419e-08    1.324168e-08    1.512583e-08    4.088368e-09 
Kr-84              9.816707e-08    6.601984e-08    7.717157e-08    2.099550e-08 
Kr-85              1.524248e-14    1.000000e-99    1.056912e-14    4.673365e-15 
Kr-86              3.125069e-08    2.044383e-08    2.451231e-08    6.738384e-09 
Kr-87              1.354605e-99    1.000000e-99    1.070560e-99   2.840451e-100 
Kr-88              1.354605e-99    1.000000e-99    1.070560e-99   2.840451e-100 
Kr-89              1.354605e-99    1.000000e-99    1.070560e-99   2.840451e-100 
Kr-90              1.354605e-99    1.000000e-99    1.070560e-99   2.840451e-100 
Rb-79              1.354605e-99    1.000000e-99    1.070560e-99   2.840451e-100 
Rb-80              1.354605e-99    1.000000e-99    1.070560e-99   2.840451e-100 
Rb-81              1.354605e-99    1.000000e-99    1.070560e-99   2.840451e-100 
Rb-82              1.354605e-99    1.000000e-99    1.070560e-99   2.840451e-100 
Rb-83              1.354605e-99    1.000000e-99    1.070560e-99   2.840451e-100 
Rb-84              2.325650e-27    1.000000e-99    1.691344e-27    6.343058e-28 
Rb-85              1.949547e-08    1.282422e-08    1.530294e-08    4.192528e-09 
Rb-86              1.354605e-99    1.000000e-99    1.070560e-99   2.840451e-100 
Rb-87              8.355328e-09    5.062758e-09    6.514163e-09    1.841164e-09 
Rb-88              1.354605e-99    1.000000e-99    1.070560e-99   2.840451e-100 
Rb-89              1.354605e-99    1.000000e-99    1.070560e-99   2.840451e-100 
Rb-90              1.354605e-99    1.000000e-99    1.070560e-99   2.840451e-100 
Rb-91              1.354605e-99    1.000000e-99    1.070560e-99   2.840451e-100 
Sr-80              1.354605e-99    1.000000e-99    1.070560e-99   2.840451e-100 
Sr-81              1.354605e-99    1.000000e-99    1.070560e-99   2.840451e-100 
Sr-82              1.354605e-99    1.000000e-99    1.070560e-99   2.840451e-100 
Sr-83              1.354605e-99    1.000000e-99    1.070560e-99   2.840451e-100 
Sr-84              4.289719e-10    3.227999e-10    3.394100e-10    8.956189e-11 
Sr-85              1.354605e-99    1.000000e-99    1.070560e-99   2.840451e-100 
Sr-86              1.146123e-08    5.844553e-09    8.903333e-09    2.557901e-09 
Sr-87              8.369164e-09    4.443118e-09    6.515321e-09    1.853843e-09 
Sr-88              1.075931e-07    5.010796e-08    8.328902e-08    2.430408e-08 
Sr-89              1.354605e-99    1.000000e-99    1.070560e-99   2.840451e-100 
Sr-90              6.865253e-13    1.000000e-99    4.885250e-13    1.980003e-13 
Sr-91              1.354605e-99    1.000000e-99    1.070560e-99   2.840451e-100 
Sr-92              1.354605e-99    1.000000e-99    1.070560e-99   2.840451e-100 
Sr-93              1.354605e-99    1.000000e-99    1.070560e-99   2.840451e-100 
Sr-94              1.354605e-99    1.000000e-99    1.070560e-99   2.840451e-100 
Y-85               1.354605e-99    1.000000e-99    1.070560e-99   2.840451e-100 
Y-86               1.354605e-99    1.000000e-99    1.070560e-99   2.840451e-100 
Y-87               1.354605e-99    1.000000e-99    1.070560e-99   2.840451e-100 
Y-88               1.354605e-99    1.000000e-99    1.070560e-99   2.840451e-100 
Y-89               2.776574e-08    1.229343e-08    2.144010e-08    6.325641e-09 
Y-90               1.746507e-16    1.000000e-99    1.242798e-16    5.037089e-17 
Y-91               1.354605e-99    1.000000e-99    1.070560e-99   2.840451e-100 
Y-92               1.354605e-99    1.000000e-99    1.070560e-99   2.840451e-100 
Y-93               1.354605e-99    1.000000e-99    1.070560e-99   2.840451e-100 
Y-94               1.354605e-99    1.000000e-99    1.070560e-99   2.840451e-100 
Y-95               1.354605e-99    1.000000e-99    1.070560e-99   2.840451e-100 
Y-96               1.354605e-99    1.000000e-99    1.070560e-99   2.840451e-100 
Zr-86              1.354605e-99    1.000000e-99    1.070560e-99   2.840451e-100 
Zr-87              1.354605e-99    1.000000e-99    1.070560e-99   2.840451e-100 
Zr-88              1.354605e-99    1.000000e-99    1.070560e-99   2.840451e-100 
Zr-89              1.354605e-99    1.000000e-99    1.070560e-99   2.840451e-100 
Zr-90              3.206621e-08    1.534361e-08    2.484132e-08    7.224889e-09 
Zr-91              7.763215e-09    3.384023e-09    5.989585e-09    1.773630e-09 
Zr-92              1.210845e-08    5.226772e-09    9.335466e-09    2.772981e-09 
Zr-93              1.862334e-09    1.000000e-99    1.384648e-09    4.776856e-10 
Zr-94              1.375216e-08    5.413280e-09    1.057499e-08    3.177167e-09 
Zr-95              1.354605e-99    1.000000e-99    1.070560e-99   2.840451e-100 
Zr-96              1.500513e-09    8.903423e-10    1.167623e-09    3.328895e-10 
Zr-97              1.354605e-99    1.000000e-99    1.070560e-99   2.840451e-100 
Zr-98              1.354605e-99    1.000000e-99    1.070560e-99   2.840451e-100 
Nb-89              1.354605e-99    1.000000e-99    1.070560e-99   2.840451e-100 
Nb-90              1.354605e-99    1.000000e-99    1.070560e-99   2.840451e-100 
Nb-91              2.272311e-27    1.000000e-99    1.674114e-27    5.981967e-28 
Nb-92              1.354605e-99    1.000000e-99    1.070560e-99   2.840451e-100 
Nb-93              2.529721e-09    1.900054e-09    2.001387e-09    5.283338e-10 
Nb-94              5.201660e-14    1.000000e-99    3.897944e-14    1.303716e-14 
Nb-95              1.354605e-99    1.000000e-99    1.070560e-99   2.840451e-100 
Nb-96              1.354605e-99    1.000000e-99    1.070560e-99   2.840451e-100 
Nb-97              1.354605e-99    1.000000e-99    1.070560e-99   2.840451e-100 
Nb-98              1.354605e-99    1.000000e-99    1.070560e-99   2.840451e-100 
Nb-99              1.354605e-99    1.000000e-99    1.070560e-99   2.840451e-100 
Mo-90              1.354605e-99    1.000000e-99    1.070560e-99   2.840451e-100 
Mo-91              1.354605e-99    1.000000e-99    1.070560e-99   2.840451e-100 
Mo-92              1.349617e-09    1.012496e-09    1.067663e-09    2.819545e-10 
Mo-93              1.161143e-12    1.000000e-99    8.670876e-13    2.940556e-13 
Mo-94              8.888092e-10    6.447522e-10    7.019252e-10    1.868840e-10 
Mo-95              2.394872e-09    1.121895e-09    1.850811e-09    5.440605e-10 
Mo-96              3.177073e-09    1.187505e-09    2.438756e-09    7.383172e-10 
Mo-97              1.443268e-09    6.875272e-10    1.117173e-09    3.260952e-10 
Mo-98              4.194437e-09    1.754359e-09    3.231993e-09    9.624433e-10 
Mo-99              1.354605e-99    1.000000e-99    1.070560e-99   2.840451e-100 
Mo-100             1.042004e-09    7.146065e-10    8.191876e-10    2.228164e-10 
Mo-101             1.354605e-99    1.000000e-99    1.070560e-99   2.840451e-100 
Mo-102             1.354605e-99    1.000000e-99    1.070560e-99   2.840451e-100 
Tc-93              1.354605e-99    1.000000e-99    1.070560e-99   2.840451e-100 
Tc-94              1.354605e-99    1.000000e-99    1.070560e-99   2.840451e-100 
Tc-95              1.354605e-99    1.000000e-99    1.070560e-99   2.840451e-100 
Tc-96              1.354605e-99    1.000000e-99    1.070560e-99   2.840451e-100 
Tc-97              7.543272e-14    1.000000e-99    5.693941e-14    1.849331e-14 
Tc-98              3.324936e-14    1.000000e-99    2.510180e-14    8.147561e-15 
Tc-99              2.481891e-10    1.000000e-99    1.847192e-10    6.346984e-11 
Tc-100             1.354605e-99    1.000000e-99    1.070560e-99   2.840451e-100 
Tc-101             1.354605e-99    1.000000e-99    1.070560e-99   2.840451e-100 
Tc-102             1.354605e-99    1.000000e-99    1.070560e-99   2.840451e-100 
Tc-103             1.354605e-99    1.000000e-99    1.070560e-99   2.840451e-100 
Tc-104             1.354605e-99    1.000000e-99    1.070560e-99   2.840451e-100 
Tc-105             1.354605e-99    1.000000e-99    1.070560e-99   2.840451e-100 
Ru-94              1.354605e-99    1.000000e-99    1.070560e-99   2.840451e-100 
Ru-95              1.354605e-99    1.000000e-99    1.070560e-99   2.840451e-100 
Ru-96              3.889959e-10    2.925638e-10    3.077724e-10    8.122353e-11 
Ru-97              1.354605e-99    1.000000e-99    1.070560e-99   2.840451e-100 
Ru-98              1.342967e-10    1.007098e-10    1.062380e-10    2.805867e-11 
Ru-99              9.302921e-10    6.945400e-10    7.357501e-10    1.945419e-10 
Ru-100             1.802400e-09    6.927902e-10    1.385292e-09    4.171080e-10 
Ru-101             1.456591e-09    9.475089e-10    1.143244e-09    3.133468e-10 
Ru-102             3.606049e-09    1.769736e-09    2.794638e-09    8.114113e-10 
Ru-103             1.354605e-99    1.000000e-99    1.070560e-99   2.840451e-100 
Ru-104             1.489800e-09    1.064926e-09    1.174582e-09    3.152186e-10 
Ru-105             1.354605e-99    1.000000e-99    1.070560e-99   2.840451e-100 
Ru-106             1.354605e-99    1.000000e-99    1.070560e-99   2.840451e-100 
Rh-98              1.354605e-99    1.000000e-99    1.070560e-99   2.840451e-100 
Rh-99              1.354605e-99    1.000000e-99    1.070560e-99   2.840451e-100 
Rh-100             1.354605e-99    1.000000e-99    1.070560e-99   2.840451e-100 
Rh-101             1.354605e-99    1.000000e-99    1.070560e-99   2.840451e-100 
Rh-102             1.354605e-99    1.000000e-99    1.070560e-99   2.840451e-100 
Rh-103             1.625949e-09    1.054679e-09    1.275968e-09    3.499810e-10 
Rh-104             1.354605e-99    1.000000e-99    1.070560e-99   2.840451e-100 
Rh-105             1.354605e-99    1.000000e-99    1.070560e-99   2.840451e-100 
Rh-106             1.354605e-99    1.000000e-99    1.070560e-99   2.840451e-100 
Rh-107             1.354605e-99    1.000000e-99    1.070560e-99   2.840451e-100 
Rh-108             1.354605e-99    1.000000e-99    1.070560e-99   2.840451e-100 
Pd-99              1.354605e-99    1.000000e-99    1.070560e-99   2.840451e-100 
Pd-100             1.354605e-99    1.000000e-99    1.070560e-99   2.840451e-100 
Pd-101             1.354605e-99    1.000000e-99    1.070560e-99   2.840451e-100 
Pd-102             5.636058e-11    4.241146e-11    4.459348e-11    1.176710e-11 
Pd-103             1.354605e-99    1.000000e-99    1.070560e-99   2.840451e-100 
Pd-104             1.276989e-09    4.722820e-10    9.803627e-10    2.966262e-10 
Pd-105             1.444951e-09    9.557865e-10    1.135093e-09    3.098576e-10 
Pd-106             2.367019e-09    1.180942e-09    1.835696e-09    5.313231e-10 
Pd-107             1.564605e-10    1.000000e-99    1.165211e-10    3.993949e-11 
Pd-108             2.559387e-09    1.164921e-09    1.978065e-09    5.813220e-10 
Pd-109             1.354605e-99    1.000000e-99    1.070560e-99   2.840451e-100 
Pd-110             7.858806e-10    5.255369e-10    6.168512e-10    1.690294e-10 
Pd-111             1.354605e-99    1.000000e-99    1.070560e-99   2.840451e-100 
Pd-112             1.354605e-99    1.000000e-99    1.070560e-99   2.840451e-100 
Ag-101             1.354605e-99    1.000000e-99    1.070560e-99   2.840451e-100 
Ag-102             1.354605e-99    1.000000e-99    1.070560e-99   2.840451e-100 
Ag-103             1.354605e-99    1.000000e-99    1.070560e-99   2.840451e-100 
Ag-104             1.354605e-99    1.000000e-99    1.070560e-99   2.840451e-100 
Ag-105             1.354605e-99    1.000000e-99    1.070560e-99   2.840451e-100 
Ag-106             1.354605e-99    1.000000e-99    1.070560e-99   2.840451e-100 
Ag-107             1.041707e-09    7.840161e-10    8.242221e-10    2.174849e-10 
Ag-108             1.354605e-99    1.000000e-99    1.070560e-99   2.840451e-100 
Ag-109             1.280243e-09    7.419986e-10    9.992905e-10    2.809528e-10 
Ag-110             1.354605e-99    1.000000e-99    1.070560e-99   2.840451e-100 
Ag-111             1.354605e-99    1.000000e-99    1.070560e-99   2.840451e-100 
Ag-112             1.354605e-99    1.000000e-99    1.070560e-99   2.840451e-100 
Ag-113             1.354605e-99    1.000000e-99    1.070560e-99   2.840451e-100 
Cd-102             1.354605e-99    1.000000e-99    1.070560e-99   2.840451e-100 
Cd-103             1.354605e-99    1.000000e-99    1.070560e-99   2.840451e-100 
Cd-104             1.354605e-99    1.000000e-99    1.070560e-99   2.840451e-100 
Cd-105             1.354605e-99    1.000000e-99    1.070560e-99   2.840451e-100 
Cd-106             8.434300e-11    6.345981e-11    6.673325e-11    1.760975e-11 
Cd-107             1.354605e-99    1.000000e-99    1.070560e-99   2.840451e-100 
Cd-108             6.310132e-11    4.603590e-11    4.985315e-11    1.324817e-11 
Cd-109             1.354605e-99    1.000000e-99    1.070560e-99   2.840451e-100 
Cd-110             1.701601e-09    6.580184e-10    1.308330e-09    3.932715e-10 
Cd-111             1.193044e-09    6.804807e-10    9.305126e-10    2.625319e-10 
Cd-112             2.840547e-09    1.294369e-09    2.195346e-09    6.452006e-10 
Cd-113             1.206356e-09    6.613518e-10    9.392592e-10    2.670963e-10 
Cd-114             3.743815e-09    1.568640e-09    2.884831e-09    8.589837e-10 
Cd-115             1.354605e-99    1.000000e-99    1.070560e-99   2.840451e-100 
Cd-116             7.219811e-10    4.161239e-10    5.614147e-10    1.605664e-10 
Cd-117             1.354605e-99    1.000000e-99    1.070560e-99   2.840451e-100 
Cd-118             1.354605e-99    1.000000e-99    1.070560e-99   2.840451e-100 
In-106             1.354605e-99    1.000000e-99    1.070560e-99   2.840451e-100 
In-107             1.354605e-99    1.000000e-99    1.070560e-99   2.840451e-100 
In-108             1.354605e-99    1.000000e-99    1.070560e-99   2.840451e-100 
In-109             1.354605e-99    1.000000e-99    1.070560e-99   2.840451e-100 
In-110             1.354605e-99    1.000000e-99    1.070560e-99   2.840451e-100 
In-111             1.354605e-99    1.000000e-99    1.070560e-99   2.840451e-100 
In-112             1.354605e-99    1.000000e-99    1.070560e-99   2.840451e-100 
In-113             3.464064e-11    2.603851e-11    2.740683e-11    7.233806e-12 
In-114             1.354605e-99    1.000000e-99    1.070560e-99   2.840451e-100 
In-115             1.120113e-09    5.914896e-10    8.705796e-10    2.495331e-10 
In-116             1.354605e-99    1.000000e-99    1.070560e-99   2.840451e-100 
In-117             1.354605e-99    1.000000e-99    1.070560e-99   2.840451e-100 
In-118             1.354605e-99    1.000000e-99    1.070560e-99   2.840451e-100 
In-119             1.354605e-99    1.000000e-99    1.070560e-99   2.840451e-100 
Sn-108             1.354605e-99    1.000000e-99    1.070560e-99   2.840451e-100 
Sn-109             1.354605e-99    1.000000e-99    1.070560e-99   2.840451e-100 
Sn-110             1.354605e-99    1.000000e-99    1.070560e-99   2.840451e-100 
Sn-111             1.354605e-99    1.000000e-99    1.070560e-99   2.840451e-100 
Sn-112             1.623453e-10    1.221013e-10    1.284472e-10    3.389814e-11 
Sn-113             1.354605e-99    1.000000e-99    1.070560e-99   2.840451e-100 
Sn-114             1.126877e-10    8.434768e-11    8.913527e-11    2.355244e-11 
Sn-115             5.846500e-11    4.377039e-11    4.624568e-11    1.221932e-11 
Sn-116             4.619654e-09    1.893153e-09    3.557783e-09    1.061871e-09 
Sn-117             2.026714e-09    1.008332e-09    1.571343e-09    4.553704e-10 
Sn-118             7.573793e-09    3.209171e-09    5.835208e-09    1.738584e-09 
Sn-119             2.521770e-09    1.147018e-09    1.947769e-09    5.740011e-10 
Sn-120             1.089794e-08    4.391253e-09    8.378309e-09    2.519630e-09 
Sn-121             1.354605e-99    1.000000e-99    1.070560e-99   2.840451e-100 
Sn-122             1.252880e-09    6.340593e-10    9.676609e-10    2.852191e-10 
Sn-123             1.354605e-99    1.000000e-99    1.070560e-99   2.840451e-100 
Sn-124             1.084670e-09    8.059500e-10    8.575264e-10    2.271433e-10 
Sn-125             1.354605e-99    1.000000e-99    1.070560e-99   2.840451e-100 
Sn-126             3.917792e-15    1.000000e-99    2.815303e-15    1.102489e-15 
Sn-127             1.354605e-99    1.000000e-99    1.070560e-99   2.840451e-100 
Sn-128             1.354605e-99    1.000000e-99    1.070560e-99   2.840451e-100 
Sn-129             1.354605e-99    1.000000e-99    1.070560e-99   2.840451e-100 
Sn-130             1.354605e-99    1.000000e-99    1.070560e-99   2.840451e-100 
Sb-112             1.354605e-99    1.000000e-99    1.070560e-99   2.840451e-100 
Sb-113             1.354605e-99    1.000000e-99    1.070560e-99   2.840451e-100 
Sb-114             1.354605e-99    1.000000e-99    1.070560e-99   2.840451e-100 
Sb-115             1.354605e-99    1.000000e-99    1.070560e-99   2.840451e-100 
Sb-116             1.354605e-99    1.000000e-99    1.070560e-99   2.840451e-100 
Sb-117             1.354605e-99    1.000000e-99    1.070560e-99   2.840451e-100 
Sb-118             1.354605e-99    1.000000e-99    1.070560e-99   2.840451e-100 
Sb-119             1.354605e-99    1.000000e-99    1.070560e-99   2.840451e-100 
Sb-120             1.354605e-99    1.000000e-99    1.070560e-99   2.840451e-100 
Sb-121             1.242547e-09    6.317758e-10    9.634952e-10    2.790517e-10 
Sb-122             1.354605e-99    1.000000e-99    1.070560e-99   2.840451e-100 
Sb-123             7.150534e-10    4.802859e-10    5.614898e-10    1.535636e-10 
Sb-124             1.354605e-99    1.000000e-99    1.070560e-99   2.840451e-100 
Sb-125             1.380332e-26    1.000000e-99    8.898915e-27    4.904405e-27 
Sb-126             1.479270e-21    1.000000e-99    1.062953e-21    4.163174e-22 
Sb-127             1.354605e-99    1.000000e-99    1.070560e-99   2.840451e-100 
Sb-128             1.354605e-99    1.000000e-99    1.070560e-99   2.840451e-100 
Sb-129             1.354605e-99    1.000000e-99    1.070560e-99   2.840451e-100 
Sb-130             1.354605e-99    1.000000e-99    1.070560e-99   2.840451e-100 
Sb-131             1.354605e-99    1.000000e-99    1.070560e-99   2.840451e-100 
Sb-132             1.354605e-99    1.000000e-99    1.070560e-99   2.840451e-100 
Sb-133             1.354605e-99    1.000000e-99    1.070560e-99   2.840451e-100 
Te-114             1.354605e-99    1.000000e-99    1.070560e-99   2.840451e-100 
Te-115             1.354605e-99    1.000000e-99    1.070560e-99   2.840451e-100 
Te-116             1.354605e-99    1.000000e-99    1.070560e-99   2.840451e-100 
Te-117             1.354605e-99    1.000000e-99    1.070560e-99   2.840451e-100 
Te-118             1.354605e-99    1.000000e-99    1.070560e-99   2.840451e-100 
Te-119             1.354605e-99    1.000000e-99    1.070560e-99   2.840451e-100 
Te-120             2.163563e-11    1.628304e-11    1.711859e-11    4.517042e-12 
Te-121             1.354605e-99    1.000000e-99    1.070560e-99   2.840451e-100 
Te-122             1.202241e-09    4.488662e-10    9.222909e-10    2.799505e-10 
Te-123             4.185997e-10    1.578606e-10    3.213085e-10    9.729121e-11 
Te-124             2.353628e-09    8.440945e-10    1.803192e-09    5.504361e-10 
Te-125             2.086223e-09    1.261335e-09    1.631049e-09    4.551742e-10 
Te-126             6.855120e-09    3.375270e-09    5.310428e-09    1.544693e-09 
Te-127             1.354605e-99    1.000000e-99    1.070560e-99   2.840451e-100 
Te-128             7.896569e-09    5.732895e-09    6.234447e-09    1.662123e-09 
Te-129             1.354605e-99    1.000000e-99    1.070560e-99   2.840451e-100 
Te-130             8.345612e-09    6.210550e-09    6.598858e-09    1.746754e-09 
Te-131             1.354605e-99    1.000000e-99    1.070560e-99   2.840451e-100 
Te-132             1.354605e-99    1.000000e-99    1.070560e-99   2.840451e-100 
Te-133             1.354605e-99    1.000000e-99    1.070560e-99   2.840451e-100 
Te-134             1.354605e-99    1.000000e-99    1.070560e-99   2.840451e-100 
I-117              1.354605e-99    1.000000e-99    1.070560e-99   2.840451e-100 
I-118              1.354605e-99    1.000000e-99    1.070560e-99   2.840451e-100 
I-119              1.354605e-99    1.000000e-99    1.070560e-99   2.840451e-100 
I-120              1.354605e-99    1.000000e-99    1.070560e-99   2.840451e-100 
I-121              1.354605e-99    1.000000e-99    1.070560e-99   2.840451e-100 
I-122              1.354605e-99    1.000000e-99    1.070560e-99   2.840451e-100 
I-123              1.354605e-99    1.000000e-99    1.070560e-99   2.840451e-100 
I-124              1.354605e-99    1.000000e-99    1.070560e-99   2.840451e-100 
I-125              1.354605e-99    1.000000e-99    1.070560e-99   2.840451e-100 
I-126              1.354605e-99    1.000000e-99    1.070560e-99   2.840451e-100 
I-127              2.252434e-09    1.459105e-09    1.767124e-09    4.853096e-10 
I-128              1.354605e-99    1.000000e-99    1.070560e-99   2.840451e-100 
I-129              9.891401e-12    1.000000e-99    7.320528e-12    2.570873e-12 
I-130              1.354605e-99    1.000000e-99    1.070560e-99   2.840451e-100 
I-131              1.354605e-99    1.000000e-99    1.070560e-99   2.840451e-100 
I-132              1.354605e-99    1.000000e-99    1.070560e-99   2.840451e-100 
I-133              1.354605e-99    1.000000e-99    1.070560e-99   2.840451e-100 
I-134              1.354605e-99    1.000000e-99    1.070560e-99   2.840451e-100 
I-135              1.354605e-99    1.000000e-99    1.070560e-99   2.840451e-100 
Xe-118             1.354605e-99    1.000000e-99    1.070560e-99   2.840451e-100 
Xe-119             1.354605e-99    1.000000e-99    1.070560e-99   2.840451e-100 
Xe-120             1.354605e-99    1.000000e-99    1.070560e-99   2.840451e-100 
Xe-121             1.354605e-99    1.000000e-99    1.070560e-99   2.840451e-100 
Xe-122             1.354605e-99    1.000000e-99    1.070560e-99   2.840451e-100 
Xe-123             1.354605e-99    1.000000e-99    1.070560e-99   2.840451e-100 
Xe-124             2.935675e-11    2.209501e-11    2.322775e-11    6.129000e-12 
Xe-125             1.354605e-99    1.000000e-99    1.070560e-99   2.840451e-100 
Xe-126             2.591150e-11    1.949268e-11    2.050135e-11    5.410145e-12 
Xe-127             1.354605e-99    1.000000e-99    1.070560e-99   2.840451e-100 
Xe-128             1.257771e-09    3.942736e-10    9.601496e-10    2.976210e-10 
Xe-129             6.810444e-09    4.892977e-09    5.373841e-09    1.436603e-09 
Xe-130             2.653542e-09    7.865029e-10    2.023432e-09    6.301097e-10 
Xe-131             5.869811e-09    3.944670e-09    4.614574e-09    1.255236e-09 
Xe-132             9.660658e-09    4.806204e-09    7.487445e-09    2.173213e-09 
Xe-133             1.354605e-99    1.000000e-99    1.070560e-99   2.840451e-100 
Xe-134             2.651472e-09    1.787989e-09    2.081132e-09    5.703406e-10 
Xe-135             1.354605e-99    1.000000e-99    1.070560e-99   2.840451e-100 
Xe-136             2.001856e-09    1.478416e-09    1.582061e-09    4.197950e-10 
Xe-137             1.354605e-99    1.000000e-99    1.070560e-99   2.840451e-100 
Xe-138             1.354605e-99    1.000000e-99    1.070560e-99   2.840451e-100 
Cs-123             1.354605e-99    1.000000e-99    1.070560e-99   2.840451e-100 
Cs-124             1.354605e-99    1.000000e-99    1.070560e-99   2.840451e-100 
Cs-125             1.354605e-99    1.000000e-99    1.070560e-99   2.840451e-100 
Cs-126             1.354605e-99    1.000000e-99    1.070560e-99   2.840451e-100 
Cs-127             1.354605e-99    1.000000e-99    1.070560e-99   2.840451e-100 
Cs-128             1.354605e-99    1.000000e-99    1.070560e-99   2.840451e-100 
Cs-129             1.354605e-99    1.000000e-99    1.070560e-99   2.840451e-100 
Cs-130             1.354605e-99    1.000000e-99    1.070560e-99   2.840451e-100 
Cs-131             1.354605e-99    1.000000e-99    1.070560e-99   2.840451e-100 
Cs-132             1.354605e-99    1.000000e-99    1.070560e-99   2.840451e-100 
Cs-133             2.358095e-09    1.426049e-09    1.843406e-09    5.146882e-10 
Cs-134             4.138406e-29    1.000000e-99    2.648847e-29    1.489559e-29 
Cs-135             2.918882e-10    1.000000e-99    2.149936e-10    7.689466e-11 
Cs-136             1.354605e-99    1.000000e-99    1.070560e-99   2.840451e-100 
Cs-137             8.365404e-13    1.000000e-99    5.910707e-13    2.454698e-13 
Cs-138             1.354605e-99    1.000000e-99    1.070560e-99   2.840451e-100 
Cs-139             1.354605e-99    1.000000e-99    1.070560e-99   2.840451e-100 
Ba-124             1.354605e-99    1.000000e-99    1.070560e-99   2.840451e-100 
Ba-125             1.354605e-99    1.000000e-99    1.070560e-99   2.840451e-100 
Ba-126             1.354605e-99    1.000000e-99    1.070560e-99   2.840451e-100 
Ba-127             1.354605e-99    1.000000e-99    1.070560e-99   2.840451e-100 
Ba-128             1.354605e-99    1.000000e-99    1.070560e-99   2.840451e-100 
Ba-129             1.354605e-99    1.000000e-99    1.070560e-99   2.840451e-100 
Ba-130             2.410551e-11    1.814312e-11    1.907286e-11    5.032648e-12 
Ba-131             1.354605e-99    1.000000e-99    1.070560e-99   2.840451e-100 
Ba-132             2.342011e-11    1.762128e-11    1.853029e-11    4.889825e-12 
Ba-133             1.047295e-23    1.000000e-99    6.928208e-24    3.544737e-24 
Ba-134             1.610112e-09    4.272326e-10    1.225430e-09    3.846815e-10 
Ba-135             1.916875e-09    1.173907e-09    1.500326e-09    4.165496e-10 
Ba-136             5.118216e-09    1.408826e-09    3.894393e-09    1.223824e-09 
Ba-137             5.372330e-09    2.029834e-09    4.119598e-09    1.252732e-09 
Ba-138             4.322191e-08    1.305194e-08    3.288436e-08    1.033755e-08 
Ba-139             1.354605e-99    1.000000e-99    1.070560e-99   2.840451e-100 
Ba-140             1.354605e-99    1.000000e-99    1.070560e-99   2.840451e-100 
Ba-141             1.354605e-99    1.000000e-99    1.070560e-99   2.840451e-100 
Ba-142             1.354605e-99    1.000000e-99    1.070560e-99   2.840451e-100 
La-127             1.354605e-99    1.000000e-99    1.070560e-99   2.840451e-100 
La-128             1.354605e-99    1.000000e-99    1.070560e-99   2.840451e-100 
La-129             1.354605e-99    1.000000e-99    1.070560e-99   2.840451e-100 
La-130             1.354605e-99    1.000000e-99    1.070560e-99   2.840451e-100 
La-131             1.354605e-99    1.000000e-99    1.070560e-99   2.840451e-100 
La-132             1.354605e-99    1.000000e-99    1.070560e-99   2.840451e-100 
La-133             1.354605e-99    1.000000e-99    1.070560e-99   2.840451e-100 
La-134             1.354605e-99    1.000000e-99    1.070560e-99   2.840451e-100 
La-135             1.354605e-99    1.000000e-99    1.070560e-99   2.840451e-100 
La-136             1.354605e-99    1.000000e-99    1.070560e-99   2.840451e-100 
La-137             2.655388e-17    1.000000e-99    1.991629e-17    6.637589e-18 
La-138             2.113347e-12    1.604073e-12    1.672100e-12    4.412472e-13 
La-139             5.252244e-09    1.790218e-09    4.008886e-09    1.243358e-09 
La-140             1.354605e-99    1.000000e-99    1.070560e-99   2.840451e-100 
La-141             1.354605e-99    1.000000e-99    1.070560e-99   2.840451e-100 
La-142             1.354605e-99    1.000000e-99    1.070560e-99   2.840451e-100 
La-143             1.354605e-99    1.000000e-99    1.070560e-99   2.840451e-100 
Ce-130             1.354605e-99    1.000000e-99    1.070560e-99   2.840451e-100 
Ce-131             1.354605e-99    1.000000e-99    1.070560e-99   2.840451e-100 
Ce-132             1.354605e-99    1.000000e-99    1.070560e-99   2.840451e-100 
Ce-133             1.354605e-99    1.000000e-99    1.070560e-99   2.840451e-100 
Ce-134             1.354605e-99    1.000000e-99    1.070560e-99   2.840451e-100 
Ce-135             1.354605e-99    1.000000e-99    1.070560e-99   2.840451e-100 
Ce-136             1.114018e-11    8.381751e-12    8.814246e-12    2.325934e-12 
Ce-137             1.354605e-99    1.000000e-99    1.070560e-99   2.840451e-100 
Ce-138             1.527415e-11    1.147719e-11    1.208453e-11    3.189613e-12 
Ce-139             1.354605e-99    1.000000e-99    1.070560e-99   2.840451e-100 
Ce-140             1.241835e-08    4.103022e-09    9.472296e-09    2.946053e-09 
Ce-141             1.354605e-99    1.000000e-99    1.070560e-99   2.840451e-100 
Ce-142             8.447995e-10    5.229277e-10    6.587946e-10    1.860049e-10 
Ce-143             1.354605e-99    1.000000e-99    1.070560e-99   2.840451e-100 
Ce-144             1.354605e-99    1.000000e-99    1.070560e-99   2.840451e-100 
Ce-145             1.354605e-99    1.000000e-99    1.070560e-99   2.840451e-100 
Ce-146             1.354605e-99    1.000000e-99    1.070560e-99   2.840451e-100 
Pr-133             1.354605e-99    1.000000e-99    1.070560e-99   2.840451e-100 
Pr-134             1.354605e-99    1.000000e-99    1.070560e-99   2.840451e-100 
Pr-135             1.354605e-99    1.000000e-99    1.070560e-99   2.840451e-100 
Pr-136             1.354605e-99    1.000000e-99    1.070560e-99   2.840451e-100 
Pr-137             1.354605e-99    1.000000e-99    1.070560e-99   2.840451e-100 
Pr-138             1.354605e-99    1.000000e-99    1.070560e-99   2.840451e-100 
Pr-139             1.354605e-99    1.000000e-99    1.070560e-99   2.840451e-100 
Pr-140             1.354605e-99    1.000000e-99    1.070560e-99   2.840451e-100 
Pr-141             1.606285e-09    6.910381e-10    1.235081e-09    3.712040e-10 
Pr-142             1.354605e-99    1.000000e-99    1.070560e-99   2.840451e-100 
Pr-143             1.354605e-99    1.000000e-99    1.070560e-99   2.840451e-100 
Pr-144             1.354605e-99    1.000000e-99    1.070560e-99   2.840451e-100 
Pr-145             1.354605e-99    1.000000e-99    1.070560e-99   2.840451e-100 
Pr-146             1.354605e-99    1.000000e-99    1.070560e-99   2.840451e-100 
Pr-147             1.354605e-99    1.000000e-99    1.070560e-99   2.840451e-100 
Pr-148             1.354605e-99    1.000000e-99    1.070560e-99   2.840451e-100 
Pr-149             1.354605e-99    1.000000e-99    1.070560e-99   2.840451e-100 
Nd-134             1.354605e-99    1.000000e-99    1.070560e-99   2.840451e-100 
Nd-135             1.354605e-99    1.000000e-99    1.070560e-99   2.840451e-100 
Nd-136             1.354605e-99    1.000000e-99    1.070560e-99   2.840451e-100 
Nd-137             1.354605e-99    1.000000e-99    1.070560e-99   2.840451e-100 
Nd-138             1.354605e-99    1.000000e-99    1.070560e-99   2.840451e-100 
Nd-139             1.354605e-99    1.000000e-99    1.070560e-99   2.840451e-100 
Nd-140             1.354605e-99    1.000000e-99    1.070560e-99   2.840451e-100 
Nd-141             1.354605e-99    1.000000e-99    1.070560e-99   2.840451e-100 
Nd-142             2.956681e-09    9.919756e-10    2.256378e-09    7.003035e-10 
Nd-143             8.582934e-10    4.483556e-10    6.653934e-10    1.929000e-10 
Nd-144             1.975798e-09    8.826112e-10    1.520861e-09    4.549370e-10 
Nd-145             5.602480e-10    3.095487e-10    4.353876e-10    1.248604e-10 
Nd-146             1.551736e-09    6.447718e-10    1.191055e-09    3.606802e-10 
Nd-147             1.354605e-99    1.000000e-99    1.070560e-99   2.840451e-100 
Nd-148             3.825233e-10    2.185025e-10    2.971995e-10    8.532380e-11 
Nd-149             1.354605e-99    1.000000e-99    1.070560e-99   2.840451e-100 
Nd-150             2.890880e-10    2.168256e-10    2.286711e-10    6.041687e-11 
Nd-151             1.354605e-99    1.000000e-99    1.070560e-99   2.840451e-100 
Nd-152             1.354605e-99    1.000000e-99    1.070560e-99   2.840451e-100 
Pm-137             1.354605e-99    1.000000e-99    1.070560e-99   2.840451e-100 
Pm-138             1.354605e-99    1.000000e-99    1.070560e-99   2.840451e-100 
Pm-139             1.354605e-99    1.000000e-99    1.070560e-99   2.840451e-100 
Pm-140             1.354605e-99    1.000000e-99    1.070560e-99   2.840451e-100 
Pm-141             1.354605e-99    1.000000e-99    1.070560e-99   2.840451e-100 
Pm-142             1.354605e-99    1.000000e-99    1.070560e-99   2.840451e-100 
Pm-143             1.354605e-99    1.000000e-99    1.070560e-99   2.840451e-100 
Pm-144             1.354605e-99    1.000000e-99    1.070560e-99   2.840451e-100 
Pm-145             5.424586e-18    1.000000e-99    3.869637e-18    1.554949e-18 
Pm-146             2.335986e-29    1.000000e-99    1.533477e-29    8.025090e-30 
Pm-147             6.342978e-26    1.000000e-99    4.118855e-26    2.224123e-26 
Pm-148             1.354605e-99    1.000000e-99    1.070560e-99   2.840451e-100 
Pm-149             1.354605e-99    1.000000e-99    1.070560e-99   2.840451e-100 
Pm-150             1.354605e-99    1.000000e-99    1.070560e-99   2.840451e-100 
Pm-151             1.354605e-99    1.000000e-99    1.070560e-99   2.840451e-100 
Pm-152             1.354605e-99    1.000000e-99    1.070560e-99   2.840451e-100 
Pm-153             1.354605e-99    1.000000e-99    1.070560e-99   2.840451e-100 
Pm-154             1.354605e-99    1.000000e-99    1.070560e-99   2.840451e-100 
Sm-140             1.354605e-99    1.000000e-99    1.070560e-99   2.840451e-100 
Sm-141             1.354605e-99    1.000000e-99    1.070560e-99   2.840451e-100 
Sm-142             1.354605e-99    1.000000e-99    1.070560e-99   2.840451e-100 
Sm-143             1.354605e-99    1.000000e-99    1.070560e-99   2.840451e-100 
Sm-144             4.906841e-11    3.683532e-11    3.881879e-11    1.024963e-11 
Sm-145             1.354605e-99    1.000000e-99    1.070560e-99   2.840451e-100 
Sm-146             4.253395e-14    1.000000e-99    3.174822e-14    1.078573e-14 
Sm-147             3.260241e-10    1.834427e-10    2.535799e-10    7.244426e-11 
Sm-148             3.339147e-10    1.384631e-10    2.567096e-10    7.720509e-11 
Sm-149             2.587219e-10    1.713731e-10    2.030726e-10    5.564927e-11 
Sm-150             2.611616e-10    9.213125e-11    1.993816e-10    6.177997e-11 
Sm-151             2.103452e-12    1.000000e-99    1.538312e-12    5.651397e-13 
Sm-152             5.712052e-10    3.383156e-10    4.455424e-10    1.256629e-10 
Sm-153             1.354605e-99    1.000000e-99    1.070560e-99   2.840451e-100 
Sm-154             4.277800e-10    2.916240e-10    3.360702e-10    9.170984e-11 
Sm-155             1.354605e-99    1.000000e-99    1.070560e-99   2.840451e-100 
Sm-156             1.354605e-99    1.000000e-99    1.070560e-99   2.840451e-100 
Sm-157             1.354605e-99    1.000000e-99    1.070560e-99   2.840451e-100 
Sm-158             1.354605e-99    1.000000e-99    1.070560e-99   2.840451e-100 
Eu-143             1.354605e-99    1.000000e-99    1.070560e-99   2.840451e-100 
Eu-144             1.354605e-99    1.000000e-99    1.070560e-99   2.840451e-100 
Eu-145             1.354605e-99    1.000000e-99    1.070560e-99   2.840451e-100 
Eu-146             1.354605e-99    1.000000e-99    1.070560e-99   2.840451e-100 
Eu-147             1.354605e-99    1.000000e-99    1.070560e-99   2.840451e-100 
Eu-148             1.354605e-99    1.000000e-99    1.070560e-99   2.840451e-100 
Eu-149             1.354605e-99    1.000000e-99    1.070560e-99   2.840451e-100 
Eu-150             1.354605e-99    1.000000e-99    1.070560e-99   2.840451e-100 
Eu-151             2.889914e-10    2.036004e-10    2.277023e-10    6.128907e-11 
Eu-152             1.595573e-19    1.000000e-99    1.125582e-19    4.699916e-20 
Eu-153             3.228687e-10    2.251965e-10    2.542095e-10    6.865911e-11 
Eu-154             8.921682e-19    1.000000e-99    6.088557e-19    2.833125e-19 
Eu-155             2.817898e-21    1.000000e-99    1.855885e-21    9.620127e-22 
Eu-156             1.354605e-99    1.000000e-99    1.070560e-99   2.840451e-100 
Eu-157             1.354605e-99    1.000000e-99    1.070560e-99   2.840451e-100 
Eu-158             1.354605e-99    1.000000e-99    1.070560e-99   2.840451e-100 
Eu-159             1.354605e-99    1.000000e-99    1.070560e-99   2.840451e-100 
Gd-144             1.354605e-99    1.000000e-99    1.070560e-99   2.840451e-100 
Gd-145             1.354605e-99    1.000000e-99    1.070560e-99   2.840451e-100 
Gd-146             1.354605e-99    1.000000e-99    1.070560e-99   2.840451e-100 
Gd-147             1.354605e-99    1.000000e-99    1.070560e-99   2.840451e-100 
Gd-148             1.354605e-99    1.000000e-99    1.070560e-99   2.840451e-100 
Gd-149             1.354605e-99    1.000000e-99    1.070560e-99   2.840451e-100 
Gd-150             1.354605e-99    1.000000e-99    1.070560e-99   2.840451e-100 
Gd-151             1.354605e-99    1.000000e-99    1.070560e-99   2.840451e-100 
Gd-152             5.549167e-12    2.947193e-12    4.307941e-12    1.241227e-12 
Gd-153             1.354605e-99    1.000000e-99    1.070560e-99   2.840451e-100 
Gd-154             8.922711e-11    3.209515e-11    6.817900e-11    2.104811e-11 
Gd-155             3.195676e-10    2.192151e-10    2.513126e-10    6.825501e-11 
Gd-156             5.014481e-10    3.051047e-10    3.916214e-10    1.098267e-10 
Gd-157             3.563588e-10    2.348264e-10    2.795880e-10    7.677079e-11 
Gd-158             6.691252e-10    3.749720e-10    5.203529e-10    1.487723e-10 
Gd-159             1.354605e-99    1.000000e-99    1.070560e-99   2.840451e-100 
Gd-160             4.701625e-10    3.342894e-10    3.704182e-10    9.974434e-11 
Gd-161             1.354605e-99    1.000000e-99    1.070560e-99   2.840451e-100 
Gd-162             1.354605e-99    1.000000e-99    1.070560e-99   2.840451e-100 
Tb-147             1.354605e-99    1.000000e-99    1.070560e-99   2.840451e-100 
Tb-148             1.354605e-99    1.000000e-99    1.070560e-99   2.840451e-100 
Tb-149             1.354605e-99    1.000000e-99    1.070560e-99   2.840451e-100 
Tb-150             1.354605e-99    1.000000e-99    1.070560e-99   2.840451e-100 
Tb-151             1.354605e-99    1.000000e-99    1.070560e-99   2.840451e-100 
Tb-152             1.354605e-99    1.000000e-99    1.070560e-99   2.840451e-100 
Tb-153             1.354605e-99    1.000000e-99    1.070560e-99   2.840451e-100 
Tb-154             1.354605e-99    1.000000e-99    1.070560e-99   2.840451e-100 
Tb-155             1.354605e-99    1.000000e-99    1.070560e-99   2.840451e-100 
Tb-156             1.354605e-99    1.000000e-99    1.070560e-99   2.840451e-100 
Tb-157             1.294588e-14    1.000000e-99    9.514179e-15    3.431704e-15 
Tb-158             3.707967e-15    1.000000e-99    2.728487e-15    9.794795e-16 
Tb-159             4.054331e-10    2.764904e-10    3.187616e-10    8.667150e-11 
Tb-160             1.354605e-99    1.000000e-99    1.070560e-99   2.840451e-100 
Tb-161             1.354605e-99    1.000000e-99    1.070560e-99   2.840451e-100 
Tb-162             1.354605e-99    1.000000e-99    1.070560e-99   2.840451e-100 
Tb-163             1.354605e-99    1.000000e-99    1.070560e-99   2.840451e-100 
Tb-164             1.354605e-99    1.000000e-99    1.070560e-99   2.840451e-100 
Tb-165             1.354605e-99    1.000000e-99    1.070560e-99   2.840451e-100 
Dy-148             1.354605e-99    1.000000e-99    1.070560e-99   2.840451e-100 
Dy-149             1.354605e-99    1.000000e-99    1.070560e-99   2.840451e-100 
Dy-150             1.354605e-99    1.000000e-99    1.070560e-99   2.840451e-100 
Dy-151             1.354605e-99    1.000000e-99    1.070560e-99   2.840451e-100 
Dy-152             1.354605e-99    1.000000e-99    1.070560e-99   2.840451e-100 
Dy-153             1.354605e-99    1.000000e-99    1.070560e-99   2.840451e-100 
Dy-154             1.354605e-99    1.000000e-99    1.070560e-99   2.840451e-100 
Dy-155             1.354605e-99    1.000000e-99    1.070560e-99   2.840451e-100 
Dy-156             1.333467e-12    1.003681e-12    1.055073e-12    2.783944e-13 
Dy-157             1.354605e-99    1.000000e-99    1.070560e-99   2.840451e-100 
Dy-158             2.318675e-12    1.742654e-12    1.834428e-12    4.842467e-13 
Dy-159             1.354605e-99    1.000000e-99    1.070560e-99   2.840451e-100 
Dy-160             1.129735e-10    4.301488e-11    8.646300e-11    2.651055e-11 
Dy-161             4.958442e-10    3.497843e-10    3.906578e-10    1.051864e-10 
Dy-162             7.559390e-10    4.747974e-10    5.914865e-10    1.644526e-10 
Dy-163             6.469928e-10    4.663048e-10    5.104633e-10    1.365295e-10 
Dy-164             9.014905e-10    5.311557e-10    7.029550e-10    1.985355e-10 
Dy-165             1.354605e-99    1.000000e-99    1.070560e-99   2.840451e-100 
Dy-166             1.354605e-99    1.000000e-99    1.070560e-99   2.840451e-100 
Dy-167             1.354605e-99    1.000000e-99    1.070560e-99   2.840451e-100 
Dy-168             1.354605e-99    1.000000e-99    1.070560e-99   2.840451e-100 
Ho-153             1.354605e-99    1.000000e-99    1.070560e-99   2.840451e-100 
Ho-154             1.354605e-99    1.000000e-99    1.070560e-99   2.840451e-100 
Ho-155             1.354605e-99    1.000000e-99    1.070560e-99   2.840451e-100 
Ho-156             1.354605e-99    1.000000e-99    1.070560e-99   2.840451e-100 
Ho-157             1.354605e-99    1.000000e-99    1.070560e-99   2.840451e-100 
Ho-158             1.354605e-99    1.000000e-99    1.070560e-99   2.840451e-100 
Ho-159             1.354605e-99    1.000000e-99    1.070560e-99   2.840451e-100 
Ho-160             1.354605e-99    1.000000e-99    1.070560e-99   2.840451e-100 
Ho-161             1.354605e-99    1.000000e-99    1.070560e-99   2.840451e-100 
Ho-162             1.354605e-99    1.000000e-99    1.070560e-99   2.840451e-100 
Ho-163             1.351782e-11    1.000000e-99    9.970806e-12    3.547015e-12 
Ho-164             1.354605e-99    1.000000e-99    1.070560e-99   2.840451e-100 
Ho-165             6.158832e-10    4.243917e-10    4.845681e-10    1.313151e-10 
Ho-166             1.354605e-99    1.000000e-99    1.070560e-99   2.840451e-100 
Ho-167             1.354605e-99    1.000000e-99    1.070560e-99   2.840451e-100 
Ho-168             1.354605e-99    1.000000e-99    1.070560e-99   2.840451e-100 
Ho-169             1.354605e-99    1.000000e-99    1.070560e-99   2.840451e-100 
Er-154             1.354605e-99    1.000000e-99    1.070560e-99   2.840451e-100 
Er-155             1.354605e-99    1.000000e-99    1.070560e-99   2.840451e-100 
Er-156             1.354605e-99    1.000000e-99    1.070560e-99   2.840451e-100 
Er-157             1.354605e-99    1.000000e-99    1.070560e-99   2.840451e-100 
Er-158             1.354605e-99    1.000000e-99    1.070560e-99   2.840451e-100 
Er-159             1.354605e-99    1.000000e-99    1.070560e-99   2.840451e-100 
Er-160             1.354605e-99    1.000000e-99    1.070560e-99   2.840451e-100 
Er-161             1.354605e-99    1.000000e-99    1.070560e-99   2.840451e-100 
Er-162             2.137496e-12    1.608861e-12    1.691240e-12    4.462552e-13 
Er-163             1.354605e-99    1.000000e-99    1.070560e-99   2.840451e-100 
Er-164             4.757934e-11    1.912858e-11    3.648272e-11    1.109662e-11 
Er-165             1.354605e-99    1.000000e-99    1.070560e-99   2.840451e-100 
Er-166             6.191409e-10    4.044450e-10    4.856687e-10    1.334722e-10 
Er-167             4.087958e-10    2.775897e-10    3.213671e-10    8.742866e-11 
Er-168             5.998360e-10    3.262608e-10    4.659791e-10    1.338570e-10 
Er-169             1.354605e-99    1.000000e-99    1.070560e-99   2.840451e-100 
Er-170             3.180808e-10    1.839889e-10    2.474270e-10    7.065378e-11 
Er-171             1.354605e-99    1.000000e-99    1.070560e-99   2.840451e-100 
Er-172             1.354605e-99    1.000000e-99    1.070560e-99   2.840451e-100 
Er-173             1.354605e-99    1.000000e-99    1.070560e-99   2.840451e-100 
Er-174             1.354605e-99    1.000000e-99    1.070560e-99   2.840451e-100 
Er-175             1.354605e-99    1.000000e-99    1.070560e-99   2.840451e-100 
Tm-159             1.354605e-99    1.000000e-99    1.070560e-99   2.840451e-100 
Tm-160             1.354605e-99    1.000000e-99    1.070560e-99   2.840451e-100 
Tm-161             1.354605e-99    1.000000e-99    1.070560e-99   2.840451e-100 
Tm-162             1.354605e-99    1.000000e-99    1.070560e-99   2.840451e-100 
Tm-163             1.354605e-99    1.000000e-99    1.070560e-99   2.840451e-100 
Tm-164             1.354605e-99    1.000000e-99    1.070560e-99   2.840451e-100 
Tm-165             1.354605e-99    1.000000e-99    1.070560e-99   2.840451e-100 
Tm-166             1.354605e-99    1.000000e-99    1.070560e-99   2.840451e-100 
Tm-167             1.354605e-99    1.000000e-99    1.070560e-99   2.840451e-100 
Tm-168             1.354605e-99    1.000000e-99    1.070560e-99   2.840451e-100 
Tm-169             2.817097e-10    1.854256e-10    2.210404e-10    6.066925e-11 
Tm-170             1.354605e-99    1.000000e-99    1.070560e-99   2.840451e-100 
Tm-171             1.173234e-31    1.000000e-99    7.447950e-32    4.284389e-32 
Tm-172             1.354605e-99    1.000000e-99    1.070560e-99   2.840451e-100 
Tm-173             1.354605e-99    1.000000e-99    1.070560e-99   2.840451e-100 
Tm-174             1.354605e-99    1.000000e-99    1.070560e-99   2.840451e-100 
Tm-175             1.354605e-99    1.000000e-99    1.070560e-99   2.840451e-100 
Tm-176             1.354605e-99    1.000000e-99    1.070560e-99   2.840451e-100 
Yb-160             1.354605e-99    1.000000e-99    1.070560e-99   2.840451e-100 
Yb-161             1.354605e-99    1.000000e-99    1.070560e-99   2.840451e-100 
Yb-162             1.354605e-99    1.000000e-99    1.070560e-99   2.840451e-100 
Yb-163             1.354605e-99    1.000000e-99    1.070560e-99   2.840451e-100 
Yb-164             1.354605e-99    1.000000e-99    1.070560e-99   2.840451e-100 
Yb-165             1.354605e-99    1.000000e-99    1.070560e-99   2.840451e-100 
Yb-166             1.354605e-99    1.000000e-99    1.070560e-99   2.840451e-100 
Yb-167             1.354605e-99    1.000000e-99    1.070560e-99   2.840451e-100 
Yb-168             2.103412e-12    1.583199e-12    1.664272e-12    4.391397e-13 
Yb-169             1.354605e-99    1.000000e-99    1.070560e-99   2.840451e-100 
Yb-170             9.488631e-11    3.746325e-11    7.277053e-11    2.211578e-11 
Yb-171             3.071516e-10    1.770138e-10    2.391839e-10    6.796772e-11 
Yb-172             5.241514e-10    2.721856e-10    4.062653e-10    1.178861e-10 
Yb-173             3.495255e-10    2.022849e-10    2.723366e-10    7.718891e-11 
Yb-174             9.024938e-10    4.014845e-10    6.948628e-10    2.076309e-10 
Yb-175             1.354605e-99    1.000000e-99    1.070560e-99   2.840451e-100 
Yb-176             3.519875e-10    1.627969e-10    2.712880e-10    8.069947e-11 
Yb-177             1.354605e-99    1.000000e-99    1.070560e-99   2.840451e-100 
Yb-178             1.354605e-99    1.000000e-99    1.070560e-99   2.840451e-100 
Yb-179             1.354605e-99    1.000000e-99    1.070560e-99   2.840451e-100 
Yb-180             1.354605e-99    1.000000e-99    1.070560e-99   2.840451e-100 
Lu-165             1.354605e-99    1.000000e-99    1.070560e-99   2.840451e-100 
Lu-166             1.354605e-99    1.000000e-99    1.070560e-99   2.840451e-100 
Lu-167             1.354605e-99    1.000000e-99    1.070560e-99   2.840451e-100 
Lu-168             1.354605e-99    1.000000e-99    1.070560e-99   2.840451e-100 
Lu-169             1.354605e-99    1.000000e-99    1.070560e-99   2.840451e-100 
Lu-170             1.354605e-99    1.000000e-99    1.070560e-99   2.840451e-100 
Lu-171             1.354605e-99    1.000000e-99    1.070560e-99   2.840451e-100 
Lu-172             1.354605e-99    1.000000e-99    1.070560e-99   2.840451e-100 
Lu-173             1.354605e-99    1.000000e-99    1.070560e-99   2.840451e-100 
Lu-174             1.354605e-99    1.000000e-99    1.070560e-99   2.840451e-100 
Lu-175             2.953054e-10    1.827895e-10    2.309095e-10    6.439591e-11 
Lu-176             3.077545e-11    4.876274e-12    2.307762e-11    7.697832e-12 
Lu-177             1.354605e-99    1.000000e-99    1.070560e-99   2.840451e-100 
Lu-178             1.354605e-99    1.000000e-99    1.070560e-99   2.840451e-100 
Lu-179             1.354605e-99    1.000000e-99    1.070560e-99   2.840451e-100 
Lu-180             1.354605e-99    1.000000e-99    1.070560e-99   2.840451e-100 
Lu-181             1.354605e-99    1.000000e-99    1.070560e-99   2.840451e-100 
Lu-182             1.354605e-99    1.000000e-99    1.070560e-99   2.840451e-100 
Hf-166             1.354605e-99    1.000000e-99    1.070560e-99   2.840451e-100 
Hf-167             1.354605e-99    1.000000e-99    1.070560e-99   2.840451e-100 
Hf-168             1.354605e-99    1.000000e-99    1.070560e-99   2.840451e-100 
Hf-169             1.354605e-99    1.000000e-99    1.070560e-99   2.840451e-100 
Hf-170             1.354605e-99    1.000000e-99    1.070560e-99   2.840451e-100 
Hf-171             1.354605e-99    1.000000e-99    1.070560e-99   2.840451e-100 
Hf-172             1.354605e-99    1.000000e-99    1.070560e-99   2.840451e-100 
Hf-173             1.354605e-99    1.000000e-99    1.070560e-99   2.840451e-100 
Hf-174             1.635838e-12    1.231253e-12    1.294315e-12    3.415222e-13 
Hf-175             1.354605e-99    1.000000e-99    1.070560e-99   2.840451e-100 
Hf-176             6.861503e-11    4.036188e-11    5.352118e-11    1.509386e-11 
Hf-177             2.376444e-10    1.437825e-10    1.855833e-10    5.206108e-11 
Hf-178             4.780766e-10    2.121343e-10    3.680216e-10    1.100550e-10 
Hf-179             2.100918e-10    1.065106e-10    1.626497e-10    4.744218e-11 
Hf-180             7.385957e-10    2.758446e-10    5.650310e-10    1.735647e-10 
Hf-181             1.354605e-99    1.000000e-99    1.070560e-99   2.840451e-100 
Hf-182             1.403005e-11    1.000000e-99    1.023397e-11    3.796080e-12 
Hf-183             1.354605e-99    1.000000e-99    1.070560e-99   2.840451e-100 
Hf-184             1.354605e-99    1.000000e-99    1.070560e-99   2.840451e-100 
Hf-185             1.354605e-99    1.000000e-99    1.070560e-99   2.840451e-100 
Ta-169             1.354605e-99    1.000000e-99    1.070560e-99   2.840451e-100 
Ta-170             1.354605e-99    1.000000e-99    1.070560e-99   2.840451e-100 
Ta-171             1.354605e-99    1.000000e-99    1.070560e-99   2.840451e-100 
Ta-172             1.354605e-99    1.000000e-99    1.070560e-99   2.840451e-100 
Ta-173             1.354605e-99    1.000000e-99    1.070560e-99   2.840451e-100 
Ta-174             1.354605e-99    1.000000e-99    1.070560e-99   2.840451e-100 
Ta-175             1.354605e-99    1.000000e-99    1.070560e-99   2.840451e-100 
Ta-176             1.354605e-99    1.000000e-99    1.070560e-99   2.840451e-100 
Ta-177             1.354605e-99    1.000000e-99    1.070560e-99   2.840451e-100 
Ta-178             1.354605e-99    1.000000e-99    1.070560e-99   2.840451e-100 
Ta-179             2.067097e-31    1.000000e-99    1.312258e-31    7.548387e-32 
Ta-180             3.242168e-14    2.429185e-14    2.564480e-14    6.776878e-15 
Ta-181             3.418751e-10    1.985674e-10    2.664133e-10    7.546177e-11 
Ta-182             5.408296e-19    1.000000e-99    3.944956e-19    1.463340e-19 
Ta-183             1.354605e-99    1.000000e-99    1.070560e-99   2.840451e-100 
Ta-184             1.354605e-99    1.000000e-99    1.070560e-99   2.840451e-100 
Ta-185             1.354605e-99    1.000000e-99    1.070560e-99   2.840451e-100 
Ta-186             1.354605e-99    1.000000e-99    1.070560e-99   2.840451e-100 
W-172              1.354605e-99    1.000000e-99    1.070560e-99   2.840451e-100 
W-173              1.354605e-99    1.000000e-99    1.070560e-99   2.840451e-100 
W-174              1.354605e-99    1.000000e-99    1.070560e-99   2.840451e-100 
W-175              1.354605e-99    1.000000e-99    1.070560e-99   2.840451e-100 
W-176              1.354605e-99    1.000000e-99    1.070560e-99   2.840451e-100 
W-177              1.354605e-99    1.000000e-99    1.070560e-99   2.840451e-100 
W-178              1.354605e-99    1.000000e-99    1.070560e-99   2.840451e-100 
W-179              1.354605e-99    1.000000e-99    1.070560e-99   2.840451e-100 
W-180              1.133103e-12    8.394836e-13    8.956113e-13    2.374915e-13 
W-181              1.354605e-99    1.000000e-99    1.070560e-99   2.840451e-100 
W-182              3.932095e-10    1.877481e-10    3.038425e-10    8.936708e-11 
W-183              2.362560e-10    1.019725e-10    1.817171e-10    5.453889e-11 
W-184              5.483178e-10    2.194930e-10    4.204967e-10    1.278211e-10 
W-185              1.354605e-99    1.000000e-99    1.070560e-99   2.840451e-100 
W-186              3.784984e-10    2.058307e-10    2.935666e-10    8.493183e-11 
W-187              1.354605e-99    1.000000e-99    1.070560e-99   2.840451e-100 
W-188              1.354605e-99    1.000000e-99    1.070560e-99   2.840451e-100 
W-189              1.354605e-99    1.000000e-99    1.070560e-99   2.840451e-100 
W-190              1.354605e-99    1.000000e-99    1.070560e-99   2.840451e-100 
Re-175             1.354605e-99    1.000000e-99    1.070560e-99   2.840451e-100 
Re-176             1.354605e-99    1.000000e-99    1.070560e-99   2.840451e-100 
Re-177             1.354605e-99    1.000000e-99    1.070560e-99   2.840451e-100 
Re-178             1.354605e-99    1.000000e-99    1.070560e-99   2.840451e-100 
Re-179             1.354605e-99    1.000000e-99    1.070560e-99   2.840451e-100 
Re-180             1.354605e-99    1.000000e-99    1.070560e-99   2.840451e-100 
Re-181             1.354605e-99    1.000000e-99    1.070560e-99   2.840451e-100 
Re-182             1.354605e-99    1.000000e-99    1.070560e-99   2.840451e-100 
Re-183             1.354605e-99    1.000000e-99    1.070560e-99   2.840451e-100 
Re-184             1.354605e-99    1.000000e-99    1.070560e-99   2.840451e-100 
Re-185             1.981012e-10    1.047859e-10    1.536317e-10    4.446958e-11 
Re-186             1.354605e-99    1.000000e-99    1.070560e-99   2.840451e-100 
Re-187             2.614172e-10    1.773016e-10    2.052624e-10    5.615476e-11 
Re-188             1.354605e-99    1.000000e-99    1.070560e-99   2.840451e-100 
Re-189             1.354605e-99    1.000000e-99    1.070560e-99   2.840451e-100 
Re-190             1.354605e-99    1.000000e-99    1.070560e-99   2.840451e-100 
Re-191             1.354605e-99    1.000000e-99    1.070560e-99   2.840451e-100 
Os-179             1.354605e-99    1.000000e-99    1.070560e-99   2.840451e-100 
Os-180             1.354605e-99    1.000000e-99    1.070560e-99   2.840451e-100 
Os-181             1.354605e-99    1.000000e-99    1.070560e-99   2.840451e-100 
Os-182             1.354605e-99    1.000000e-99    1.070560e-99   2.840451e-100 
Os-183             1.354605e-99    1.000000e-99    1.070560e-99   2.840451e-100 
Os-184             9.444633e-13    7.108303e-13    7.472812e-13    1.971821e-13 
Os-185             1.354605e-99    1.000000e-99    1.070560e-99   2.840451e-100 
Os-186             1.620891e-10    5.778212e-11    1.239088e-10    3.818028e-11 
Os-187             1.057531e-10    5.998274e-11    8.247465e-11    2.327844e-11 
Os-188             8.365777e-10    4.873616e-10    6.519509e-10    1.846268e-10 
Os-189             8.341726e-10    5.973629e-10    6.578691e-10    1.763035e-10 
Os-190             1.500437e-09    9.765959e-10    1.176437e-09    3.240001e-10 
Os-191             1.354605e-99    1.000000e-99    1.070560e-99   2.840451e-100 
Os-192             2.135901e-09    1.532704e-09    1.684250e-09    4.516509e-10 
Os-193             1.354605e-99    1.000000e-99    1.070560e-99   2.840451e-100 
Os-194             2.106167e-19    1.000000e-99    1.399122e-19    7.070453e-20 
Os-195             1.354605e-99    1.000000e-99    1.070560e-99   2.840451e-100 
Os-196             1.354605e-99    1.000000e-99    1.070560e-99   2.840451e-100 
Ir-181             1.354605e-99    1.000000e-99    1.070560e-99   2.840451e-100 
Ir-182             1.354605e-99    1.000000e-99    1.070560e-99   2.840451e-100 
Ir-183             1.354605e-99    1.000000e-99    1.070560e-99   2.840451e-100 
Ir-184             1.354605e-99    1.000000e-99    1.070560e-99   2.840451e-100 
Ir-185             1.354605e-99    1.000000e-99    1.070560e-99   2.840451e-100 
Ir-186             1.354605e-99    1.000000e-99    1.070560e-99   2.840451e-100 
Ir-187             1.354605e-99    1.000000e-99    1.070560e-99   2.840451e-100 
Ir-188             1.354605e-99    1.000000e-99    1.070560e-99   2.840451e-100 
Ir-189             1.354605e-99    1.000000e-99    1.070560e-99   2.840451e-100 
Ir-190             1.354605e-99    1.000000e-99    1.070560e-99   2.840451e-100 
Ir-191             1.839857e-09    1.357372e-09    1.453806e-09    3.860506e-10 
Ir-192             1.354605e-99    1.000000e-99    1.070560e-99   2.840451e-100 
Ir-193             3.116749e-09    2.308350e-09    2.463352e-09    6.533962e-10 
Ir-194             7.654036e-23    1.000000e-99    5.084559e-23    2.569477e-23 
Ir-195             1.354605e-99    1.000000e-99    1.070560e-99   2.840451e-100 
Ir-196             1.354605e-99    1.000000e-99    1.070560e-99   2.840451e-100 
Ir-197             1.354605e-99    1.000000e-99    1.070560e-99   2.840451e-100 
Pt-184             1.354605e-99    1.000000e-99    1.070560e-99   2.840451e-100 
Pt-185             1.354605e-99    1.000000e-99    1.070560e-99   2.840451e-100 
Pt-186             1.354605e-99    1.000000e-99    1.070560e-99   2.840451e-100 
Pt-187             1.354605e-99    1.000000e-99    1.070560e-99   2.840451e-100 
Pt-188             1.354605e-99    1.000000e-99    1.070560e-99   2.840451e-100 
Pt-189             1.354605e-99    1.000000e-99    1.070560e-99   2.840451e-100 
Pt-190             1.339980e-12    1.008463e-12    1.060222e-12    2.797587e-13 
Pt-191             1.354605e-99    1.000000e-99    1.070560e-99   2.840451e-100 
Pt-192             1.222282e-10    5.850019e-11    9.442080e-11    2.780742e-11 
Pt-193             4.543035e-13    1.000000e-99    3.321938e-13    1.221097e-13 
Pt-194             3.466159e-09    2.489798e-09    2.734049e-09    7.321099e-10 
Pt-195             3.476762e-09    2.568263e-09    2.747481e-09    7.292811e-10 
Pt-196             2.863856e-09    1.926003e-09    2.249974e-09    6.138815e-10 
Pt-197             1.354605e-99    1.000000e-99    1.070560e-99   2.840451e-100 
Pt-198             7.519768e-10    5.521699e-10    5.938430e-10    1.581338e-10 
Pt-199             1.354605e-99    1.000000e-99    1.070560e-99   2.840451e-100 
Pt-200             1.354605e-99    1.000000e-99    1.070560e-99   2.840451e-100 
Pt-201             1.354605e-99    1.000000e-99    1.070560e-99   2.840451e-100 
Pt-202             1.354605e-99    1.000000e-99    1.070560e-99   2.840451e-100 
Au-185             1.354605e-99    1.000000e-99    1.070560e-99   2.840451e-100 
Au-186             1.354605e-99    1.000000e-99    1.070560e-99   2.840451e-100 
Au-187             1.354605e-99    1.000000e-99    1.070560e-99   2.840451e-100 
Au-188             1.354605e-99    1.000000e-99    1.070560e-99   2.840451e-100 
Au-189             1.354605e-99    1.000000e-99    1.070560e-99   2.840451e-100 
Au-190             1.354605e-99    1.000000e-99    1.070560e-99   2.840451e-100 
Au-191             1.354605e-99    1.000000e-99    1.070560e-99   2.840451e-100 
Au-192             1.354605e-99    1.000000e-99    1.070560e-99   2.840451e-100 
Au-193             1.354605e-99    1.000000e-99    1.070560e-99   2.840451e-100 
Au-194             1.354605e-99    1.000000e-99    1.070560e-99   2.840451e-100 
Au-195             1.354605e-99    1.000000e-99    1.070560e-99   2.840451e-100 
Au-196             1.354605e-99    1.000000e-99    1.070560e-99   2.840451e-100 
Au-197             1.533939e-09    1.083301e-09    1.208718e-09    3.252214e-10 
Au-198             1.354605e-99    1.000000e-99    1.070560e-99   2.840451e-100 
Au-199             1.354605e-99    1.000000e-99    1.070560e-99   2.840451e-100 
Au-200             1.354605e-99    1.000000e-99    1.070560e-99   2.840451e-100 
Au-201             1.354605e-99    1.000000e-99    1.070560e-99   2.840451e-100 
Au-202             1.354605e-99    1.000000e-99    1.070560e-99   2.840451e-100 
Au-203             1.354605e-99    1.000000e-99    1.070560e-99   2.840451e-100 
Hg-189             1.354605e-99    1.000000e-99    1.070560e-99   2.840451e-100 
Hg-190             1.354605e-99    1.000000e-99    1.070560e-99   2.840451e-100 
Hg-191             1.354605e-99    1.000000e-99    1.070560e-99   2.840451e-100 
Hg-192             1.354605e-99    1.000000e-99    1.070560e-99   2.840451e-100 
Hg-193             1.354605e-99    1.000000e-99    1.070560e-99   2.840451e-100 
Hg-194             1.354605e-99    1.000000e-99    1.070560e-99   2.840451e-100 
Hg-195             1.354605e-99    1.000000e-99    1.070560e-99   2.840451e-100 
Hg-196             4.001441e-12    3.009384e-12    3.165923e-12    8.355184e-13 
Hg-197             1.354605e-99    1.000000e-99    1.070560e-99   2.840451e-100 
Hg-198             5.517276e-10    1.974950e-10    4.214480e-10    1.302797e-10 
Hg-199             5.837638e-10    3.359915e-10    4.546111e-10    1.291527e-10 
Hg-200             1.053477e-09    4.622210e-10    8.099945e-10    2.434821e-10 
Hg-201             5.408475e-10    2.651107e-10    4.177559e-10    1.230916e-10 
Hg-202             1.480059e-09    6.036257e-10    1.134337e-09    3.457218e-10 
Hg-203             1.354605e-99    1.000000e-99    1.070560e-99   2.840451e-100 
Hg-204             2.035910e-10    1.401373e-10    1.600965e-10    4.349449e-11 
Hg-205             1.354605e-99    1.000000e-99    1.070560e-99   2.840451e-100 
Hg-206             1.354605e-99    1.000000e-99    1.070560e-99   2.840451e-100 
Hg-207             1.354605e-99    1.000000e-99    1.070560e-99   2.840451e-100 
Hg-208             1.354605e-99    1.000000e-99    1.070560e-99   2.840451e-100 
Tl-192             1.354605e-99    1.000000e-99    1.070560e-99   2.840451e-100 
Tl-193             1.354605e-99    1.000000e-99    1.070560e-99   2.840451e-100 
Tl-194             1.354605e-99    1.000000e-99    1.070560e-99   2.840451e-100 
Tl-195             1.354605e-99    1.000000e-99    1.070560e-99   2.840451e-100 
Tl-196             1.354605e-99    1.000000e-99    1.070560e-99   2.840451e-100 
Tl-197             1.354605e-99    1.000000e-99    1.070560e-99   2.840451e-100 
Tl-198             1.354605e-99    1.000000e-99    1.070560e-99   2.840451e-100 
Tl-199             1.354605e-99    1.000000e-99    1.070560e-99   2.840451e-100 
Tl-200             1.354605e-99    1.000000e-99    1.070560e-99   2.840451e-100 
Tl-201             1.354605e-99    1.000000e-99    1.070560e-99   2.840451e-100 
Tl-202             1.354605e-99    1.000000e-99    1.070560e-99   2.840451e-100 
Tl-203             7.290376e-10    3.220729e-10    5.603694e-10    1.686682e-10 
Tl-204             2.492883e-22    1.000000e-99    1.625395e-22    8.674877e-23 
Tl-205             1.489354e-09    7.763865e-10    1.154050e-09    3.353035e-10 
Tl-206             1.354605e-99    1.000000e-99    1.070560e-99   2.840451e-100 
Tl-207             1.354605e-99    1.000000e-99    1.070560e-99   2.840451e-100 
Tl-208             1.354605e-99    1.000000e-99    1.070560e-99   2.840451e-100 
Tl-209             1.354605e-99    1.000000e-99    1.070560e-99   2.840451e-100 
Tl-210             1.354605e-99    1.000000e-99    1.070560e-99   2.840451e-100 
Pb-193             1.354605e-99    1.000000e-99    1.070560e-99   2.840451e-100 
Pb-194             1.354605e-99    1.000000e-99    1.070560e-99   2.840451e-100 
Pb-195             1.354605e-99    1.000000e-99    1.070560e-99   2.840451e-100 
Pb-196             1.354605e-99    1.000000e-99    1.070560e-99   2.840451e-100 
Pb-197             1.354605e-99    1.000000e-99    1.070560e-99   2.840451e-100 
Pb-198             1.354605e-99    1.000000e-99    1.070560e-99   2.840451e-100 
Pb-199             1.354605e-99    1.000000e-99    1.070560e-99   2.840451e-100 
Pb-200             1.354605e-99    1.000000e-99    1.070560e-99   2.840451e-100 
Pb-201             1.354605e-99    1.000000e-99    1.070560e-99   2.840451e-100 
Pb-202             1.354605e-99    1.000000e-99    1.070560e-99   2.840451e-100 
Pb-203             1.354605e-99    1.000000e-99    1.070560e-99   2.840451e-100 
Pb-204             7.692452e-10    2.931006e-10    5.880660e-10    1.811792e-10 
Pb-205             7.031270e-12    1.000000e-99    5.143908e-12    1.887362e-12 
Pb-208             1.301711e-08    8.849766e-09    1.022848e-08    2.788628e-09 
Pb-209             1.354605e-99    1.000000e-99    1.070560e-99   2.840451e-100 
Pb-210             1.270633e-19    1.000000e-99    8.787948e-20    3.918379e-20 
Pb-211             1.354605e-99    1.000000e-99    1.070560e-99   2.840451e-100 
Bi-202             1.354605e-99    1.000000e-99    1.070560e-99   2.840451e-100 
Bi-203             1.354605e-99    1.000000e-99    1.070560e-99   2.840451e-100 
Bi-204             1.354605e-99    1.000000e-99    1.070560e-99   2.840451e-100 
Bi-205             1.354605e-99    1.000000e-99    1.070560e-99   2.840451e-100 
Bi-206             1.354605e-99    1.000000e-99    1.070560e-99   2.840451e-100 
Bi-207             1.354605e-99    1.000000e-99    1.070560e-99   2.840451e-100 
Bi-208             1.354605e-99    1.000000e-99    1.070560e-99   2.840451e-100 
Bi-209             1.191718e-09    8.718247e-10    9.410968e-10    2.506207e-10 
Bi-210             2.986028e-12    1.000000e-99    2.196825e-12    7.892038e-13 
Al-26m1            1.354605e-99    1.000000e-99    1.070560e-99   2.840451e-100 
Kr-85m1            1.354605e-99    1.000000e-99    1.070560e-99   2.840451e-100 
Cd-115m1           1.354605e-99    1.000000e-99    1.070560e-99   2.840451e-100 
Lu-176m1           1.354605e-99    1.000000e-99    1.070560e-99   2.840451e-100 
Ta-180m1           1.354605e-99    1.000000e-99    1.070560e-99   2.840451e-100 
