# Battino yields
# Model: m3z2m2-rotmix.st
# Mini: 3.00
# Z: 2.00e-02
# Mfinal: 0.6593185342726561
# Mfinal (MESA): 0.6794598378016485
# Created by Daniel Boyea on 2024-12-10
isotope         wind_yield      initial_abundance wind_yield_mesaevo wind_yield_postmesa 
Neutron-1          2.340681e-99    1.000000e-99    2.320540e-99   2.014130e-101 
H-1                1.539481e+00    7.064434e-01    1.526355e+00    1.312567e-02 
H-2                5.948392e-06    1.370527e-05    5.901438e-06    4.695392e-08 
He-3               3.259035e-04    4.524566e-05    3.231143e-04    2.789229e-06 
He-4               7.091707e-01    2.734973e-01    7.030374e-01    6.133221e-03 
Be-7               6.031878e-16    7.557599e-17    5.980002e-16    5.187602e-18 
B-8                2.340681e-99    1.000000e-99    2.320540e-99   2.014130e-101 
Li-7               2.872379e-06    3.599641e-07    2.847675e-06    2.470335e-08 
C-11               3.267282e-26    1.000000e-99    3.219922e-26    4.735929e-28 
B-11               6.684262e-09    2.855891e-09    6.626750e-09    5.751139e-11 
C-12               3.460265e-02    3.424729e-03    3.424774e-02    3.549090e-04 
C-13               2.276319e-04    4.156115e-05    2.256841e-04    1.947863e-06 
N-13               2.340681e-99    1.000000e-99    2.320540e-99   2.014130e-101 
N-14               7.192570e-03    1.058808e-03    7.130887e-03    6.168291e-05 
C-14               6.115688e-13    1.000000e-99    6.041719e-13    7.396903e-15 
N-15               4.390963e-06    4.170720e-06    4.353673e-06    3.729020e-08 
O-16               3.283383e-02    9.624352e-03    3.252811e-02    3.057174e-04 
O-17               6.475126e-05    3.813070e-06    6.419649e-05    5.547755e-07 
O-18               3.464949e-05    2.171062e-05    3.435449e-05    2.950075e-07 
F-17               2.340681e-99    1.000000e-99    2.320540e-99   2.014130e-101 
F-18               2.340681e-99    1.000000e-99    2.320540e-99   2.014130e-101 
F-19               4.923882e-06    5.610951e-07    4.869406e-06    5.447694e-08 
Ne-20              4.287965e-03    1.817733e-03    4.250957e-03    3.700768e-05 
Ne-21              1.299835e-05    4.575277e-06    1.288111e-05    1.172431e-07 
Ne-22              2.768957e-03    1.470235e-04    2.738261e-03    3.069592e-05 
Na-22              8.390224e-24    1.000000e-99    8.283269e-24    1.069552e-25 
Na-23              1.528725e-04    3.999546e-05    1.514979e-04    1.374664e-06 
Mg-23              2.340681e-99    1.000000e-99    2.320540e-99   2.014130e-101 
Mg-24              1.390866e-03    5.862424e-04    1.378839e-03    1.202659e-05 
Mg-25              3.080470e-04    7.733092e-05    3.050155e-04    3.031486e-06 
Mg-26              4.739855e-04    8.848024e-05    4.690960e-04    4.889408e-06 
Al-26              1.956607e-10    1.000000e-99    1.936259e-10    2.034821e-12 
Al-27              1.565081e-04    6.481069e-05    1.551479e-04    1.360180e-06 
Si-27              2.340681e-99    1.000000e-99    2.320540e-99   2.014130e-101 
Si-28              1.742668e-03    7.452665e-04    1.727678e-03    1.499019e-05 
Si-29              9.356788e-05    3.919403e-05    9.275825e-05    8.096283e-07 
Si-30              6.909121e-05    2.672780e-05    6.848002e-05    6.111947e-07 
P-31               1.776220e-05    7.106317e-06    1.760622e-05    1.559720e-07 
S-31               2.340681e-99    1.000000e-99    2.320540e-99   2.014130e-101 
Be-8               2.340681e-99    1.000000e-99    2.320540e-99   2.014130e-101 
O-14               2.340681e-99    1.000000e-99    2.320540e-99   2.014130e-101 
O-15               2.340681e-99    1.000000e-99    2.320540e-99   2.014130e-101 
Na-21              2.340681e-99    1.000000e-99    2.320540e-99   2.014130e-101 
Al-25              2.340681e-99    1.000000e-99    2.320540e-99   2.014130e-101 
P-29               2.340681e-99    1.000000e-99    2.320540e-99   2.014130e-101 
P-30               2.340681e-99    1.000000e-99    2.320540e-99   2.014130e-101 
Pb-206             7.952857e-09    2.797732e-09    7.881613e-09    7.124378e-11 
Pb-207             8.330436e-09    3.089652e-09    8.256547e-09    7.388873e-11 
Bi-211             2.340681e-99    1.000000e-99    2.320540e-99   2.014130e-101 
Po-210             2.340681e-99    1.000000e-99    2.320540e-99   2.014130e-101 
F-20               2.340681e-99    1.000000e-99    2.320540e-99   2.014130e-101 
Ne-19              2.340681e-99    1.000000e-99    2.320540e-99   2.014130e-101 
Na-24              2.340681e-99    1.000000e-99    2.320540e-99   2.014130e-101 
Mg-27              2.340681e-99    1.000000e-99    2.320540e-99   2.014130e-101 
Mg-28              2.340681e-99    1.000000e-99    2.320540e-99   2.014130e-101 
Al-28              2.340681e-99    1.000000e-99    2.320540e-99   2.014130e-101 
Al-29              2.340681e-99    1.000000e-99    2.320540e-99   2.014130e-101 
Si-31              2.340681e-99    1.000000e-99    2.320540e-99   2.014130e-101 
Si-32              2.666197e-17    1.000000e-99    2.635441e-17    3.075588e-19 
P-32               6.053568e-21    1.000000e-99    5.983737e-21    6.983086e-23 
P-33               2.340681e-99    1.000000e-99    2.320540e-99   2.014130e-101 
P-34               2.340681e-99    1.000000e-99    2.320540e-99   2.014130e-101 
P-35               2.340681e-99    1.000000e-99    2.320540e-99   2.014130e-101 
S-32               9.327403e-04    4.010872e-04    9.247299e-04    8.010329e-06 
S-33               8.026940e-06    3.264811e-06    7.957076e-06    6.986380e-08 
S-34               4.590256e-05    1.890425e-05    4.550351e-05    3.990525e-07 
S-35               2.340681e-99    1.000000e-99    2.320540e-99   2.014130e-101 
S-36               3.891576e-07    8.072988e-08    3.853203e-07    3.837327e-09 
S-37               2.340681e-99    1.000000e-99    2.320540e-99   2.014130e-101 
S-38               2.340681e-99    1.000000e-99    2.320540e-99   2.014130e-101 
Cl-34              2.340681e-99    1.000000e-99    2.320540e-99   2.014130e-101 
Cl-35              1.575799e-05    6.821093e-06    1.562288e-05    1.351059e-07 
Cl-36              2.972262e-08    1.000000e-99    2.940546e-08    3.171584e-10 
Cl-37              6.490019e-06    2.305792e-06    6.431787e-06    5.823231e-08 
Cl-38              2.340681e-99    1.000000e-99    2.320540e-99   2.014130e-101 
Cl-39              2.340681e-99    1.000000e-99    2.320540e-99   2.014130e-101 
Cl-40              2.340681e-99    1.000000e-99    2.320540e-99   2.014130e-101 
Ar-35              2.340681e-99    1.000000e-99    2.320540e-99   2.014130e-101 
Ar-36              1.893765e-04    8.202156e-05    1.877532e-04    1.623282e-06 
Ar-37              1.950198e-17    1.000000e-99    1.926985e-17    2.321237e-19 
Ar-38              3.793658e-05    1.574147e-05    3.760760e-05    3.289872e-07 
Ar-39              2.366974e-14    1.000000e-99    2.340792e-14    2.618192e-16 
Ar-40              1.268061e-07    2.650204e-08    1.255334e-07    1.272713e-09 
Ar-41              2.340681e-99    1.000000e-99    2.320540e-99   2.014130e-101 
Ar-42              1.759690e-21    1.000000e-99    1.738721e-21    2.096910e-23 
Ar-43              2.340681e-99    1.000000e-99    2.320540e-99   2.014130e-101 
Ar-44              2.340681e-99    1.000000e-99    2.320540e-99   2.014130e-101 
K-38               2.340681e-99    1.000000e-99    2.320540e-99   2.014130e-101 
K-39               9.273057e-06    3.899726e-06    9.192891e-06    8.016608e-08 
K-40               3.373811e-08    3.310922e-10    3.337194e-08    3.661651e-10 
K-41               8.072206e-07    2.958666e-07    8.000269e-07    7.193705e-09 
K-42               7.698346e-26    1.000000e-99    7.606598e-26    9.174847e-28 
K-43               2.340681e-99    1.000000e-99    2.320540e-99   2.014130e-101 
K-44               2.340681e-99    1.000000e-99    2.320540e-99   2.014130e-101 
K-45               2.340681e-99    1.000000e-99    2.320540e-99   2.014130e-101 
K-46               2.340681e-99    1.000000e-99    2.320540e-99   2.014130e-101 
Ca-39              2.340681e-99    1.000000e-99    2.320540e-99   2.014130e-101 
Ca-40              1.674283e-04    7.225225e-05    1.659918e-04    1.436524e-06 
Ca-41              2.592634e-09    1.000000e-99    2.564899e-09    2.773483e-11 
Ca-42              1.295431e-06    5.063333e-07    1.284036e-06    1.139526e-08 
Ca-43              2.804415e-07    1.081646e-07    2.779644e-07    2.477115e-09 
Ca-44              4.036397e-06    1.710212e-06    4.001572e-06    3.482473e-08 
Ca-45              2.340681e-99    1.000000e-99    2.320540e-99   2.014130e-101 
Ca-46              1.398067e-08    3.428473e-09    1.384088e-08    1.397842e-10 
Ca-47              2.340681e-99    1.000000e-99    2.320540e-99   2.014130e-101 
Ca-48              3.907012e-07    1.672498e-07    3.873414e-07    3.359735e-09 
Ca-49              2.340681e-99    1.000000e-99    2.320540e-99   2.014130e-101 
Sc-43              2.340681e-99    1.000000e-99    2.320540e-99   2.014130e-101 
Sc-44              2.340681e-99    1.000000e-99    2.320540e-99   2.014130e-101 
Sc-45              1.494619e-07    5.413715e-08    1.481200e-07    1.341825e-09 
Sc-46              2.340681e-99    1.000000e-99    2.320540e-99   2.014130e-101 
Sc-47              2.340681e-99    1.000000e-99    2.320540e-99   2.014130e-101 
Sc-48              2.340681e-99    1.000000e-99    2.320540e-99   2.014130e-101 
Sc-49              2.340681e-99    1.000000e-99    2.320540e-99   2.014130e-101 
Sc-50              2.340681e-99    1.000000e-99    2.320540e-99   2.014130e-101 
Ti-44              2.210997e-27    1.000000e-99    2.183228e-27    2.776917e-29 
Ti-45              2.340681e-99    1.000000e-99    2.320540e-99   2.014130e-101 
Ti-46              7.669738e-07    3.231782e-07    7.603491e-07    6.624723e-09 
Ti-47              6.898776e-07    2.976998e-07    6.839545e-07    5.923100e-09 
Ti-48              6.903579e-06    3.013765e-06    6.844509e-06    5.906963e-08 
Ti-49              6.155432e-07    2.257335e-07    6.100644e-07    5.478746e-09 
Ti-50              6.535145e-07    2.208013e-07    6.475711e-07    5.943366e-09 
Ti-51              2.340681e-99    1.000000e-99    2.320540e-99   2.014130e-101 
Ti-52              2.340681e-99    1.000000e-99    2.320540e-99   2.014130e-101 
V-47               2.340681e-99    1.000000e-99    2.320540e-99   2.014130e-101 
V-48               2.340681e-99    1.000000e-99    2.320540e-99   2.014130e-101 
V-49               2.100264e-24    1.000000e-99    2.076214e-24    2.404924e-26 
V-50               2.310370e-09    1.015480e-09    2.290637e-09    1.973268e-11 
V-51               9.615160e-07    4.137779e-07    9.532589e-07    8.257091e-09 
V-52               2.340681e-99    1.000000e-99    2.320540e-99   2.014130e-101 
V-53               2.340681e-99    1.000000e-99    2.320540e-99   2.014130e-101 
Cr-48              2.340681e-99    1.000000e-99    2.320540e-99   2.014130e-101 
Cr-49              2.340681e-99    1.000000e-99    2.320540e-99   2.014130e-101 
Cr-50              1.880281e-06    8.265377e-07    1.864222e-06    1.605893e-08 
Cr-51              5.720436e-19    1.000000e-99    5.649135e-19    7.130159e-21 
Cr-52              3.839483e-05    1.657585e-05    3.806545e-05    3.293771e-07 
Cr-53              4.450180e-06    1.915622e-06    4.411973e-06    3.820694e-08 
Cr-54              1.509983e-06    4.857946e-07    1.496143e-06    1.384002e-08 
Cr-55              2.340681e-99    1.000000e-99    2.320540e-99   2.014130e-101 
Cr-56              2.340681e-99    1.000000e-99    2.320540e-99   2.014130e-101 
Mn-51              2.340681e-99    1.000000e-99    2.320540e-99   2.014130e-101 
Mn-52              2.340681e-99    1.000000e-99    2.320540e-99   2.014130e-101 
Mn-53              1.158973e-17    1.000000e-99    1.145912e-17    1.306053e-19 
Mn-54              1.701291e-24    1.000000e-99    1.682133e-24    1.915829e-26 
Mn-55              2.599889e-05    1.098109e-05    2.577478e-05    2.241104e-07 
Mn-56              2.340681e-99    1.000000e-99    2.320540e-99   2.014130e-101 
Mn-57              2.340681e-99    1.000000e-99    2.320540e-99   2.014130e-101 
Fe-52              2.340681e-99    1.000000e-99    2.320540e-99   2.014130e-101 
Fe-53              2.340681e-99    1.000000e-99    2.320540e-99   2.014130e-101 
Fe-54              1.852878e-04    8.118227e-05    1.837041e-04    1.583757e-06 
Fe-55              1.038666e-12    1.000000e-99    1.027506e-12    1.115939e-14 
Fe-56              3.052528e-03    1.321588e-03    3.026361e-03    2.616655e-05 
Fe-57              8.278632e-05    3.106624e-05    8.205361e-05    7.327050e-07 
Fe-58              2.992419e-05    4.206879e-06    2.962199e-05    3.021967e-07 
Fe-59              2.340681e-99    1.000000e-99    2.320540e-99   2.014130e-101 
Fe-60              6.750423e-07    1.000000e-99    6.669855e-07    8.056727e-09 
Fe-61              2.340681e-99    1.000000e-99    2.320540e-99   2.014130e-101 
Co-55              2.340681e-99    1.000000e-99    2.320540e-99   2.014130e-101 
Co-56              2.340681e-99    1.000000e-99    2.320540e-99   2.014130e-101 
Co-57              2.517518e-23    1.000000e-99    2.489016e-23    2.850213e-25 
Co-58              2.340681e-99    1.000000e-99    2.320540e-99   2.014130e-101 
Co-59              1.414908e-05    3.991489e-06    1.401597e-05    1.331022e-07 
Co-60              8.842302e-22    1.000000e-99    8.730849e-22    1.114530e-23 
Co-61              2.340681e-99    1.000000e-99    2.320540e-99   2.014130e-101 
Co-62              2.340681e-99    1.000000e-99    2.320540e-99   2.014130e-101 
Co-63              2.340681e-99    1.000000e-99    2.320540e-99   2.014130e-101 
Ni-56              2.340681e-99    1.000000e-99    2.320540e-99   2.014130e-101 
Ni-57              2.340681e-99    1.000000e-99    2.320540e-99   2.014130e-101 
Ni-58              1.303689e-04    5.710980e-05    1.292545e-04    1.114365e-06 
Ni-59              3.639224e-07    1.000000e-99    3.600307e-07    3.891648e-09 
Ni-60              5.610074e-05    2.275717e-05    5.561121e-05    4.895234e-07 
Ni-61              4.127829e-06    1.005726e-06    4.087975e-06    3.985436e-08 
Ni-62              1.131413e-05    3.259262e-06    1.120683e-05    1.072940e-07 
Ni-63              4.791079e-14    1.000000e-99    4.735780e-14    5.529857e-16 
Ni-64              4.325159e-06    8.568133e-07    4.280371e-06    4.478802e-08 
Ni-65              2.340681e-99    1.000000e-99    2.320540e-99   2.014130e-101 
Ni-66              2.340681e-99    1.000000e-99    2.320540e-99   2.014130e-101 
Ni-67              2.340681e-99    1.000000e-99    2.320540e-99   2.014130e-101 
Ni-68              2.340681e-99    1.000000e-99    2.320540e-99   2.014130e-101 
Cu-60              2.340681e-99    1.000000e-99    2.320540e-99   2.014130e-101 
Cu-61              2.340681e-99    1.000000e-99    2.320540e-99   2.014130e-101 
Cu-62              2.340681e-99    1.000000e-99    2.320540e-99   2.014130e-101 
Cu-63              2.839222e-06    6.600340e-07    2.811166e-06    2.805620e-08 
Cu-64              2.340681e-99    1.000000e-99    2.320540e-99   2.014130e-101 
Cu-65              1.428429e-06    3.034684e-07    1.413816e-06    1.461298e-08 
Cu-66              2.340681e-99    1.000000e-99    2.320540e-99   2.014130e-101 
Cu-67              2.340681e-99    1.000000e-99    2.320540e-99   2.014130e-101 
Cu-68              2.340681e-99    1.000000e-99    2.320540e-99   2.014130e-101 
Cu-69              2.340681e-99    1.000000e-99    2.320540e-99   2.014130e-101 
Cu-70              2.340681e-99    1.000000e-99    2.320540e-99   2.014130e-101 
Cu-71              2.340681e-99    1.000000e-99    2.320540e-99   2.014130e-101 
Zn-62              2.340681e-99    1.000000e-99    2.320540e-99   2.014130e-101 
Zn-63              2.340681e-99    1.000000e-99    2.320540e-99   2.014130e-101 
Zn-64              2.850191e-06    1.130751e-06    2.825060e-06    2.513175e-08 
Zn-65              2.701618e-16    1.000000e-99    2.669361e-16    3.225695e-18 
Zn-66              2.129522e-06    6.690076e-07    2.109333e-06    2.018880e-08 
Zn-67              3.554539e-07    9.980253e-08    3.519884e-07    3.465453e-09 
Zn-68              1.646915e-06    4.632262e-07    1.630719e-06    1.619568e-08 
Zn-69              2.340681e-99    1.000000e-99    2.320540e-99   2.014130e-101 
Zn-70              3.693430e-08    1.576786e-08    3.661502e-08    3.192796e-10 
Zn-71              2.340681e-99    1.000000e-99    2.320540e-99   2.014130e-101 
Zn-72              2.340681e-99    1.000000e-99    2.320540e-99   2.014130e-101 
Zn-73              2.340681e-99    1.000000e-99    2.320540e-99   2.014130e-101 
Zn-74              2.340681e-99    1.000000e-99    2.320540e-99   2.014130e-101 
Ga-65              2.340681e-99    1.000000e-99    2.320540e-99   2.014130e-101 
Ga-66              2.340681e-99    1.000000e-99    2.320540e-99   2.014130e-101 
Ga-67              2.340681e-99    1.000000e-99    2.320540e-99   2.014130e-101 
Ga-68              2.340681e-99    1.000000e-99    2.320540e-99   2.014130e-101 
Ga-69              1.830605e-07    4.550546e-08    1.812084e-07    1.852145e-09 
Ga-70              2.340681e-99    1.000000e-99    2.320540e-99   2.014130e-101 
Ga-71              1.205746e-07    3.107622e-08    1.193654e-07    1.209193e-09 
Ga-72              2.340681e-99    1.000000e-99    2.320540e-99   2.014130e-101 
Ga-73              2.340681e-99    1.000000e-99    2.320540e-99   2.014130e-101 
Ga-74              2.340681e-99    1.000000e-99    2.320540e-99   2.014130e-101 
Ga-75              2.340681e-99    1.000000e-99    2.320540e-99   2.014130e-101 
Ge-66              2.340681e-99    1.000000e-99    2.320540e-99   2.014130e-101 
Ge-67              2.340681e-99    1.000000e-99    2.320540e-99   2.014130e-101 
Ge-68              2.340681e-99    1.000000e-99    2.320540e-99   2.014130e-101 
Ge-69              2.340681e-99    1.000000e-99    2.320540e-99   2.014130e-101 
Ge-70              2.283339e-07    5.157185e-08    2.259783e-07    2.355673e-09 
Ge-71              2.340681e-99    1.000000e-99    2.320540e-99   2.014130e-101 
Ge-72              2.628963e-07    6.910333e-08    2.602666e-07    2.629626e-09 
Ge-73              7.506434e-08    1.954584e-08    7.431206e-08    7.522786e-10 
Ge-74              3.689574e-07    9.228454e-08    3.652321e-07    3.725298e-09 
Ge-75              2.340681e-99    1.000000e-99    2.320540e-99   2.014130e-101 
Ge-76              4.576957e-08    1.962921e-08    4.537450e-08    3.950654e-10 
Ge-77              2.340681e-99    1.000000e-99    2.320540e-99   2.014130e-101 
Ge-78              2.340681e-99    1.000000e-99    2.320540e-99   2.014130e-101 
As-69              2.340681e-99    1.000000e-99    2.320540e-99   2.014130e-101 
As-70              2.340681e-99    1.000000e-99    2.320540e-99   2.014130e-101 
As-71              2.340681e-99    1.000000e-99    2.320540e-99   2.014130e-101 
As-72              2.340681e-99    1.000000e-99    2.320540e-99   2.014130e-101 
As-73              2.340681e-99    1.000000e-99    2.320540e-99   2.014130e-101 
As-74              2.340681e-99    1.000000e-99    2.320540e-99   2.014130e-101 
As-75              4.836035e-08    1.430027e-08    4.789011e-08    4.702465e-10 
As-76              2.340681e-99    1.000000e-99    2.320540e-99   2.014130e-101 
As-77              2.340681e-99    1.000000e-99    2.320540e-99   2.014130e-101 
As-78              2.340681e-99    1.000000e-99    2.320540e-99   2.014130e-101 
As-79              2.340681e-99    1.000000e-99    2.320540e-99   2.014130e-101 
As-80              2.340681e-99    1.000000e-99    2.320540e-99   2.014130e-101 
As-81              2.340681e-99    1.000000e-99    2.320540e-99   2.014130e-101 
Se-72              2.340681e-99    1.000000e-99    2.320540e-99   2.014130e-101 
Se-73              2.340681e-99    1.000000e-99    2.320540e-99   2.014130e-101 
Se-74              2.711751e-09    1.197888e-09    2.688620e-09    2.313111e-11 
Se-75              2.340681e-99    1.000000e-99    2.320540e-99   2.014130e-101 
Se-76              6.369424e-08    1.296136e-08    6.302751e-08    6.667350e-10 
Se-77              3.753720e-08    1.070490e-08    3.716933e-08    3.678727e-10 
Se-78              1.558882e-07    3.376317e-08    1.542817e-07    1.606418e-09 
Se-79              1.316726e-12    4.097865e-26    1.300874e-12    1.585242e-14 
Se-80              2.389365e-07    7.226298e-08    2.366509e-07    2.285648e-09 
Se-81              2.340681e-99    1.000000e-99    2.320540e-99   2.014130e-101 
Se-82              3.019095e-08    1.303649e-08    2.993177e-08    2.591793e-10 
Se-83              2.340681e-99    1.000000e-99    2.320540e-99   2.014130e-101 
Se-84              2.340681e-99    1.000000e-99    2.320540e-99   2.014130e-101 
Br-74              2.340681e-99    1.000000e-99    2.320540e-99   2.014130e-101 
Br-75              2.340681e-99    1.000000e-99    2.320540e-99   2.014130e-101 
Br-76              2.340681e-99    1.000000e-99    2.320540e-99   2.014130e-101 
Br-77              2.340681e-99    1.000000e-99    2.320540e-99   2.014130e-101 
Br-78              2.340681e-99    1.000000e-99    2.320540e-99   2.014130e-101 
Br-79              4.782123e-08    1.389306e-08    4.735668e-08    4.645550e-10 
Br-80              2.340681e-99    1.000000e-99    2.320540e-99   2.014130e-101 
Br-81              4.515660e-08    1.385920e-08    4.472644e-08    4.301628e-10 
Br-82              2.340681e-99    1.000000e-99    2.320540e-99   2.014130e-101 
Br-83              2.340681e-99    1.000000e-99    2.320540e-99   2.014130e-101 
Br-84              2.340681e-99    1.000000e-99    2.320540e-99   2.014130e-101 
Br-85              2.340681e-99    1.000000e-99    2.320540e-99   2.014130e-101 
Br-86              2.340681e-99    1.000000e-99    2.320540e-99   2.014130e-101 
Br-87              2.340681e-99    1.000000e-99    2.320540e-99   2.014130e-101 
Kr-76              2.340681e-99    1.000000e-99    2.320540e-99   2.014130e-101 
Kr-77              2.340681e-99    1.000000e-99    2.320540e-99   2.014130e-101 
Kr-78              8.828586e-10    3.900193e-10    8.753280e-10    7.530609e-12 
Kr-79              2.340681e-99    1.000000e-99    2.320540e-99   2.014130e-101 
Kr-80              7.427683e-09    2.574713e-09    7.358965e-09    6.871831e-11 
Kr-81              2.425947e-13    1.000000e-99    2.396651e-13    2.929595e-15 
Kr-82              6.669198e-08    1.319540e-08    6.600832e-08    6.836507e-10 
Kr-83              4.353941e-08    1.324168e-08    4.312670e-08    4.127114e-10 
Kr-84              2.401394e-07    6.601984e-08    2.378367e-07    2.302710e-09 
Kr-85              3.954516e-20    1.000000e-99    3.905036e-20    4.947935e-22 
Kr-86              8.630295e-08    2.044383e-08    8.544483e-08    8.581229e-10 
Kr-87              2.340681e-99    1.000000e-99    2.320540e-99   2.014130e-101 
Kr-88              2.340681e-99    1.000000e-99    2.320540e-99   2.014130e-101 
Kr-89              2.340681e-99    1.000000e-99    2.320540e-99   2.014130e-101 
Kr-90              2.340681e-99    1.000000e-99    2.320540e-99   2.014130e-101 
Rb-79              2.340681e-99    1.000000e-99    2.320540e-99   2.014130e-101 
Rb-80              2.340681e-99    1.000000e-99    2.320540e-99   2.014130e-101 
Rb-81              2.340681e-99    1.000000e-99    2.320540e-99   2.014130e-101 
Rb-82              2.340681e-99    1.000000e-99    2.320540e-99   2.014130e-101 
Rb-83              2.340681e-99    1.000000e-99    2.320540e-99   2.014130e-101 
Rb-84              2.340681e-99    1.000000e-99    2.320540e-99   2.014130e-101 
Rb-85              5.382475e-08    1.282422e-08    5.329648e-08    5.282660e-10 
Rb-86              2.340681e-99    1.000000e-99    2.320540e-99   2.014130e-101 
Rb-87              3.247419e-08    4.989853e-09    3.212789e-08    3.462939e-10 
Rb-88              2.340681e-99    1.000000e-99    2.320540e-99   2.014130e-101 
Rb-89              2.340681e-99    1.000000e-99    2.320540e-99   2.014130e-101 
Rb-90              2.340681e-99    1.000000e-99    2.320540e-99   2.014130e-101 
Rb-91              2.340681e-99    1.000000e-99    2.320540e-99   2.014130e-101 
Sr-80              2.340681e-99    1.000000e-99    2.320540e-99   2.014130e-101 
Sr-81              2.340681e-99    1.000000e-99    2.320540e-99   2.014130e-101 
Sr-82              2.340681e-99    1.000000e-99    2.320540e-99   2.014130e-101 
Sr-83              2.340681e-99    1.000000e-99    2.320540e-99   2.014130e-101 
Sr-84              7.306247e-10    3.227999e-10    7.243928e-10    6.231894e-12 
Sr-85              2.340681e-99    1.000000e-99    2.320540e-99   2.014130e-101 
Sr-86              3.907770e-08    5.844553e-09    3.868032e-08    3.973828e-10 
Sr-87              2.711158e-08    4.516023e-09    2.684252e-08    2.690613e-10 
Sr-88              3.863874e-07    5.010796e-08    3.826104e-07    3.777033e-09 
Sr-89              2.340681e-99    1.000000e-99    2.320540e-99   2.014130e-101 
Sr-90              1.510416e-18    1.000000e-99    1.493808e-18    1.660803e-20 
Sr-91              2.340681e-99    1.000000e-99    2.320540e-99   2.014130e-101 
Sr-92              2.340681e-99    1.000000e-99    2.320540e-99   2.014130e-101 
Sr-93              2.340681e-99    1.000000e-99    2.320540e-99   2.014130e-101 
Sr-94              2.340681e-99    1.000000e-99    2.320540e-99   2.014130e-101 
Y-85               2.340681e-99    1.000000e-99    2.320540e-99   2.014130e-101 
Y-86               2.340681e-99    1.000000e-99    2.320540e-99   2.014130e-101 
Y-87               2.340681e-99    1.000000e-99    2.320540e-99   2.014130e-101 
Y-88               2.340681e-99    1.000000e-99    2.320540e-99   2.014130e-101 
Y-89               1.044090e-07    1.229343e-08    1.033862e-07    1.022797e-09 
Y-90               3.842469e-22    1.000000e-99    3.800218e-22    4.225051e-24 
Y-91               2.340681e-99    1.000000e-99    2.320540e-99   2.014130e-101 
Y-92               2.340681e-99    1.000000e-99    2.320540e-99   2.014130e-101 
Y-93               2.340681e-99    1.000000e-99    2.320540e-99   2.014130e-101 
Y-94               2.340681e-99    1.000000e-99    2.320540e-99   2.014130e-101 
Y-95               2.340681e-99    1.000000e-99    2.320540e-99   2.014130e-101 
Y-96               2.340681e-99    1.000000e-99    2.320540e-99   2.014130e-101 
Zr-86              2.340681e-99    1.000000e-99    2.320540e-99   2.014130e-101 
Zr-87              2.340681e-99    1.000000e-99    2.320540e-99   2.014130e-101 
Zr-88              2.340681e-99    1.000000e-99    2.320540e-99   2.014130e-101 
Zr-89              2.340681e-99    1.000000e-99    2.320540e-99   2.014130e-101 
Zr-90              1.021956e-07    1.534361e-08    1.012180e-07    9.775526e-10 
Zr-91              2.776160e-08    3.384023e-09    2.749221e-08    2.693954e-10 
Zr-92              4.335646e-08    5.226772e-09    4.293426e-08    4.221962e-10 
Zr-93              2.480002e-11    1.000000e-99    2.454697e-11    2.530486e-13 
Zr-94              4.763852e-08    5.413280e-09    4.717492e-08    4.635994e-10 
Zr-95              2.340681e-99    1.000000e-99    2.320540e-99   2.014130e-101 
Zr-96              5.888966e-09    8.903423e-10    5.828905e-09    6.006047e-11 
Zr-97              2.340681e-99    1.000000e-99    2.320540e-99   2.014130e-101 
Zr-98              2.340681e-99    1.000000e-99    2.320540e-99   2.014130e-101 
Nb-89              2.340681e-99    1.000000e-99    2.320540e-99   2.014130e-101 
Nb-90              2.340681e-99    1.000000e-99    2.320540e-99   2.014130e-101 
Nb-91              2.340681e-99    1.000000e-99    2.320540e-99   2.014130e-101 
Nb-92              2.340681e-99    1.000000e-99    2.320540e-99   2.014130e-101 
Nb-93              1.565168e-08    1.900054e-09    1.549917e-08    1.525042e-10 
Nb-94              2.715521e-18    1.000000e-99    2.686380e-18    2.914056e-20 
Nb-95              2.340681e-99    1.000000e-99    2.320540e-99   2.014130e-101 
Nb-96              2.340681e-99    1.000000e-99    2.320540e-99   2.014130e-101 
Nb-97              2.340681e-99    1.000000e-99    2.320540e-99   2.014130e-101 
Nb-98              2.340681e-99    1.000000e-99    2.320540e-99   2.014130e-101 
Nb-99              2.340681e-99    1.000000e-99    2.320540e-99   2.014130e-101 
Mo-90              2.340681e-99    1.000000e-99    2.320540e-99   2.014130e-101 
Mo-91              2.340681e-99    1.000000e-99    2.320540e-99   2.014130e-101 
Mo-92              2.299357e-09    1.012496e-09    2.279727e-09    1.962981e-11 
Mo-93              1.120122e-17    1.000000e-99    1.108005e-17    1.211689e-19 
Mo-94              1.528593e-09    6.447522e-10    1.515445e-09    1.314797e-11 
Mo-95              7.948489e-09    1.121895e-09    7.871543e-09    7.694667e-11 
Mo-96              1.139441e-08    1.187505e-09    1.128298e-08    1.114376e-10 
Mo-97              4.364578e-09    6.875272e-10    4.322660e-09    4.191769e-11 
Mo-98              1.306864e-08    1.754359e-09    1.294229e-08    1.263542e-10 
Mo-99              2.340681e-99    1.000000e-99    2.320540e-99   2.014130e-101 
Mo-100             2.379213e-09    7.146065e-10    2.357447e-09    2.176588e-11 
Mo-101             2.340681e-99    1.000000e-99    2.320540e-99   2.014130e-101 
Mo-102             2.340681e-99    1.000000e-99    2.320540e-99   2.014130e-101 
Tc-93              2.340681e-99    1.000000e-99    2.320540e-99   2.014130e-101 
Tc-94              2.340681e-99    1.000000e-99    2.320540e-99   2.014130e-101 
Tc-95              2.340681e-99    1.000000e-99    2.320540e-99   2.014130e-101 
Tc-96              2.340681e-99    1.000000e-99    2.320540e-99   2.014130e-101 
Tc-97              3.306230e-16    1.000000e-99    3.270029e-16    3.620158e-18 
Tc-98              2.228817e-15    1.000000e-99    2.204770e-15    2.404671e-17 
Tc-99              3.660474e-13    1.000000e-99    3.623200e-13    3.727333e-15 
Tc-100             2.340681e-99    1.000000e-99    2.320540e-99   2.014130e-101 
Tc-101             2.340681e-99    1.000000e-99    2.320540e-99   2.014130e-101 
Tc-102             2.340681e-99    1.000000e-99    2.320540e-99   2.014130e-101 
Tc-103             2.340681e-99    1.000000e-99    2.320540e-99   2.014130e-101 
Tc-104             2.340681e-99    1.000000e-99    2.320540e-99   2.014130e-101 
Tc-105             2.340681e-99    1.000000e-99    2.320540e-99   2.014130e-101 
Ru-94              2.340681e-99    1.000000e-99    2.320540e-99   2.014130e-101 
Ru-95              2.340681e-99    1.000000e-99    2.320540e-99   2.014130e-101 
Ru-96              6.624633e-10    2.925638e-10    6.568121e-10    5.651188e-12 
Ru-97              2.340681e-99    1.000000e-99    2.320540e-99   2.014130e-101 
Ru-98              2.287912e-10    1.007098e-10    2.268376e-10    1.953605e-12 
Ru-99              2.814376e-09    6.945400e-10    2.788323e-09    2.605247e-11 
Ru-100             5.707531e-09    6.927902e-10    5.652254e-09    5.527650e-11 
Ru-101             3.103973e-09    9.475089e-10    3.075949e-09    2.802448e-11 
Ru-102             9.958782e-09    1.769736e-09    9.864387e-09    9.439512e-11 
Ru-103             2.340681e-99    1.000000e-99    2.320540e-99   2.014130e-101 
Ru-104             2.961744e-09    1.064926e-09    2.935462e-09    2.628174e-11 
Ru-105             2.340681e-99    1.000000e-99    2.320540e-99   2.014130e-101 
Ru-106             2.340681e-99    1.000000e-99    2.320540e-99   2.014130e-101 
Rh-98              2.340681e-99    1.000000e-99    2.320540e-99   2.014130e-101 
Rh-99              2.340681e-99    1.000000e-99    2.320540e-99   2.014130e-101 
Rh-100             2.340681e-99    1.000000e-99    2.320540e-99   2.014130e-101 
Rh-101             2.340681e-99    1.000000e-99    2.320540e-99   2.014130e-101 
Rh-102             2.340681e-99    1.000000e-99    2.320540e-99   2.014130e-101 
Rh-103             3.452555e-09    1.054679e-09    3.421408e-09    3.114651e-11 
Rh-104             2.340681e-99    1.000000e-99    2.320540e-99   2.014130e-101 
Rh-105             2.340681e-99    1.000000e-99    2.320540e-99   2.014130e-101 
Rh-106             2.340681e-99    1.000000e-99    2.320540e-99   2.014130e-101 
Rh-107             2.340681e-99    1.000000e-99    2.320540e-99   2.014130e-101 
Rh-108             2.340681e-99    1.000000e-99    2.320540e-99   2.014130e-101 
Pd-99              2.340681e-99    1.000000e-99    2.320540e-99   2.014130e-101 
Pd-100             2.340681e-99    1.000000e-99    2.320540e-99   2.014130e-101 
Pd-101             2.340681e-99    1.000000e-99    2.320540e-99   2.014130e-101 
Pd-102             9.599359e-11    4.241146e-11    9.517481e-11    8.187803e-13 
Pd-103             2.340681e-99    1.000000e-99    2.320540e-99   2.014130e-101 
Pd-104             4.052322e-09    4.722820e-10    4.013110e-09    3.921161e-11 
Pd-105             2.994455e-09    9.557865e-10    2.967598e-09    2.685667e-11 
Pd-106             6.378592e-09    1.180942e-09    6.318363e-09    6.022911e-11 
Pd-107             6.565834e-12    1.000000e-99    6.499528e-12    6.630584e-14 
Pd-108             7.206863e-09    1.164921e-09    7.138261e-09    6.860192e-11 
Pd-109             2.340681e-99    1.000000e-99    2.320540e-99   2.014130e-101 
Pd-110             1.833667e-09    5.255369e-10    1.816836e-09    1.683054e-11 
Pd-111             2.340681e-99    1.000000e-99    2.320540e-99   2.014130e-101 
Pd-112             2.340681e-99    1.000000e-99    2.320540e-99   2.014130e-101 
Ag-101             2.340681e-99    1.000000e-99    2.320540e-99   2.014130e-101 
Ag-102             2.340681e-99    1.000000e-99    2.320540e-99   2.014130e-101 
Ag-103             2.340681e-99    1.000000e-99    2.320540e-99   2.014130e-101 
Ag-104             2.340681e-99    1.000000e-99    2.320540e-99   2.014130e-101 
Ag-105             2.340681e-99    1.000000e-99    2.320540e-99   2.014130e-101 
Ag-106             2.340681e-99    1.000000e-99    2.320540e-99   2.014130e-101 
Ag-107             2.491127e-09    7.840161e-10    2.468754e-09    2.237239e-11 
Ag-108             2.340681e-99    1.000000e-99    2.320540e-99   2.014130e-101 
Ag-109             3.000698e-09    7.419986e-10    2.973046e-09    2.765180e-11 
Ag-110             2.340681e-99    1.000000e-99    2.320540e-99   2.014130e-101 
Ag-111             2.340681e-99    1.000000e-99    2.320540e-99   2.014130e-101 
Ag-112             2.340681e-99    1.000000e-99    2.320540e-99   2.014130e-101 
Ag-113             2.340681e-99    1.000000e-99    2.320540e-99   2.014130e-101 
Cd-102             2.340681e-99    1.000000e-99    2.320540e-99   2.014130e-101 
Cd-103             2.340681e-99    1.000000e-99    2.320540e-99   2.014130e-101 
Cd-104             2.340681e-99    1.000000e-99    2.320540e-99   2.014130e-101 
Cd-105             2.340681e-99    1.000000e-99    2.320540e-99   2.014130e-101 
Cd-106             1.436473e-10    6.345981e-11    1.424220e-10    1.225276e-12 
Cd-107             2.340681e-99    1.000000e-99    2.320540e-99   2.014130e-101 
Cd-108             1.071382e-10    4.603590e-11    1.062187e-10    9.194849e-13 
Cd-109             2.340681e-99    1.000000e-99    2.320540e-99   2.014130e-101 
Cd-110             5.050106e-09    6.580184e-10    5.001592e-09    4.851464e-11 
Cd-111             2.830163e-09    6.804807e-10    2.804014e-09    2.614908e-11 
Cd-112             7.836637e-09    1.294369e-09    7.762181e-09    7.445537e-11 
Cd-113             2.922098e-09    6.613517e-10    2.894966e-09    2.713200e-11 
Cd-114             1.062955e-08    1.568640e-09    1.052797e-08    1.015857e-10 
Cd-115             2.340681e-99    1.000000e-99    2.320540e-99   2.014130e-101 
Cd-116             2.270197e-09    4.161239e-10    2.248274e-09    2.192271e-11 
Cd-117             2.340681e-99    1.000000e-99    2.320540e-99   2.014130e-101 
Cd-118             2.340681e-99    1.000000e-99    2.320540e-99   2.014130e-101 
In-106             2.340681e-99    1.000000e-99    2.320540e-99   2.014130e-101 
In-107             2.340681e-99    1.000000e-99    2.320540e-99   2.014130e-101 
In-108             2.340681e-99    1.000000e-99    2.320540e-99   2.014130e-101 
In-109             2.340681e-99    1.000000e-99    2.320540e-99   2.014130e-101 
In-110             2.340681e-99    1.000000e-99    2.320540e-99   2.014130e-101 
In-111             2.340681e-99    1.000000e-99    2.320540e-99   2.014130e-101 
In-112             2.340681e-99    1.000000e-99    2.320540e-99   2.014130e-101 
In-113             5.898745e-11    2.603856e-11    5.848419e-11    5.032602e-13 
In-114             2.340681e-99    1.000000e-99    2.320540e-99   2.014130e-101 
In-115             2.769588e-09    5.914887e-10    2.743739e-09    2.584880e-11 
In-116             2.340681e-99    1.000000e-99    2.320540e-99   2.014130e-101 
In-117             2.340681e-99    1.000000e-99    2.320540e-99   2.014130e-101 
In-118             2.340681e-99    1.000000e-99    2.320540e-99   2.014130e-101 
In-119             2.340681e-99    1.000000e-99    2.320540e-99   2.014130e-101 
Sn-108             2.340681e-99    1.000000e-99    2.320540e-99   2.014130e-101 
Sn-109             2.340681e-99    1.000000e-99    2.320540e-99   2.014130e-101 
Sn-110             2.340681e-99    1.000000e-99    2.320540e-99   2.014130e-101 
Sn-111             2.340681e-99    1.000000e-99    2.320540e-99   2.014130e-101 
Sn-112             2.764765e-10    1.221013e-10    2.741180e-10    2.358496e-12 
Sn-113             2.340681e-99    1.000000e-99    2.320540e-99   2.014130e-101 
Sn-114             1.919412e-10    8.434768e-11    1.903017e-10    1.639549e-12 
Sn-115             9.962033e-11    4.377132e-11    9.876936e-11    8.509607e-13 
Sn-116             1.268747e-08    1.893153e-09    1.256661e-08    1.208641e-10 
Sn-117             5.141331e-09    1.008332e-09    5.093051e-09    4.828053e-11 
Sn-118             2.066859e-08    3.209171e-09    2.047141e-08    1.971859e-10 
Sn-119             6.584739e-09    1.147018e-09    6.522352e-09    6.238710e-11 
Sn-120             2.922513e-08    4.391253e-09    2.894543e-08    2.797026e-10 
Sn-121             2.340681e-99    1.000000e-99    2.320540e-99   2.014130e-101 
Sn-122             4.050630e-09    6.340593e-10    4.010458e-09    4.017184e-11 
Sn-123             2.340681e-99    1.000000e-99    2.320540e-99   2.014130e-101 
Sn-124             1.884593e-09    8.059500e-10    1.868357e-09    1.623604e-11 
Sn-125             2.340681e-99    1.000000e-99    2.320540e-99   2.014130e-101 
Sn-126             1.079430e-17    1.000000e-99    1.066424e-17    1.300572e-19 
Sn-127             2.340681e-99    1.000000e-99    2.320540e-99   2.014130e-101 
Sn-128             2.340681e-99    1.000000e-99    2.320540e-99   2.014130e-101 
Sn-129             2.340681e-99    1.000000e-99    2.320540e-99   2.014130e-101 
Sn-130             2.340681e-99    1.000000e-99    2.320540e-99   2.014130e-101 
Sb-112             2.340681e-99    1.000000e-99    2.320540e-99   2.014130e-101 
Sb-113             2.340681e-99    1.000000e-99    2.320540e-99   2.014130e-101 
Sb-114             2.340681e-99    1.000000e-99    2.320540e-99   2.014130e-101 
Sb-115             2.340681e-99    1.000000e-99    2.320540e-99   2.014130e-101 
Sb-116             2.340681e-99    1.000000e-99    2.320540e-99   2.014130e-101 
Sb-117             2.340681e-99    1.000000e-99    2.320540e-99   2.014130e-101 
Sb-118             2.340681e-99    1.000000e-99    2.320540e-99   2.014130e-101 
Sb-119             2.340681e-99    1.000000e-99    2.320540e-99   2.014130e-101 
Sb-120             2.340681e-99    1.000000e-99    2.320540e-99   2.014130e-101 
Sb-121             2.978823e-09    6.317758e-10    2.950941e-09    2.788117e-11 
Sb-122             2.340681e-99    1.000000e-99    2.320540e-99   2.014130e-101 
Sb-123             1.497854e-09    4.802946e-10    1.484267e-09    1.358759e-11 
Sb-124             2.340681e-99    1.000000e-99    2.320540e-99   2.014130e-101 
Sb-125             2.340681e-99    1.000000e-99    2.320540e-99   2.014130e-101 
Sb-126             6.146555e-24    1.000000e-99    6.072497e-24    7.405801e-26 
Sb-127             2.340681e-99    1.000000e-99    2.320540e-99   2.014130e-101 
Sb-128             2.340681e-99    1.000000e-99    2.320540e-99   2.014130e-101 
Sb-129             2.340681e-99    1.000000e-99    2.320540e-99   2.014130e-101 
Sb-130             2.340681e-99    1.000000e-99    2.320540e-99   2.014130e-101 
Sb-131             2.340681e-99    1.000000e-99    2.320540e-99   2.014130e-101 
Sb-132             2.340681e-99    1.000000e-99    2.320540e-99   2.014130e-101 
Sb-133             2.340681e-99    1.000000e-99    2.320540e-99   2.014130e-101 
Te-114             2.340681e-99    1.000000e-99    2.320540e-99   2.014130e-101 
Te-115             2.340681e-99    1.000000e-99    2.320540e-99   2.014130e-101 
Te-116             2.340681e-99    1.000000e-99    2.320540e-99   2.014130e-101 
Te-117             2.340681e-99    1.000000e-99    2.320540e-99   2.014130e-101 
Te-118             2.340681e-99    1.000000e-99    2.320540e-99   2.014130e-101 
Te-119             2.340681e-99    1.000000e-99    2.320540e-99   2.014130e-101 
Te-120             3.685201e-11    1.628304e-11    3.653768e-11    3.143236e-13 
Te-121             2.340681e-99    1.000000e-99    2.320540e-99   2.014130e-101 
Te-122             3.260407e-09    4.488662e-10    3.229097e-09    3.130970e-11 
Te-123             1.113577e-09    1.578519e-10    1.102911e-09    1.066590e-11 
Te-124             6.337036e-09    8.440945e-10    6.275885e-09    6.115065e-11 
Te-125             4.299556e-09    1.261335e-09    4.260569e-09    3.898658e-11 
Te-126             1.556508e-08    3.375270e-09    1.541982e-08    1.452532e-10 
Te-127             2.340681e-99    1.000000e-99    2.320540e-99   2.014130e-101 
Te-128             1.401332e-08    5.732895e-09    1.389189e-08    1.214216e-10 
Te-129             2.340681e-99    1.000000e-99    2.320540e-99   2.014130e-101 
Te-130             1.429175e-08    6.210550e-09    1.416934e-08    1.224078e-10 
Te-131             2.340681e-99    1.000000e-99    2.320540e-99   2.014130e-101 
Te-132             2.340681e-99    1.000000e-99    2.320540e-99   2.014130e-101 
Te-133             2.340681e-99    1.000000e-99    2.320540e-99   2.014130e-101 
Te-134             2.340681e-99    1.000000e-99    2.320540e-99   2.014130e-101 
I-117              2.340681e-99    1.000000e-99    2.320540e-99   2.014130e-101 
I-118              2.340681e-99    1.000000e-99    2.320540e-99   2.014130e-101 
I-119              2.340681e-99    1.000000e-99    2.320540e-99   2.014130e-101 
I-120              2.340681e-99    1.000000e-99    2.320540e-99   2.014130e-101 
I-121              2.340681e-99    1.000000e-99    2.320540e-99   2.014130e-101 
I-122              2.340681e-99    1.000000e-99    2.320540e-99   2.014130e-101 
I-123              2.340681e-99    1.000000e-99    2.320540e-99   2.014130e-101 
I-124              2.340681e-99    1.000000e-99    2.320540e-99   2.014130e-101 
I-125              2.340681e-99    1.000000e-99    2.320540e-99   2.014130e-101 
I-126              2.340681e-99    1.000000e-99    2.320540e-99   2.014130e-101 
I-127              4.347934e-09    1.459105e-09    4.309200e-09    3.873469e-11 
I-128              2.340681e-99    1.000000e-99    2.320540e-99   2.014130e-101 
I-129              3.663307e-13    1.000000e-99    3.624609e-13    3.869788e-15 
I-130              2.340681e-99    1.000000e-99    2.320540e-99   2.014130e-101 
I-131              2.340681e-99    1.000000e-99    2.320540e-99   2.014130e-101 
I-132              2.340681e-99    1.000000e-99    2.320540e-99   2.014130e-101 
I-133              2.340681e-99    1.000000e-99    2.320540e-99   2.014130e-101 
I-134              2.340681e-99    1.000000e-99    2.320540e-99   2.014130e-101 
I-135              2.340681e-99    1.000000e-99    2.320540e-99   2.014130e-101 
Xe-118             2.340681e-99    1.000000e-99    2.320540e-99   2.014130e-101 
Xe-119             2.340681e-99    1.000000e-99    2.320540e-99   2.014130e-101 
Xe-120             2.340681e-99    1.000000e-99    2.320540e-99   2.014130e-101 
Xe-121             2.340681e-99    1.000000e-99    2.320540e-99   2.014130e-101 
Xe-122             2.340681e-99    1.000000e-99    2.320540e-99   2.014130e-101 
Xe-123             2.340681e-99    1.000000e-99    2.320540e-99   2.014130e-101 
Xe-124             5.000464e-11    2.209501e-11    4.957814e-11    4.265045e-13 
Xe-125             2.340681e-99    1.000000e-99    2.320540e-99   2.014130e-101 
Xe-126             4.412777e-11    1.949268e-11    4.375136e-11    3.764106e-13 
Xe-127             2.340681e-99    1.000000e-99    2.320540e-99   2.014130e-101 
Xe-128             3.282255e-09    3.942736e-10    3.250537e-09    3.171844e-11 
Xe-129             1.211653e-08    4.892977e-09    1.201154e-08    1.049940e-10 
Xe-130             6.732650e-09    7.865029e-10    6.667539e-09    6.511063e-11 
Xe-131             1.083361e-08    3.944670e-09    1.073825e-08    9.536057e-11 
Xe-132             2.040997e-08    4.806204e-09    2.022111e-08    1.888639e-10 
Xe-133             2.340681e-99    1.000000e-99    2.320540e-99   2.014130e-101 
Xe-134             5.665006e-09    1.787989e-09    5.613027e-09    5.197904e-11 
Xe-135             2.340681e-99    1.000000e-99    2.320540e-99   2.014130e-101 
Xe-136             3.470214e-09    1.478416e-09    3.440310e-09    2.990336e-11 
Xe-137             2.340681e-99    1.000000e-99    2.320540e-99   2.014130e-101 
Xe-138             2.340681e-99    1.000000e-99    2.320540e-99   2.014130e-101 
Cs-123             2.340681e-99    1.000000e-99    2.320540e-99   2.014130e-101 
Cs-124             2.340681e-99    1.000000e-99    2.320540e-99   2.014130e-101 
Cs-125             2.340681e-99    1.000000e-99    2.320540e-99   2.014130e-101 
Cs-126             2.340681e-99    1.000000e-99    2.320540e-99   2.014130e-101 
Cs-127             2.340681e-99    1.000000e-99    2.320540e-99   2.014130e-101 
Cs-128             2.340681e-99    1.000000e-99    2.320540e-99   2.014130e-101 
Cs-129             2.340681e-99    1.000000e-99    2.320540e-99   2.014130e-101 
Cs-130             2.340681e-99    1.000000e-99    2.320540e-99   2.014130e-101 
Cs-131             2.340681e-99    1.000000e-99    2.320540e-99   2.014130e-101 
Cs-132             2.340681e-99    1.000000e-99    2.320540e-99   2.014130e-101 
Cs-133             4.592430e-09    1.426049e-09    4.551113e-09    4.131661e-11 
Cs-134             2.340681e-99    1.000000e-99    2.320540e-99   2.014130e-101 
Cs-135             3.836727e-12    1.000000e-99    3.796974e-12    3.975343e-14 
Cs-136             2.340681e-99    1.000000e-99    2.320540e-99   2.014130e-101 
Cs-137             9.075598e-19    1.000000e-99    8.976696e-19    9.890195e-21 
Cs-138             2.340681e-99    1.000000e-99    2.320540e-99   2.014130e-101 
Cs-139             2.340681e-99    1.000000e-99    2.320540e-99   2.014130e-101 
Ba-124             2.340681e-99    1.000000e-99    2.320540e-99   2.014130e-101 
Ba-125             2.340681e-99    1.000000e-99    2.320540e-99   2.014130e-101 
Ba-126             2.340681e-99    1.000000e-99    2.320540e-99   2.014130e-101 
Ba-127             2.340681e-99    1.000000e-99    2.320540e-99   2.014130e-101 
Ba-128             2.340681e-99    1.000000e-99    2.320540e-99   2.014130e-101 
Ba-129             2.340681e-99    1.000000e-99    2.320540e-99   2.014130e-101 
Ba-130             4.106048e-11    1.814312e-11    4.071026e-11    3.502163e-13 
Ba-131             2.340681e-99    1.000000e-99    2.320540e-99   2.014130e-101 
Ba-132             3.988732e-11    1.762128e-11    3.954709e-11    3.402302e-13 
Ba-133             2.340681e-99    1.000000e-99    2.320540e-99   2.014130e-101 
Ba-134             3.755356e-09    4.272326e-10    3.719145e-09    3.621106e-11 
Ba-135             4.711646e-09    1.173907e-09    4.668026e-09    4.362067e-11 
Ba-136             1.146669e-08    1.408826e-09    1.135619e-08    1.105049e-10 
Ba-137             1.187285e-08    2.029834e-09    1.175968e-08    1.131678e-10 
Ba-138             7.469355e-08    1.305194e-08    7.397807e-08    7.154823e-10 
Ba-139             2.340681e-99    1.000000e-99    2.320540e-99   2.014130e-101 
Ba-140             2.340681e-99    1.000000e-99    2.320540e-99   2.014130e-101 
Ba-141             2.340681e-99    1.000000e-99    2.320540e-99   2.014130e-101 
Ba-142             2.340681e-99    1.000000e-99    2.320540e-99   2.014130e-101 
La-127             2.340681e-99    1.000000e-99    2.320540e-99   2.014130e-101 
La-128             2.340681e-99    1.000000e-99    2.320540e-99   2.014130e-101 
La-129             2.340681e-99    1.000000e-99    2.320540e-99   2.014130e-101 
La-130             2.340681e-99    1.000000e-99    2.320540e-99   2.014130e-101 
La-131             2.340681e-99    1.000000e-99    2.320540e-99   2.014130e-101 
La-132             2.340681e-99    1.000000e-99    2.320540e-99   2.014130e-101 
La-133             2.340681e-99    1.000000e-99    2.320540e-99   2.014130e-101 
La-134             2.340681e-99    1.000000e-99    2.320540e-99   2.014130e-101 
La-135             2.340681e-99    1.000000e-99    2.320540e-99   2.014130e-101 
La-136             2.340681e-99    1.000000e-99    2.320540e-99   2.014130e-101 
La-137             5.712007e-20    1.000000e-99    5.644423e-20    6.758416e-22 
La-138             3.610167e-12    1.603122e-12    3.579372e-12    3.079537e-14 
La-139             8.599451e-09    1.790218e-09    8.517996e-09    8.145493e-11 
La-140             2.340681e-99    1.000000e-99    2.320540e-99   2.014130e-101 
La-141             2.340681e-99    1.000000e-99    2.320540e-99   2.014130e-101 
La-142             2.340681e-99    1.000000e-99    2.320540e-99   2.014130e-101 
La-143             2.340681e-99    1.000000e-99    2.320540e-99   2.014130e-101 
Ce-130             2.340681e-99    1.000000e-99    2.320540e-99   2.014130e-101 
Ce-131             2.340681e-99    1.000000e-99    2.320540e-99   2.014130e-101 
Ce-132             2.340681e-99    1.000000e-99    2.320540e-99   2.014130e-101 
Ce-133             2.340681e-99    1.000000e-99    2.320540e-99   2.014130e-101 
Ce-134             2.340681e-99    1.000000e-99    2.320540e-99   2.014130e-101 
Ce-135             2.340681e-99    1.000000e-99    2.320540e-99   2.014130e-101 
Ce-136             1.897306e-11    8.381751e-12    1.881122e-11    1.618358e-13 
Ce-137             2.340681e-99    1.000000e-99    2.320540e-99   2.014130e-101 
Ce-138             2.600890e-11    1.147744e-11    2.578700e-11    2.219041e-13 
Ce-139             2.340681e-99    1.000000e-99    2.320540e-99   2.014130e-101 
Ce-140             1.714875e-08    4.103022e-09    1.698855e-08    1.602008e-10 
Ce-141             2.340681e-99    1.000000e-99    2.320540e-99   2.014130e-101 
Ce-142             1.568658e-09    5.229277e-10    1.554333e-09    1.432513e-11 
Ce-143             2.340681e-99    1.000000e-99    2.320540e-99   2.014130e-101 
Ce-144             2.340681e-99    1.000000e-99    2.320540e-99   2.014130e-101 
Ce-145             2.340681e-99    1.000000e-99    2.320540e-99   2.014130e-101 
Ce-146             2.340681e-99    1.000000e-99    2.320540e-99   2.014130e-101 
Pr-133             2.340681e-99    1.000000e-99    2.320540e-99   2.014130e-101 
Pr-134             2.340681e-99    1.000000e-99    2.320540e-99   2.014130e-101 
Pr-135             2.340681e-99    1.000000e-99    2.320540e-99   2.014130e-101 
Pr-136             2.340681e-99    1.000000e-99    2.320540e-99   2.014130e-101 
Pr-137             2.340681e-99    1.000000e-99    2.320540e-99   2.014130e-101 
Pr-138             2.340681e-99    1.000000e-99    2.320540e-99   2.014130e-101 
Pr-139             2.340681e-99    1.000000e-99    2.320540e-99   2.014130e-101 
Pr-140             2.340681e-99    1.000000e-99    2.320540e-99   2.014130e-101 
Pr-141             2.407465e-09    6.910381e-10    2.385378e-09    2.208664e-11 
Pr-142             2.340681e-99    1.000000e-99    2.320540e-99   2.014130e-101 
Pr-143             2.340681e-99    1.000000e-99    2.320540e-99   2.014130e-101 
Pr-144             2.340681e-99    1.000000e-99    2.320540e-99   2.014130e-101 
Pr-145             2.340681e-99    1.000000e-99    2.320540e-99   2.014130e-101 
Pr-146             2.340681e-99    1.000000e-99    2.320540e-99   2.014130e-101 
Pr-147             2.340681e-99    1.000000e-99    2.320540e-99   2.014130e-101 
Pr-148             2.340681e-99    1.000000e-99    2.320540e-99   2.014130e-101 
Pr-149             2.340681e-99    1.000000e-99    2.320540e-99   2.014130e-101 
Nd-134             2.340681e-99    1.000000e-99    2.320540e-99   2.014130e-101 
Nd-135             2.340681e-99    1.000000e-99    2.320540e-99   2.014130e-101 
Nd-136             2.340681e-99    1.000000e-99    2.320540e-99   2.014130e-101 
Nd-137             2.340681e-99    1.000000e-99    2.320540e-99   2.014130e-101 
Nd-138             2.340681e-99    1.000000e-99    2.320540e-99   2.014130e-101 
Nd-139             2.340681e-99    1.000000e-99    2.320540e-99   2.014130e-101 
Nd-140             2.340681e-99    1.000000e-99    2.320540e-99   2.014130e-101 
Nd-141             2.340681e-99    1.000000e-99    2.320540e-99   2.014130e-101 
Nd-142             3.828975e-09    9.919756e-10    3.793521e-09    3.545428e-11 
Nd-143             1.301976e-09    4.483556e-10    1.290324e-09    1.165126e-11 
Nd-144             2.881665e-09    8.826112e-10    2.855361e-09    2.630416e-11 
Nd-145             8.645484e-10    3.095487e-10    8.568530e-10    7.695425e-12 
Nd-146             2.190047e-09    6.447718e-10    2.169913e-09    2.013364e-11 
Nd-147             2.340681e-99    1.000000e-99    2.320540e-99   2.014130e-101 
Nd-148             6.231793e-10    2.185025e-10    6.175830e-10    5.596262e-12 
Nd-149             2.340681e-99    1.000000e-99    2.320540e-99   2.014130e-101 
Nd-150             4.932701e-10    2.168256e-10    4.890565e-10    4.213587e-12 
Nd-151             2.340681e-99    1.000000e-99    2.320540e-99   2.014130e-101 
Nd-152             2.340681e-99    1.000000e-99    2.320540e-99   2.014130e-101 
Pm-137             2.340681e-99    1.000000e-99    2.320540e-99   2.014130e-101 
Pm-138             2.340681e-99    1.000000e-99    2.320540e-99   2.014130e-101 
Pm-139             2.340681e-99    1.000000e-99    2.320540e-99   2.014130e-101 
Pm-140             2.340681e-99    1.000000e-99    2.320540e-99   2.014130e-101 
Pm-141             2.340681e-99    1.000000e-99    2.320540e-99   2.014130e-101 
Pm-142             2.340681e-99    1.000000e-99    2.320540e-99   2.014130e-101 
Pm-143             2.340681e-99    1.000000e-99    2.320540e-99   2.014130e-101 
Pm-144             2.340681e-99    1.000000e-99    2.320540e-99   2.014130e-101 
Pm-145             1.318635e-24    1.000000e-99    1.301375e-24    1.726004e-26 
Pm-146             2.340681e-99    1.000000e-99    2.320540e-99   2.014130e-101 
Pm-147             2.340681e-99    1.000000e-99    2.320540e-99   2.014130e-101 
Pm-148             2.340681e-99    1.000000e-99    2.320540e-99   2.014130e-101 
Pm-149             2.340681e-99    1.000000e-99    2.320540e-99   2.014130e-101 
Pm-150             2.340681e-99    1.000000e-99    2.320540e-99   2.014130e-101 
Pm-151             2.340681e-99    1.000000e-99    2.320540e-99   2.014130e-101 
Pm-152             2.340681e-99    1.000000e-99    2.320540e-99   2.014130e-101 
Pm-153             2.340681e-99    1.000000e-99    2.320540e-99   2.014130e-101 
Pm-154             2.340681e-99    1.000000e-99    2.320540e-99   2.014130e-101 
Sm-140             2.340681e-99    1.000000e-99    2.320540e-99   2.014130e-101 
Sm-141             2.340681e-99    1.000000e-99    2.320540e-99   2.014130e-101 
Sm-142             2.340681e-99    1.000000e-99    2.320540e-99   2.014130e-101 
Sm-143             2.340681e-99    1.000000e-99    2.320540e-99   2.014130e-101 
Sm-144             8.357982e-11    3.683532e-11    8.286645e-11    7.133732e-13 
Sm-145             2.340681e-99    1.000000e-99    2.320540e-99   2.014130e-101 
Sm-146             8.132796e-14    1.000000e-99    8.044264e-14    8.853201e-16 
Sm-147             5.007629e-10    1.834427e-10    4.963193e-10    4.443571e-12 
Sm-148             4.529191e-10    1.384631e-10    4.487909e-10    4.128232e-12 
Sm-149             4.197382e-10    1.713731e-10    4.160939e-10    3.644327e-12 
Sm-150             3.468898e-10    9.213125e-11    3.436536e-10    3.236211e-12 
Sm-151             3.703971e-19    1.000000e-99    3.663616e-19    4.035573e-21 
Sm-152             8.867994e-10    3.383156e-10    8.789892e-10    7.810197e-12 
Sm-153             2.340681e-99    1.000000e-99    2.320540e-99   2.014130e-101 
Sm-154             7.127886e-10    2.916240e-10    7.065894e-10    6.199258e-12 
Sm-155             2.340681e-99    1.000000e-99    2.320540e-99   2.014130e-101 
Sm-156             2.340681e-99    1.000000e-99    2.320540e-99   2.014130e-101 
Sm-157             2.340681e-99    1.000000e-99    2.320540e-99   2.014130e-101 
Sm-158             2.340681e-99    1.000000e-99    2.320540e-99   2.014130e-101 
Eu-143             2.340681e-99    1.000000e-99    2.320540e-99   2.014130e-101 
Eu-144             2.340681e-99    1.000000e-99    2.320540e-99   2.014130e-101 
Eu-145             2.340681e-99    1.000000e-99    2.320540e-99   2.014130e-101 
Eu-146             2.340681e-99    1.000000e-99    2.320540e-99   2.014130e-101 
Eu-147             2.340681e-99    1.000000e-99    2.320540e-99   2.014130e-101 
Eu-148             2.340681e-99    1.000000e-99    2.320540e-99   2.014130e-101 
Eu-149             2.340681e-99    1.000000e-99    2.320540e-99   2.014130e-101 
Eu-150             2.340681e-99    1.000000e-99    2.320540e-99   2.014130e-101 
Eu-151             4.812168e-10    2.036004e-10    4.770710e-10    4.145794e-12 
Eu-152             2.435596e-26    1.000000e-99    2.407297e-26    2.829835e-28 
Eu-153             5.333364e-10    2.251965e-10    5.287390e-10    4.597371e-12 
Eu-154             2.274692e-25    1.000000e-99    2.247535e-25    2.715710e-27 
Eu-155             2.833740e-27    1.000000e-99    2.798129e-27    3.561068e-29 
Eu-156             2.340681e-99    1.000000e-99    2.320540e-99   2.014130e-101 
Eu-157             2.340681e-99    1.000000e-99    2.320540e-99   2.014130e-101 
Eu-158             2.340681e-99    1.000000e-99    2.320540e-99   2.014130e-101 
Eu-159             2.340681e-99    1.000000e-99    2.320540e-99   2.014130e-101 
Gd-144             2.340681e-99    1.000000e-99    2.320540e-99   2.014130e-101 
Gd-145             2.340681e-99    1.000000e-99    2.320540e-99   2.014130e-101 
Gd-146             2.340681e-99    1.000000e-99    2.320540e-99   2.014130e-101 
Gd-147             2.340681e-99    1.000000e-99    2.320540e-99   2.014130e-101 
Gd-148             2.340681e-99    1.000000e-99    2.320540e-99   2.014130e-101 
Gd-149             2.340681e-99    1.000000e-99    2.320540e-99   2.014130e-101 
Gd-150             2.340681e-99    1.000000e-99    2.320540e-99   2.014130e-101 
Gd-151             2.340681e-99    1.000000e-99    2.320540e-99   2.014130e-101 
Gd-152             8.969688e-12    2.947193e-12    8.888975e-12    8.071266e-14 
Gd-153             2.340681e-99    1.000000e-99    2.320540e-99   2.014130e-101 
Gd-154             1.195871e-10    3.209515e-11    1.184738e-10    1.113338e-12 
Gd-155             5.257460e-10    2.192151e-10    5.211994e-10    4.546555e-12 
Gd-156             7.917770e-10    3.051047e-10    7.848153e-10    6.961641e-12 
Gd-157             5.781389e-10    2.348264e-10    5.731118e-10    5.027088e-12 
Gd-158             1.025348e-09    3.749720e-10    1.016239e-09    9.109520e-12 
Gd-159             2.340681e-99    1.000000e-99    2.320540e-99   2.014130e-101 
Gd-160             7.949978e-10    3.342894e-10    7.881265e-10    6.871305e-12 
Gd-161             2.340681e-99    1.000000e-99    2.320540e-99   2.014130e-101 
Gd-162             2.340681e-99    1.000000e-99    2.320540e-99   2.014130e-101 
Tb-147             2.340681e-99    1.000000e-99    2.320540e-99   2.014130e-101 
Tb-148             2.340681e-99    1.000000e-99    2.320540e-99   2.014130e-101 
Tb-149             2.340681e-99    1.000000e-99    2.320540e-99   2.014130e-101 
Tb-150             2.340681e-99    1.000000e-99    2.320540e-99   2.014130e-101 
Tb-151             2.340681e-99    1.000000e-99    2.320540e-99   2.014130e-101 
Tb-152             2.340681e-99    1.000000e-99    2.320540e-99   2.014130e-101 
Tb-153             2.340681e-99    1.000000e-99    2.320540e-99   2.014130e-101 
Tb-154             2.340681e-99    1.000000e-99    2.320540e-99   2.014130e-101 
Tb-155             2.340681e-99    1.000000e-99    2.320540e-99   2.014130e-101 
Tb-156             2.340681e-99    1.000000e-99    2.320540e-99   2.014130e-101 
Tb-157             5.703462e-21    1.000000e-99    5.643479e-21    5.998316e-23 
Tb-158             1.635491e-21    1.000000e-99    1.618221e-21    1.726946e-23 
Tb-159             6.649695e-10    2.764904e-10    6.592165e-10    5.753033e-12 
Tb-160             2.340681e-99    1.000000e-99    2.320540e-99   2.014130e-101 
Tb-161             2.340681e-99    1.000000e-99    2.320540e-99   2.014130e-101 
Tb-162             2.340681e-99    1.000000e-99    2.320540e-99   2.014130e-101 
Tb-163             2.340681e-99    1.000000e-99    2.320540e-99   2.014130e-101 
Tb-164             2.340681e-99    1.000000e-99    2.320540e-99   2.014130e-101 
Tb-165             2.340681e-99    1.000000e-99    2.320540e-99   2.014130e-101 
Dy-148             2.340681e-99    1.000000e-99    2.320540e-99   2.014130e-101 
Dy-149             2.340681e-99    1.000000e-99    2.320540e-99   2.014130e-101 
Dy-150             2.340681e-99    1.000000e-99    2.320540e-99   2.014130e-101 
Dy-151             2.340681e-99    1.000000e-99    2.320540e-99   2.014130e-101 
Dy-152             2.340681e-99    1.000000e-99    2.320540e-99   2.014130e-101 
Dy-153             2.340681e-99    1.000000e-99    2.320540e-99   2.014130e-101 
Dy-154             2.340681e-99    1.000000e-99    2.320540e-99   2.014130e-101 
Dy-155             2.340681e-99    1.000000e-99    2.320540e-99   2.014130e-101 
Dy-156             2.271440e-12    1.003681e-12    2.252066e-12    1.937369e-14 
Dy-157             2.340681e-99    1.000000e-99    2.320540e-99   2.014130e-101 
Dy-158             3.950616e-12    1.742654e-12    3.916908e-12    3.370789e-14 
Dy-159             2.340681e-99    1.000000e-99    2.320540e-99   2.014130e-101 
Dy-160             1.545349e-10    4.301488e-11    1.531005e-10    1.434447e-12 
Dy-161             8.243298e-10    3.497843e-10    8.172302e-10    7.099576e-12 
Dy-162             1.203813e-09    4.747974e-10    1.193275e-09    1.053813e-11 
Dy-163             1.096242e-09    4.663048e-10    1.086805e-09    9.436435e-12 
Dy-164             1.392518e-09    5.311557e-10    1.380237e-09    1.228106e-11 
Dy-165             2.340681e-99    1.000000e-99    2.320540e-99   2.014130e-101 
Dy-166             2.340681e-99    1.000000e-99    2.320540e-99   2.014130e-101 
Dy-167             2.340681e-99    1.000000e-99    2.320540e-99   2.014130e-101 
Dy-168             2.340681e-99    1.000000e-99    2.320540e-99   2.014130e-101 
Ho-153             2.340681e-99    1.000000e-99    2.320540e-99   2.014130e-101 
Ho-154             2.340681e-99    1.000000e-99    2.320540e-99   2.014130e-101 
Ho-155             2.340681e-99    1.000000e-99    2.320540e-99   2.014130e-101 
Ho-156             2.340681e-99    1.000000e-99    2.320540e-99   2.014130e-101 
Ho-157             2.340681e-99    1.000000e-99    2.320540e-99   2.014130e-101 
Ho-158             2.340681e-99    1.000000e-99    2.320540e-99   2.014130e-101 
Ho-159             2.340681e-99    1.000000e-99    2.320540e-99   2.014130e-101 
Ho-160             2.340681e-99    1.000000e-99    2.320540e-99   2.014130e-101 
Ho-161             2.340681e-99    1.000000e-99    2.320540e-99   2.014130e-101 
Ho-162             2.340681e-99    1.000000e-99    2.320540e-99   2.014130e-101 
Ho-163             8.285167e-17    1.000000e-99    8.196183e-17    8.898370e-19 
Ho-164             2.340681e-99    1.000000e-99    2.320540e-99   2.014130e-101 
Ho-165             1.013151e-09    4.243917e-10    1.004399e-09    8.751821e-12 
Ho-166             2.340681e-99    1.000000e-99    2.320540e-99   2.014130e-101 
Ho-167             2.340681e-99    1.000000e-99    2.320540e-99   2.014130e-101 
Ho-168             2.340681e-99    1.000000e-99    2.320540e-99   2.014130e-101 
Ho-169             2.340681e-99    1.000000e-99    2.320540e-99   2.014130e-101 
Er-154             2.340681e-99    1.000000e-99    2.320540e-99   2.014130e-101 
Er-155             2.340681e-99    1.000000e-99    2.320540e-99   2.014130e-101 
Er-156             2.340681e-99    1.000000e-99    2.320540e-99   2.014130e-101 
Er-157             2.340681e-99    1.000000e-99    2.320540e-99   2.014130e-101 
Er-158             2.340681e-99    1.000000e-99    2.320540e-99   2.014130e-101 
Er-159             2.340681e-99    1.000000e-99    2.320540e-99   2.014130e-101 
Er-160             2.340681e-99    1.000000e-99    2.320540e-99   2.014130e-101 
Er-161             2.340681e-99    1.000000e-99    2.320540e-99   2.014130e-101 
Er-162             3.641030e-12    1.608861e-12    3.609974e-12    3.105527e-14 
Er-163             2.340681e-99    1.000000e-99    2.320540e-99   2.014130e-101 
Er-164             6.856345e-11    1.912858e-11    6.792648e-11    6.369685e-13 
Er-165             2.340681e-99    1.000000e-99    2.320540e-99   2.014130e-101 
Er-166             9.965788e-10    4.044450e-10    9.879131e-10    8.665791e-12 
Er-167             6.667737e-10    2.775897e-10    6.610065e-10    5.767156e-12 
Er-168             8.952539e-10    3.262608e-10    8.872902e-10    7.963756e-12 
Er-169             2.340681e-99    1.000000e-99    2.320540e-99   2.014130e-101 
Er-170             5.035344e-10    1.839889e-10    4.990434e-10    4.490974e-12 
Er-171             2.340681e-99    1.000000e-99    2.320540e-99   2.014130e-101 
Er-172             2.340681e-99    1.000000e-99    2.320540e-99   2.014130e-101 
Er-173             2.340681e-99    1.000000e-99    2.320540e-99   2.014130e-101 
Er-174             2.340681e-99    1.000000e-99    2.320540e-99   2.014130e-101 
Er-175             2.340681e-99    1.000000e-99    2.320540e-99   2.014130e-101 
Tm-159             2.340681e-99    1.000000e-99    2.320540e-99   2.014130e-101 
Tm-160             2.340681e-99    1.000000e-99    2.320540e-99   2.014130e-101 
Tm-161             2.340681e-99    1.000000e-99    2.320540e-99   2.014130e-101 
Tm-162             2.340681e-99    1.000000e-99    2.320540e-99   2.014130e-101 
Tm-163             2.340681e-99    1.000000e-99    2.320540e-99   2.014130e-101 
Tm-164             2.340681e-99    1.000000e-99    2.320540e-99   2.014130e-101 
Tm-165             2.340681e-99    1.000000e-99    2.320540e-99   2.014130e-101 
Tm-166             2.340681e-99    1.000000e-99    2.320540e-99   2.014130e-101 
Tm-167             2.340681e-99    1.000000e-99    2.320540e-99   2.014130e-101 
Tm-168             2.340681e-99    1.000000e-99    2.320540e-99   2.014130e-101 
Tm-169             4.526018e-10    1.854256e-10    4.486715e-10    3.930282e-12 
Tm-170             2.340681e-99    1.000000e-99    2.320540e-99   2.014130e-101 
Tm-171             2.340681e-99    1.000000e-99    2.320540e-99   2.014130e-101 
Tm-172             2.340681e-99    1.000000e-99    2.320540e-99   2.014130e-101 
Tm-173             2.340681e-99    1.000000e-99    2.320540e-99   2.014130e-101 
Tm-174             2.340681e-99    1.000000e-99    2.320540e-99   2.014130e-101 
Tm-175             2.340681e-99    1.000000e-99    2.320540e-99   2.014130e-101 
Tm-176             2.340681e-99    1.000000e-99    2.320540e-99   2.014130e-101 
Yb-160             2.340681e-99    1.000000e-99    2.320540e-99   2.014130e-101 
Yb-161             2.340681e-99    1.000000e-99    2.320540e-99   2.014130e-101 
Yb-162             2.340681e-99    1.000000e-99    2.320540e-99   2.014130e-101 
Yb-163             2.340681e-99    1.000000e-99    2.320540e-99   2.014130e-101 
Yb-164             2.340681e-99    1.000000e-99    2.320540e-99   2.014130e-101 
Yb-165             2.340681e-99    1.000000e-99    2.320540e-99   2.014130e-101 
Yb-166             2.340681e-99    1.000000e-99    2.320540e-99   2.014130e-101 
Yb-167             2.340681e-99    1.000000e-99    2.320540e-99   2.014130e-101 
Yb-168             3.582960e-12    1.583199e-12    3.552400e-12    3.055998e-14 
Yb-169             2.340681e-99    1.000000e-99    2.320540e-99   2.014130e-101 
Yb-170             1.280015e-10    3.746325e-11    1.268204e-10    1.181101e-12 
Yb-171             4.707738e-10    1.770138e-10    4.666073e-10    4.166538e-12 
Yb-172             7.737733e-10    2.721856e-10    7.668454e-10    6.927921e-12 
Yb-173             5.353652e-10    2.022849e-10    5.306371e-10    4.728166e-12 
Yb-174             1.249850e-09    4.014845e-10    1.238480e-09    1.136999e-11 
Yb-175             2.340681e-99    1.000000e-99    2.320540e-99   2.014130e-101 
Yb-176             4.983960e-10    1.628828e-10    4.938687e-10    4.527323e-12 
Yb-177             2.340681e-99    1.000000e-99    2.320540e-99   2.014130e-101 
Yb-178             2.340681e-99    1.000000e-99    2.320540e-99   2.014130e-101 
Yb-179             2.340681e-99    1.000000e-99    2.320540e-99   2.014130e-101 
Yb-180             2.340681e-99    1.000000e-99    2.320540e-99   2.014130e-101 
Lu-165             2.340681e-99    1.000000e-99    2.320540e-99   2.014130e-101 
Lu-166             2.340681e-99    1.000000e-99    2.320540e-99   2.014130e-101 
Lu-167             2.340681e-99    1.000000e-99    2.320540e-99   2.014130e-101 
Lu-168             2.340681e-99    1.000000e-99    2.320540e-99   2.014130e-101 
Lu-169             2.340681e-99    1.000000e-99    2.320540e-99   2.014130e-101 
Lu-170             2.340681e-99    1.000000e-99    2.320540e-99   2.014130e-101 
Lu-171             2.340681e-99    1.000000e-99    2.320540e-99   2.014130e-101 
Lu-172             2.340681e-99    1.000000e-99    2.320540e-99   2.014130e-101 
Lu-173             2.340681e-99    1.000000e-99    2.320540e-99   2.014130e-101 
Lu-174             2.340681e-99    1.000000e-99    2.320540e-99   2.014130e-101 
Lu-175             4.619584e-10    1.827895e-10    4.579172e-10    4.041231e-12 
Lu-176             3.230947e-11    4.704642e-12    3.198870e-11    3.207719e-13 
Lu-177             2.340681e-99    1.000000e-99    2.320540e-99   2.014130e-101 
Lu-178             2.340681e-99    1.000000e-99    2.320540e-99   2.014130e-101 
Lu-179             2.340681e-99    1.000000e-99    2.320540e-99   2.014130e-101 
Lu-180             2.340681e-99    1.000000e-99    2.320540e-99   2.014130e-101 
Lu-181             2.340681e-99    1.000000e-99    2.320540e-99   2.014130e-101 
Lu-182             2.340681e-99    1.000000e-99    2.320540e-99   2.014130e-101 
Hf-166             2.340681e-99    1.000000e-99    2.320540e-99   2.014130e-101 
Hf-167             2.340681e-99    1.000000e-99    2.320540e-99   2.014130e-101 
Hf-168             2.340681e-99    1.000000e-99    2.320540e-99   2.014130e-101 
Hf-169             2.340681e-99    1.000000e-99    2.320540e-99   2.014130e-101 
Hf-170             2.340681e-99    1.000000e-99    2.320540e-99   2.014130e-101 
Hf-171             2.340681e-99    1.000000e-99    2.320540e-99   2.014130e-101 
Hf-172             2.340681e-99    1.000000e-99    2.320540e-99   2.014130e-101 
Hf-173             2.340681e-99    1.000000e-99    2.320540e-99   2.014130e-101 
Hf-174             2.786474e-12    1.231253e-12    2.762707e-12    2.376656e-14 
Hf-175             2.340681e-99    1.000000e-99    2.320540e-99   2.014130e-101 
Hf-176             1.054118e-10    4.044770e-11    1.044842e-10    9.275605e-13 
Hf-177             3.684401e-10    1.437825e-10    3.652074e-10    3.232766e-12 
Hf-178             6.601427e-10    2.121343e-10    6.541402e-10    6.002468e-12 
Hf-179             3.037060e-10    1.065106e-10    3.009867e-10    2.719373e-12 
Hf-180             9.524405e-10    2.758446e-10    9.436438e-10    8.796751e-12 
Hf-181             2.340681e-99    1.000000e-99    2.320540e-99   2.014130e-101 
Hf-182             2.553055e-13    1.000000e-99    2.525358e-13    2.769735e-15 
Hf-183             2.340681e-99    1.000000e-99    2.320540e-99   2.014130e-101 
Hf-184             2.340681e-99    1.000000e-99    2.320540e-99   2.014130e-101 
Hf-185             2.340681e-99    1.000000e-99    2.320540e-99   2.014130e-101 
Ta-169             2.340681e-99    1.000000e-99    2.320540e-99   2.014130e-101 
Ta-170             2.340681e-99    1.000000e-99    2.320540e-99   2.014130e-101 
Ta-171             2.340681e-99    1.000000e-99    2.320540e-99   2.014130e-101 
Ta-172             2.340681e-99    1.000000e-99    2.320540e-99   2.014130e-101 
Ta-173             2.340681e-99    1.000000e-99    2.320540e-99   2.014130e-101 
Ta-174             2.340681e-99    1.000000e-99    2.320540e-99   2.014130e-101 
Ta-175             2.340681e-99    1.000000e-99    2.320540e-99   2.014130e-101 
Ta-176             2.340681e-99    1.000000e-99    2.320540e-99   2.014130e-101 
Ta-177             2.340681e-99    1.000000e-99    2.320540e-99   2.014130e-101 
Ta-178             2.340681e-99    1.000000e-99    2.320540e-99   2.014130e-101 
Ta-179             2.340681e-99    1.000000e-99    2.320540e-99   2.014130e-101 
Ta-180             5.509021e-14    2.429182e-14    5.462009e-14    4.701223e-16 
Ta-181             5.181295e-10    1.985674e-10    5.135678e-10    4.561659e-12 
Ta-182             8.990294e-21    1.000000e-99    8.892761e-21    9.753309e-23 
Ta-183             2.340681e-99    1.000000e-99    2.320540e-99   2.014130e-101 
Ta-184             2.340681e-99    1.000000e-99    2.320540e-99   2.014130e-101 
Ta-185             2.340681e-99    1.000000e-99    2.320540e-99   2.014130e-101 
Ta-186             2.340681e-99    1.000000e-99    2.320540e-99   2.014130e-101 
W-172              2.340681e-99    1.000000e-99    2.320540e-99   2.014130e-101 
W-173              2.340681e-99    1.000000e-99    2.320540e-99   2.014130e-101 
W-174              2.340681e-99    1.000000e-99    2.320540e-99   2.014130e-101 
W-175              2.340681e-99    1.000000e-99    2.320540e-99   2.014130e-101 
W-176              2.340681e-99    1.000000e-99    2.320540e-99   2.014130e-101 
W-177              2.340681e-99    1.000000e-99    2.320540e-99   2.014130e-101 
W-178              2.340681e-99    1.000000e-99    2.320540e-99   2.014130e-101 
W-179              2.340681e-99    1.000000e-99    2.320540e-99   2.014130e-101 
W-180              1.921403e-12    8.394836e-13    1.904974e-12    1.642898e-14 
W-181              2.340681e-99    1.000000e-99    2.320540e-99   2.014130e-101 
W-182              5.632470e-10    1.877481e-10    5.581593e-10    5.087696e-12 
W-183              3.155547e-10    1.019725e-10    3.126893e-10    2.865462e-12 
W-184              7.107165e-10    2.194930e-10    7.042166e-10    6.499912e-12 
W-185              2.340681e-99    1.000000e-99    2.320540e-99   2.014130e-101 
W-186              5.681897e-10    2.058307e-10    5.631217e-10    5.067960e-12 
W-187              2.340681e-99    1.000000e-99    2.320540e-99   2.014130e-101 
W-188              2.340681e-99    1.000000e-99    2.320540e-99   2.014130e-101 
W-189              2.340681e-99    1.000000e-99    2.320540e-99   2.014130e-101 
W-190              2.340681e-99    1.000000e-99    2.320540e-99   2.014130e-101 
Re-175             2.340681e-99    1.000000e-99    2.320540e-99   2.014130e-101 
Re-176             2.340681e-99    1.000000e-99    2.320540e-99   2.014130e-101 
Re-177             2.340681e-99    1.000000e-99    2.320540e-99   2.014130e-101 
Re-178             2.340681e-99    1.000000e-99    2.320540e-99   2.014130e-101 
Re-179             2.340681e-99    1.000000e-99    2.320540e-99   2.014130e-101 
Re-180             2.340681e-99    1.000000e-99    2.320540e-99   2.014130e-101 
Re-181             2.340681e-99    1.000000e-99    2.320540e-99   2.014130e-101 
Re-182             2.340681e-99    1.000000e-99    2.320540e-99   2.014130e-101 
Re-183             2.340681e-99    1.000000e-99    2.320540e-99   2.014130e-101 
Re-184             2.340681e-99    1.000000e-99    2.320540e-99   2.014130e-101 
Re-185             2.860306e-10    1.047859e-10    2.834893e-10    2.541303e-12 
Re-186             2.340681e-99    1.000000e-99    2.320540e-99   2.014130e-101 
Re-187             4.202274e-10    1.745645e-10    4.165853e-10    3.642088e-12 
Re-188             2.340681e-99    1.000000e-99    2.320540e-99   2.014130e-101 
Re-189             2.340681e-99    1.000000e-99    2.320540e-99   2.014130e-101 
Re-190             2.340681e-99    1.000000e-99    2.320540e-99   2.014130e-101 
Re-191             2.340681e-99    1.000000e-99    2.320540e-99   2.014130e-101 
Os-179             2.340681e-99    1.000000e-99    2.320540e-99   2.014130e-101 
Os-180             2.340681e-99    1.000000e-99    2.320540e-99   2.014130e-101 
Os-181             2.340681e-99    1.000000e-99    2.320540e-99   2.014130e-101 
Os-182             2.340681e-99    1.000000e-99    2.320540e-99   2.014130e-101 
Os-183             2.340681e-99    1.000000e-99    2.320540e-99   2.014130e-101 
Os-184             1.608734e-12    7.108303e-13    1.595013e-12    1.372139e-14 
Os-185             2.340681e-99    1.000000e-99    2.320540e-99   2.014130e-101 
Os-186             2.012312e-10    5.778212e-11    1.993747e-10    1.856490e-12 
Os-187             1.627655e-10    6.271986e-11    1.613392e-10    1.426356e-12 
Os-188             1.267386e-09    4.873616e-10    1.256237e-09    1.114856e-11 
Os-189             1.387239e-09    5.973629e-10    1.375333e-09    1.190550e-11 
Os-190             2.385711e-09    9.765959e-10    2.364995e-09    2.071637e-11 
Os-191             2.340681e-99    1.000000e-99    2.320540e-99   2.014130e-101 
Os-192             3.574880e-09    1.532704e-09    3.544146e-09    3.073364e-11 
Os-193             2.340681e-99    1.000000e-99    2.320540e-99   2.014130e-101 
Os-194             1.939607e-25    1.000000e-99    1.916659e-25    2.294786e-27 
Os-195             2.340681e-99    1.000000e-99    2.320540e-99   2.014130e-101 
Os-196             2.340681e-99    1.000000e-99    2.320540e-99   2.014130e-101 
Ir-181             2.340681e-99    1.000000e-99    2.320540e-99   2.014130e-101 
Ir-182             2.340681e-99    1.000000e-99    2.320540e-99   2.014130e-101 
Ir-183             2.340681e-99    1.000000e-99    2.320540e-99   2.014130e-101 
Ir-184             2.340681e-99    1.000000e-99    2.320540e-99   2.014130e-101 
Ir-185             2.340681e-99    1.000000e-99    2.320540e-99   2.014130e-101 
Ir-186             2.340681e-99    1.000000e-99    2.320540e-99   2.014130e-101 
Ir-187             2.340681e-99    1.000000e-99    2.320540e-99   2.014130e-101 
Ir-188             2.340681e-99    1.000000e-99    2.320540e-99   2.014130e-101 
Ir-189             2.340681e-99    1.000000e-99    2.320540e-99   2.014130e-101 
Ir-190             2.340681e-99    1.000000e-99    2.320540e-99   2.014130e-101 
Ir-191             3.103334e-09    1.357372e-09    3.076798e-09    2.653531e-11 
Ir-192             2.340681e-99    1.000000e-99    2.320540e-99   2.014130e-101 
Ir-193             5.270430e-09    2.308350e-09    5.225377e-09    4.505314e-11 
Ir-194             2.340681e-99    1.000000e-99    2.320540e-99   2.014130e-101 
Ir-195             2.340681e-99    1.000000e-99    2.320540e-99   2.014130e-101 
Ir-196             2.340681e-99    1.000000e-99    2.320540e-99   2.014130e-101 
Ir-197             2.340681e-99    1.000000e-99    2.320540e-99   2.014130e-101 
Pt-184             2.340681e-99    1.000000e-99    2.320540e-99   2.014130e-101 
Pt-185             2.340681e-99    1.000000e-99    2.320540e-99   2.014130e-101 
Pt-186             2.340681e-99    1.000000e-99    2.320540e-99   2.014130e-101 
Pt-187             2.340681e-99    1.000000e-99    2.320540e-99   2.014130e-101 
Pt-188             2.340681e-99    1.000000e-99    2.320540e-99   2.014130e-101 
Pt-189             2.340681e-99    1.000000e-99    2.320540e-99   2.014130e-101 
Pt-190             2.282379e-12    1.008463e-12    2.262912e-12    1.946723e-14 
Pt-191             2.340681e-99    1.000000e-99    2.320540e-99   2.014130e-101 
Pt-192             1.708373e-10    5.850019e-11    1.693017e-10    1.535661e-12 
Pt-193             5.095714e-20    1.000000e-99    5.039564e-20    5.614949e-22 
Pt-194             5.785892e-09    2.489798e-09    5.736213e-09    4.967830e-11 
Pt-195             5.872710e-09    2.568263e-09    5.822490e-09    5.022064e-11 
Pt-196             4.642037e-09    1.926003e-09    4.601822e-09    4.021507e-11 
Pt-197             2.340681e-99    1.000000e-99    2.320540e-99   2.014130e-101 
Pt-198             1.283416e-09    5.521699e-10    1.272383e-09    1.103279e-11 
Pt-199             2.340681e-99    1.000000e-99    2.320540e-99   2.014130e-101 
Pt-200             2.340681e-99    1.000000e-99    2.320540e-99   2.014130e-101 
Pt-201             2.340681e-99    1.000000e-99    2.320540e-99   2.014130e-101 
Pt-202             2.340681e-99    1.000000e-99    2.320540e-99   2.014130e-101 
Au-185             2.340681e-99    1.000000e-99    2.320540e-99   2.014130e-101 
Au-186             2.340681e-99    1.000000e-99    2.320540e-99   2.014130e-101 
Au-187             2.340681e-99    1.000000e-99    2.320540e-99   2.014130e-101 
Au-188             2.340681e-99    1.000000e-99    2.320540e-99   2.014130e-101 
Au-189             2.340681e-99    1.000000e-99    2.320540e-99   2.014130e-101 
Au-190             2.340681e-99    1.000000e-99    2.320540e-99   2.014130e-101 
Au-191             2.340681e-99    1.000000e-99    2.320540e-99   2.014130e-101 
Au-192             2.340681e-99    1.000000e-99    2.320540e-99   2.014130e-101 
Au-193             2.340681e-99    1.000000e-99    2.320540e-99   2.014130e-101 
Au-194             2.340681e-99    1.000000e-99    2.320540e-99   2.014130e-101 
Au-195             2.340681e-99    1.000000e-99    2.320540e-99   2.014130e-101 
Au-196             2.340681e-99    1.000000e-99    2.320540e-99   2.014130e-101 
Au-197             2.540330e-09    1.083301e-09    2.518466e-09    2.186367e-11 
Au-198             2.340681e-99    1.000000e-99    2.320540e-99   2.014130e-101 
Au-199             2.340681e-99    1.000000e-99    2.320540e-99   2.014130e-101 
Au-200             2.340681e-99    1.000000e-99    2.320540e-99   2.014130e-101 
Au-201             2.340681e-99    1.000000e-99    2.320540e-99   2.014130e-101 
Au-202             2.340681e-99    1.000000e-99    2.320540e-99   2.014130e-101 
Au-203             2.340681e-99    1.000000e-99    2.320540e-99   2.014130e-101 
Hg-189             2.340681e-99    1.000000e-99    2.320540e-99   2.014130e-101 
Hg-190             2.340681e-99    1.000000e-99    2.320540e-99   2.014130e-101 
Hg-191             2.340681e-99    1.000000e-99    2.320540e-99   2.014130e-101 
Hg-192             2.340681e-99    1.000000e-99    2.320540e-99   2.014130e-101 
Hg-193             2.340681e-99    1.000000e-99    2.320540e-99   2.014130e-101 
Hg-194             2.340681e-99    1.000000e-99    2.320540e-99   2.014130e-101 
Hg-195             2.340681e-99    1.000000e-99    2.320540e-99   2.014130e-101 
Hg-196             6.814433e-12    3.009384e-12    6.756302e-12    5.813130e-14 
Hg-197             2.340681e-99    1.000000e-99    2.320540e-99   2.014130e-101 
Hg-198             7.154019e-10    1.974950e-10    7.087232e-10    6.678700e-12 
Hg-199             8.943674e-10    3.359915e-10    8.864466e-10    7.920753e-12 
Hg-200             1.485481e-09    4.622210e-10    1.471873e-09    1.360807e-11 
Hg-201             7.911870e-10    2.651107e-10    7.840337e-10    7.153316e-12 
Hg-202             2.040517e-09    6.036257e-10    2.021688e-09    1.882944e-11 
Hg-203             2.340681e-99    1.000000e-99    2.320540e-99   2.014130e-101 
Hg-204             3.420293e-10    1.401373e-10    3.390510e-10    2.978270e-12 
Hg-205             2.340681e-99    1.000000e-99    2.320540e-99   2.014130e-101 
Hg-206             2.340681e-99    1.000000e-99    2.320540e-99   2.014130e-101 
Hg-207             2.340681e-99    1.000000e-99    2.320540e-99   2.014130e-101 
Hg-208             2.340681e-99    1.000000e-99    2.320540e-99   2.014130e-101 
Tl-192             2.340681e-99    1.000000e-99    2.320540e-99   2.014130e-101 
Tl-193             2.340681e-99    1.000000e-99    2.320540e-99   2.014130e-101 
Tl-194             2.340681e-99    1.000000e-99    2.320540e-99   2.014130e-101 
Tl-195             2.340681e-99    1.000000e-99    2.320540e-99   2.014130e-101 
Tl-196             2.340681e-99    1.000000e-99    2.320540e-99   2.014130e-101 
Tl-197             2.340681e-99    1.000000e-99    2.320540e-99   2.014130e-101 
Tl-198             2.340681e-99    1.000000e-99    2.320540e-99   2.014130e-101 
Tl-199             2.340681e-99    1.000000e-99    2.320540e-99   2.014130e-101 
Tl-200             2.340681e-99    1.000000e-99    2.320540e-99   2.014130e-101 
Tl-201             2.340681e-99    1.000000e-99    2.320540e-99   2.014130e-101 
Tl-202             2.340681e-99    1.000000e-99    2.320540e-99   2.014130e-101 
Tl-203             1.031094e-09    3.220729e-10    1.021654e-09    9.439163e-12 
Tl-204             2.340681e-99    1.000000e-99    2.320540e-99   2.014130e-101 
Tl-205             2.174054e-09    7.763865e-10    2.154620e-09    1.943390e-11 
Tl-206             2.340681e-99    1.000000e-99    2.320540e-99   2.014130e-101 
Tl-207             2.340681e-99    1.000000e-99    2.320540e-99   2.014130e-101 
Tl-208             2.340681e-99    1.000000e-99    2.320540e-99   2.014130e-101 
Tl-209             2.340681e-99    1.000000e-99    2.320540e-99   2.014130e-101 
Tl-210             2.340681e-99    1.000000e-99    2.320540e-99   2.014130e-101 
Pb-193             2.340681e-99    1.000000e-99    2.320540e-99   2.014130e-101 
Pb-194             2.340681e-99    1.000000e-99    2.320540e-99   2.014130e-101 
Pb-195             2.340681e-99    1.000000e-99    2.320540e-99   2.014130e-101 
Pb-196             2.340681e-99    1.000000e-99    2.320540e-99   2.014130e-101 
Pb-197             2.340681e-99    1.000000e-99    2.320540e-99   2.014130e-101 
Pb-198             2.340681e-99    1.000000e-99    2.320540e-99   2.014130e-101 
Pb-199             2.340681e-99    1.000000e-99    2.320540e-99   2.014130e-101 
Pb-200             2.340681e-99    1.000000e-99    2.320540e-99   2.014130e-101 
Pb-201             2.340681e-99    1.000000e-99    2.320540e-99   2.014130e-101 
Pb-202             2.340681e-99    1.000000e-99    2.320540e-99   2.014130e-101 
Pb-203             2.340681e-99    1.000000e-99    2.320540e-99   2.014130e-101 
Pb-204             1.018993e-09    2.931006e-10    1.009553e-09    9.440131e-12 
Pb-205             8.384543e-14    1.000000e-99    8.295109e-14    8.943382e-16 
Pb-208             2.212381e-08    8.849766e-09    2.193045e-08    1.933530e-10 
Pb-209             2.340681e-99    1.000000e-99    2.320540e-99   2.014130e-101 
Pb-210             7.676381e-26    1.000000e-99    7.586766e-26    8.961489e-28 
Pb-211             2.340681e-99    1.000000e-99    2.320540e-99   2.014130e-101 
Bi-202             2.340681e-99    1.000000e-99    2.320540e-99   2.014130e-101 
Bi-203             2.340681e-99    1.000000e-99    2.320540e-99   2.014130e-101 
Bi-204             2.340681e-99    1.000000e-99    2.320540e-99   2.014130e-101 
Bi-205             2.340681e-99    1.000000e-99    2.320540e-99   2.014130e-101 
Bi-206             2.340681e-99    1.000000e-99    2.320540e-99   2.014130e-101 
Bi-207             2.340681e-99    1.000000e-99    2.320540e-99   2.014130e-101 
Bi-208             2.340681e-99    1.000000e-99    2.320540e-99   2.014130e-101 
Bi-209             2.061695e-09    8.718247e-10    2.043897e-09    1.779865e-11 
Bi-210             8.637887e-12    1.000000e-99    8.542685e-12    9.520189e-14 
Al-26m1            2.340681e-99    1.000000e-99    2.320540e-99   2.014130e-101 
Kr-85m1            2.340681e-99    1.000000e-99    2.320540e-99   2.014130e-101 
Cd-115m1           2.340681e-99    1.000000e-99    2.320540e-99   2.014130e-101 
Lu-176m1           2.340681e-99    1.000000e-99    2.320540e-99   2.014130e-101 
Ta-180m1           2.340681e-99    1.000000e-99    2.320540e-99   2.014130e-101 
