# Battino yields
# Model: m2z2m2
# Mini: 2.00
# Z: 2.00e-02
# Mfinal: 0.6455247544196333
# Mfinal (MESA): 0.9295699019581303
# Created by Daniel Boyea on 2024-12-06
isotope         wind_yield      initial_abundance wind_yield_mesaevo wind_yield_postmesa 
Neutron-1          1.354475e-99    1.000000e-99    1.070430e-99   2.840451e-100 
H-1                9.131695e-01    7.064434e-01    7.226086e-01    1.905609e-01 
H-2                4.899845e-06    1.370527e-05    3.890520e-06    1.009325e-06 
He-3               3.787815e-04    4.524566e-05    2.995312e-04    7.925034e-05 
He-4               3.983457e-01    2.734973e-01    3.145818e-01    8.376388e-02 
Be-7               6.805059e-16    7.557599e-17    5.377664e-16    1.427395e-16 
B-8                8.132724e-28    1.000000e-99    5.170086e-28    2.962638e-28 
Li-7               3.240556e-06    3.599641e-07    2.560833e-06    6.797228e-07 
C-11               5.124654e-27    1.000000e-99    3.613826e-27    1.510828e-27 
B-11               3.868233e-09    2.855891e-09    3.057031e-09    8.112019e-10 
C-12               1.369640e-02    3.424687e-03    1.032392e-02    3.372480e-03 
C-13               1.345147e-04    4.160552e-05    1.063456e-04    2.816906e-05 
N-13               4.843306e-21    1.271967e-21    3.653781e-21    1.189525e-21 
N-14               3.533678e-03    1.058810e-03    2.791871e-03    7.418075e-04 
C-14               1.311976e-13    1.000000e-99    9.693218e-14    3.426547e-14 
N-15               2.747957e-06    4.169620e-06    2.176804e-06    5.711534e-07 
O-16               1.645839e-02    9.624352e-03    1.283815e-02    3.620244e-03 
O-17               5.335484e-05    3.813070e-06    4.217777e-05    1.117707e-05 
O-18               2.129373e-05    2.171061e-05    1.685674e-05    4.436991e-06 
F-17               1.354475e-99    1.000000e-99    1.070430e-99   2.840451e-100 
F-18               1.354475e-99    1.000000e-99    1.070430e-99   2.840451e-100 
F-19               1.647273e-06    5.610951e-07    1.248427e-06    3.988460e-07 
Ne-20              2.466042e-03    1.817733e-03    1.948625e-03    5.174164e-04 
Ne-21              6.511281e-06    4.575277e-06    5.131348e-06    1.379933e-06 
Ne-22              8.875119e-04    1.470235e-04    6.645839e-04    2.229280e-04 
Na-22              4.380041e-25    1.000000e-99    2.893496e-25    1.486545e-25 
Na-23              7.229309e-05    3.999546e-05    5.685053e-05    1.544256e-05 
Mg-23              1.354475e-99    1.000000e-99    1.070430e-99   2.840451e-100 
Mg-24              7.997254e-04    5.862424e-04    6.317132e-04    1.680121e-04 
Mg-25              1.278518e-04    7.733092e-05    9.967897e-05    2.817281e-05 
Mg-26              1.652991e-04    8.848024e-05    1.280534e-04    3.724569e-05 
Al-26              1.774938e-10    1.000000e-99    1.350096e-10    4.248418e-11 
Al-27              8.913474e-05    6.481069e-05    7.037934e-05    1.875540e-05 
Si-27              1.354475e-99    1.000000e-99    1.070430e-99   2.840451e-100 
Si-28              1.009050e-03    7.452665e-04    7.974650e-04    2.115849e-04 
Si-29              5.351757e-05    3.919403e-05    4.227120e-05    1.124637e-05 
Si-30              3.765405e-05    2.672780e-05    2.967933e-05    7.974721e-06 
P-31               9.818354e-06    7.106317e-06    7.748804e-06    2.069550e-06 
S-31               1.354475e-99    1.000000e-99    1.070430e-99   2.840451e-100 
Be-8               1.354475e-99    1.000000e-99    1.070430e-99   2.840451e-100 
O-14               1.354475e-99    1.000000e-99    1.070430e-99   2.840451e-100 
O-15               1.354475e-99    1.000000e-99    1.070430e-99   2.840451e-100 
Na-21              1.354475e-99    1.000000e-99    1.070430e-99   2.840451e-100 
Al-25              1.354475e-99    1.000000e-99    1.070430e-99   2.840451e-100 
P-29               1.354475e-99    1.000000e-99    1.070430e-99   2.840451e-100 
P-30               1.354475e-99    1.000000e-99    1.070430e-99   2.840451e-100 
Pb-206             5.408291e-09    2.797732e-09    4.187009e-09    1.221282e-09 
Pb-207             5.277799e-09    3.089652e-09    4.110299e-09    1.167500e-09 
Bi-211             1.354475e-99    1.000000e-99    1.070430e-99   2.840451e-100 
Po-210             1.354475e-99    1.000000e-99    1.070430e-99   2.840451e-100 
F-20               1.354475e-99    1.000000e-99    1.070430e-99   2.840451e-100 
Ne-19              1.354475e-99    1.000000e-99    1.070430e-99   2.840451e-100 
Na-24              1.354475e-99    1.000000e-99    1.070430e-99   2.840451e-100 
Mg-27              1.354475e-99    1.000000e-99    1.070430e-99   2.840451e-100 
Mg-28              1.354475e-99    1.000000e-99    1.070430e-99   2.840451e-100 
Al-28              1.354475e-99    1.000000e-99    1.070430e-99   2.840451e-100 
Al-29              1.354475e-99    1.000000e-99    1.070430e-99   2.840451e-100 
Si-31              1.354475e-99    1.000000e-99    1.070430e-99   2.840451e-100 
Si-32              1.517511e-18    1.000000e-99    1.084362e-18    4.331485e-19 
P-32               3.445489e-22    1.000000e-99    2.462031e-22    9.834584e-23 
P-33               1.354475e-99    1.000000e-99    1.070430e-99   2.840451e-100 
P-34               1.354475e-99    1.000000e-99    1.070430e-99   2.840451e-100 
P-35               1.354475e-99    1.000000e-99    1.070430e-99   2.840451e-100 
S-32               5.418709e-04    4.010872e-04    4.283100e-04    1.135609e-04 
S-33               4.554873e-06    3.264811e-06    3.593249e-06    9.616239e-07 
S-34               2.598903e-05    1.890425e-05    2.051771e-05    5.471329e-06 
S-35               1.354475e-99    1.000000e-99    1.070430e-99   2.840451e-100 
S-36               1.556487e-07    8.072988e-08    1.205649e-07    3.508390e-08 
S-37               1.354475e-99    1.000000e-99    1.070430e-99   2.840451e-100 
S-38               1.354475e-99    1.000000e-99    1.070430e-99   2.840451e-100 
Cl-34              1.354475e-99    1.000000e-99    1.070430e-99   2.840451e-100 
Cl-35              9.184484e-06    6.821093e-06    7.261198e-06    1.923286e-06 
Cl-36              1.092947e-08    1.000000e-99    8.123381e-09    2.806087e-09 
Cl-37              3.435566e-06    2.305792e-06    2.700272e-06    7.352945e-07 
Cl-38              1.354475e-99    1.000000e-99    1.070430e-99   2.840451e-100 
Cl-39              1.354475e-99    1.000000e-99    1.070430e-99   2.840451e-100 
Cl-40              1.354475e-99    1.000000e-99    1.070430e-99   2.840451e-100 
Ar-35              1.354475e-99    1.000000e-99    1.070430e-99   2.840451e-100 
Ar-36              1.104386e-04    8.202156e-05    8.731263e-05    2.312595e-05 
Ar-37              2.309634e-18    1.000000e-99    1.656114e-18    6.535201e-19 
Ar-38              2.158975e-05    1.574147e-05    1.704817e-05    4.541585e-06 
Ar-39              4.006735e-15    1.000000e-99    2.926219e-15    1.080516e-15 
Ar-40              4.609514e-08    2.650204e-08    3.585301e-08    1.024213e-08 
Ar-41              1.354475e-99    1.000000e-99    1.070430e-99   2.840451e-100 
Ar-42              2.815623e-23    1.000000e-99    1.960180e-23    8.554430e-24 
Ar-43              1.354475e-99    1.000000e-99    1.070430e-99   2.840451e-100 
Ar-44              1.354475e-99    1.000000e-99    1.070430e-99   2.840451e-100 
K-38               1.354475e-99    1.000000e-99    1.070430e-99   2.840451e-100 
K-39               5.309817e-06    3.899726e-06    4.194776e-06    1.115041e-06 
K-40               9.936527e-09    3.310922e-10    7.374964e-09    2.561563e-09 
K-41               4.393788e-07    2.958666e-07    3.454302e-07    9.394855e-08 
K-42               1.024662e-27    1.000000e-99    6.503706e-28    3.742916e-28 
K-43               1.354475e-99    1.000000e-99    1.070430e-99   2.840451e-100 
K-44               1.354475e-99    1.000000e-99    1.070430e-99   2.840451e-100 
K-45               1.354475e-99    1.000000e-99    1.070430e-99   2.840451e-100 
K-46               1.354475e-99    1.000000e-99    1.070430e-99   2.840451e-100 
Ca-39              1.354475e-99    1.000000e-99    1.070430e-99   2.840451e-100 
Ca-40              9.745507e-05    7.225225e-05    7.703917e-05    2.041591e-05 
Ca-41              9.573977e-10    1.000000e-99    7.115572e-10    2.458405e-10 
Ca-42              7.164252e-07    5.063333e-07    5.646755e-07    1.517498e-07 
Ca-43              1.532752e-07    1.081646e-07    1.207862e-07    3.248900e-08 
Ca-44              2.320744e-06    1.710212e-06    1.833819e-06    4.869250e-07 
Ca-45              1.354475e-99    1.000000e-99    1.070430e-99   2.840451e-100 
Ca-46              5.323293e-09    3.428473e-09    4.162492e-09    1.160801e-09 
Ca-47              1.354475e-99    1.000000e-99    1.070430e-99   2.840451e-100 
Ca-48              2.263674e-07    1.672498e-07    1.789051e-07    4.746232e-08 
Ca-49              1.354475e-99    1.000000e-99    1.070430e-99   2.840451e-100 
Sc-43              1.354475e-99    1.000000e-99    1.070430e-99   2.840451e-100 
Sc-44              1.354475e-99    1.000000e-99    1.070430e-99   2.840451e-100 
Sc-45              7.866955e-08    5.413715e-08    6.189354e-08    1.677600e-08 
Sc-46              1.354475e-99    1.000000e-99    1.070430e-99   2.840451e-100 
Sc-47              1.354475e-99    1.000000e-99    1.070430e-99   2.840451e-100 
Sc-48              1.354475e-99    1.000000e-99    1.070430e-99   2.840451e-100 
Sc-49              1.354475e-99    1.000000e-99    1.070430e-99   2.840451e-100 
Sc-50              1.354475e-99    1.000000e-99    1.070430e-99   2.840451e-100 
Ti-44              1.354475e-99    1.000000e-99    1.070430e-99   2.840451e-100 
Ti-45              1.354475e-99    1.000000e-99    1.070430e-99   2.840451e-100 
Ti-46              4.400623e-07    3.231782e-07    3.476640e-07    9.239834e-08 
Ti-47              4.003386e-07    2.976998e-07    3.165200e-07    8.381857e-08 
Ti-48              4.037497e-06    3.013765e-06    3.193023e-06    8.444743e-07 
Ti-49              3.350710e-07    2.257335e-07    2.633966e-07    7.167433e-08 
Ti-50              3.315838e-07    2.208013e-07    2.603575e-07    7.122622e-08 
Ti-51              1.354475e-99    1.000000e-99    1.070430e-99   2.840451e-100 
Ti-52              1.354475e-99    1.000000e-99    1.070430e-99   2.840451e-100 
V-47               1.354475e-99    1.000000e-99    1.070430e-99   2.840451e-100 
V-48               1.354475e-99    1.000000e-99    1.070430e-99   2.840451e-100 
V-49               4.124744e-25    1.000000e-99    3.011202e-25    1.113542e-25 
V-50               1.355415e-09    1.015480e-09    1.072165e-09    2.832500e-10 
V-51               5.591754e-07    4.137779e-07    4.419889e-07    1.171865e-07 
V-52               1.354475e-99    1.000000e-99    1.070430e-99   2.840451e-100 
V-53               1.354475e-99    1.000000e-99    1.070430e-99   2.840451e-100 
Cr-48              1.354475e-99    1.000000e-99    1.070430e-99   2.840451e-100 
Cr-49              1.354475e-99    1.000000e-99    1.070430e-99   2.840451e-100 
Cr-50              1.103111e-06    8.265377e-07    8.725912e-07    2.305196e-07 
Cr-51              4.662103e-20    1.000000e-99    3.307252e-20    1.354851e-20 
Cr-52              2.235548e-05    1.657585e-05    1.767241e-05    4.683072e-06 
Cr-53              2.586441e-06    1.915622e-06    2.044452e-06    5.419887e-07 
Cr-54              7.592708e-07    4.857946e-07    5.948470e-07    1.644238e-07 
Cr-55              1.354475e-99    1.000000e-99    1.070430e-99   2.840451e-100 
Cr-56              1.354475e-99    1.000000e-99    1.070430e-99   2.840451e-100 
Mn-51              1.354475e-99    1.000000e-99    1.070430e-99   2.840451e-100 
Mn-52              1.354475e-99    1.000000e-99    1.070430e-99   2.840451e-100 
Mn-53              2.419576e-18    1.000000e-99    1.771586e-18    6.479895e-19 
Mn-54              2.848588e-25    1.000000e-99    2.071130e-25    7.774589e-26 
Mn-55              1.507756e-05    1.098109e-05    1.190714e-05    3.170418e-06 
Mn-56              1.354475e-99    1.000000e-99    1.070430e-99   2.840451e-100 
Mn-57              1.354475e-99    1.000000e-99    1.070430e-99   2.840451e-100 
Fe-52              1.354475e-99    1.000000e-99    1.070430e-99   2.840451e-100 
Fe-53              1.354475e-99    1.000000e-99    1.070430e-99   2.840451e-100 
Fe-54              1.085837e-04    8.118227e-05    8.588146e-05    2.270226e-05 
Fe-55              3.516861e-13    1.000000e-99    2.603131e-13    9.137306e-14 
Fe-56              1.780038e-03    1.321588e-03    1.407274e-03    3.727641e-04 
Fe-57              4.551425e-05    3.106624e-05    3.580225e-05    9.712007e-06 
Fe-58              1.106183e-05    4.206879e-06    8.462876e-06    2.598952e-06 
Fe-59              1.354475e-99    1.000000e-99    1.070430e-99   2.840451e-100 
Fe-60              6.868750e-08    1.000000e-99    4.958783e-08    1.909967e-08 
Fe-61              1.354475e-99    1.000000e-99    1.070430e-99   2.840451e-100 
Co-55              1.354475e-99    1.000000e-99    1.070430e-99   2.840451e-100 
Co-56              1.354475e-99    1.000000e-99    1.070430e-99   2.840451e-100 
Co-57              4.387098e-24    1.000000e-99    3.189156e-24    1.197942e-24 
Co-58              1.354475e-99    1.000000e-99    1.070430e-99   2.840451e-100 
Co-59              6.532874e-06    3.991489e-06    5.102206e-06    1.430668e-06 
Co-60              2.960825e-24    1.000000e-99    1.956488e-24    1.004337e-24 
Co-61              1.354475e-99    1.000000e-99    1.070430e-99   2.840451e-100 
Co-62              1.354475e-99    1.000000e-99    1.070430e-99   2.840451e-100 
Co-63              1.354475e-99    1.000000e-99    1.070430e-99   2.840451e-100 
Ni-56              1.354475e-99    1.000000e-99    1.070430e-99   2.840451e-100 
Ni-57              1.354475e-99    1.000000e-99    1.070430e-99   2.840451e-100 
Ni-58              7.640192e-05    5.710980e-05    6.042754e-05    1.597438e-05 
Ni-59              1.422349e-07    1.000000e-99    1.056777e-07    3.655724e-08 
Ni-60              3.146313e-05    2.275717e-05    2.483010e-05    6.633034e-06 
Ni-61              1.763546e-06    1.005726e-06    1.371919e-06    3.916275e-07 
Ni-62              5.081721e-06    3.259262e-06    3.977684e-06    1.104037e-06 
Ni-63              5.608616e-15    1.000000e-99    4.054954e-15    1.553662e-15 
Ni-64              1.426515e-06    8.568133e-07    1.110865e-06    3.156505e-07 
Ni-65              1.354475e-99    1.000000e-99    1.070430e-99   2.840451e-100 
Ni-66              1.354475e-99    1.000000e-99    1.070430e-99   2.840451e-100 
Ni-67              1.354475e-99    1.000000e-99    1.070430e-99   2.840451e-100 
Ni-68              1.354475e-99    1.000000e-99    1.070430e-99   2.840451e-100 
Cu-60              1.354475e-99    1.000000e-99    1.070430e-99   2.840451e-100 
Cu-61              1.354475e-99    1.000000e-99    1.070430e-99   2.840451e-100 
Cu-62              1.354475e-99    1.000000e-99    1.070430e-99   2.840451e-100 
Cu-63              1.118979e-06    6.600340e-07    8.713529e-07    2.476259e-07 
Cu-64              1.354475e-99    1.000000e-99    1.070430e-99   2.840451e-100 
Cu-65              4.993671e-07    3.034684e-07    3.894077e-07    1.099594e-07 
Cu-66              1.354475e-99    1.000000e-99    1.070430e-99   2.840451e-100 
Cu-67              1.354475e-99    1.000000e-99    1.070430e-99   2.840451e-100 
Cu-68              1.354475e-99    1.000000e-99    1.070430e-99   2.840451e-100 
Cu-69              1.354475e-99    1.000000e-99    1.070430e-99   2.840451e-100 
Cu-70              1.354475e-99    1.000000e-99    1.070430e-99   2.840451e-100 
Cu-71              1.354475e-99    1.000000e-99    1.070430e-99   2.840451e-100 
Zn-62              1.354475e-99    1.000000e-99    1.070430e-99   2.840451e-100 
Zn-63              1.354475e-99    1.000000e-99    1.070430e-99   2.840451e-100 
Zn-64              1.566472e-06    1.130751e-06    1.235923e-06    3.305485e-07 
Zn-65              2.865990e-17    1.000000e-99    2.061831e-17    8.041587e-18 
Zn-66              9.651078e-07    6.690076e-07    7.590736e-07    2.060343e-07 
Zn-67              1.479322e-07    9.980253e-08    1.161314e-07    3.180075e-08 
Zn-68              6.775103e-07    4.632262e-07    5.323774e-07    1.451329e-07 
Zn-69              1.354475e-99    1.000000e-99    1.070430e-99   2.840451e-100 
Zn-70              2.118109e-08    1.576786e-08    1.674776e-08    4.433331e-09 
Zn-71              1.354475e-99    1.000000e-99    1.070430e-99   2.840451e-100 
Zn-72              1.354475e-99    1.000000e-99    1.070430e-99   2.840451e-100 
Zn-73              1.354475e-99    1.000000e-99    1.070430e-99   2.840451e-100 
Zn-74              1.354475e-99    1.000000e-99    1.070430e-99   2.840451e-100 
Ga-65              1.354475e-99    1.000000e-99    1.070430e-99   2.840451e-100 
Ga-66              1.354475e-99    1.000000e-99    1.070430e-99   2.840451e-100 
Ga-67              1.354475e-99    1.000000e-99    1.070430e-99   2.840451e-100 
Ga-68              1.354475e-99    1.000000e-99    1.070430e-99   2.840451e-100 
Ga-69              6.863157e-08    4.550546e-08    5.382204e-08    1.480953e-08 
Ga-70              1.354475e-99    1.000000e-99    1.070430e-99   2.840451e-100 
Ga-71              4.674960e-08    3.107622e-08    3.668767e-08    1.006193e-08 
Ga-72              1.354475e-99    1.000000e-99    1.070430e-99   2.840451e-100 
Ga-73              1.354475e-99    1.000000e-99    1.070430e-99   2.840451e-100 
Ga-74              1.354475e-99    1.000000e-99    1.070430e-99   2.840451e-100 
Ga-75              1.354475e-99    1.000000e-99    1.070430e-99   2.840451e-100 
Ge-66              1.354475e-99    1.000000e-99    1.070430e-99   2.840451e-100 
Ge-67              1.354475e-99    1.000000e-99    1.070430e-99   2.840451e-100 
Ge-68              1.354475e-99    1.000000e-99    1.070430e-99   2.840451e-100 
Ge-69              1.354475e-99    1.000000e-99    1.070430e-99   2.840451e-100 
Ge-70              7.967469e-08    5.157185e-08    6.239485e-08    1.727984e-08 
Ge-71              1.354475e-99    1.000000e-99    1.070430e-99   2.840451e-100 
Ge-72              1.021822e-07    6.910333e-08    8.026544e-08    2.191671e-08 
Ge-73              2.889329e-08    1.954584e-08    2.269670e-08    6.196598e-09 
Ge-74              1.376293e-07    9.228454e-08    1.080850e-07    2.954435e-08 
Ge-75              1.354475e-99    1.000000e-99    1.070430e-99   2.840451e-100 
Ge-76              2.634355e-08    1.962921e-08    2.083100e-08    5.512547e-09 
Ge-77              1.354475e-99    1.000000e-99    1.070430e-99   2.840451e-100 
Ge-78              1.354475e-99    1.000000e-99    1.070430e-99   2.840451e-100 
As-69              1.354475e-99    1.000000e-99    1.070430e-99   2.840451e-100 
As-70              1.354475e-99    1.000000e-99    1.070430e-99   2.840451e-100 
As-71              1.354475e-99    1.000000e-99    1.070430e-99   2.840451e-100 
As-72              1.354475e-99    1.000000e-99    1.070430e-99   2.840451e-100 
As-73              1.354475e-99    1.000000e-99    1.070430e-99   2.840451e-100 
As-74              1.354475e-99    1.000000e-99    1.070430e-99   2.840451e-100 
As-75              2.049826e-08    1.430027e-08    1.613823e-08    4.360036e-09 
As-76              1.354475e-99    1.000000e-99    1.070430e-99   2.840451e-100 
As-77              1.354475e-99    1.000000e-99    1.070430e-99   2.840451e-100 
As-78              1.354475e-99    1.000000e-99    1.070430e-99   2.840451e-100 
As-79              1.354475e-99    1.000000e-99    1.070430e-99   2.840451e-100 
As-80              1.354475e-99    1.000000e-99    1.070430e-99   2.840451e-100 
As-81              1.354475e-99    1.000000e-99    1.070430e-99   2.840451e-100 
Se-72              1.354475e-99    1.000000e-99    1.070430e-99   2.840451e-100 
Se-73              1.354475e-99    1.000000e-99    1.070430e-99   2.840451e-100 
Se-74              1.592259e-09    1.197888e-09    1.259809e-09    3.324499e-10 
Se-75              1.354475e-99    1.000000e-99    1.070430e-99   2.840451e-100 
Se-76              2.047341e-08    1.296136e-08    1.602693e-08    4.446482e-09 
Se-77              1.549874e-08    1.070490e-08    1.219598e-08    3.302763e-09 
Se-78              5.265214e-08    3.376317e-08    4.126166e-08    1.139048e-08 
Se-79              1.291566e-13    4.097865e-26    9.547711e-14    3.367948e-14 
Se-80              1.035228e-07    7.226298e-08    8.154077e-08    2.198198e-08 
Se-81              1.354475e-99    1.000000e-99    1.070430e-99   2.840451e-100 
Se-82              1.755554e-08    1.303649e-08    1.387922e-08    3.676325e-09 
Se-83              1.354475e-99    1.000000e-99    1.070430e-99   2.840451e-100 
Se-84              1.354475e-99    1.000000e-99    1.070430e-99   2.840451e-100 
Br-74              1.354475e-99    1.000000e-99    1.070430e-99   2.840451e-100 
Br-75              1.354475e-99    1.000000e-99    1.070430e-99   2.840451e-100 
Br-76              1.354475e-99    1.000000e-99    1.070430e-99   2.840451e-100 
Br-77              1.354475e-99    1.000000e-99    1.070430e-99   2.840451e-100 
Br-78              1.354475e-99    1.000000e-99    1.070430e-99   2.840451e-100 
Br-79              2.001206e-08    1.389306e-08    1.575385e-08    4.258212e-09 
Br-80              1.354475e-99    1.000000e-99    1.070430e-99   2.840451e-100 
Br-81              1.989830e-08    1.385920e-08    1.567320e-08    4.225094e-09 
Br-82              1.354475e-99    1.000000e-99    1.070430e-99   2.840451e-100 
Br-83              1.354475e-99    1.000000e-99    1.070430e-99   2.840451e-100 
Br-84              1.354475e-99    1.000000e-99    1.070430e-99   2.840451e-100 
Br-85              1.354475e-99    1.000000e-99    1.070430e-99   2.840451e-100 
Br-86              1.354475e-99    1.000000e-99    1.070430e-99   2.840451e-100 
Br-87              1.354475e-99    1.000000e-99    1.070430e-99   2.840451e-100 
Kr-76              1.354475e-99    1.000000e-99    1.070430e-99   2.840451e-100 
Kr-77              1.354475e-99    1.000000e-99    1.070430e-99   2.840451e-100 
Kr-78              5.183782e-10    3.900193e-10    4.101470e-10    1.082312e-10 
Kr-79              1.354475e-99    1.000000e-99    1.070430e-99   2.840451e-100 
Kr-80              3.666867e-09    2.574713e-09    2.890914e-09    7.759522e-10 
Kr-81              4.789185e-14    1.000000e-99    3.590991e-14    1.198194e-14 
Kr-82              2.195486e-08    1.319540e-08    1.716280e-08    4.792051e-09 
Kr-83              1.921419e-08    1.324168e-08    1.512583e-08    4.088368e-09 
Kr-84              9.816707e-08    6.601984e-08    7.717157e-08    2.099550e-08 
Kr-85              2.366151e-22    1.000000e-99    1.640686e-22    7.254651e-23 
Kr-86              3.125069e-08    2.044383e-08    2.451231e-08    6.738384e-09 
Kr-87              1.354475e-99    1.000000e-99    1.070430e-99   2.840451e-100 
Kr-88              1.354475e-99    1.000000e-99    1.070430e-99   2.840451e-100 
Kr-89              1.354475e-99    1.000000e-99    1.070430e-99   2.840451e-100 
Kr-90              1.354475e-99    1.000000e-99    1.070430e-99   2.840451e-100 
Rb-79              1.354475e-99    1.000000e-99    1.070430e-99   2.840451e-100 
Rb-80              1.354475e-99    1.000000e-99    1.070430e-99   2.840451e-100 
Rb-81              1.354475e-99    1.000000e-99    1.070430e-99   2.840451e-100 
Rb-82              1.354475e-99    1.000000e-99    1.070430e-99   2.840451e-100 
Rb-83              1.354475e-99    1.000000e-99    1.070430e-99   2.840451e-100 
Rb-84              1.354475e-99    1.000000e-99    1.070430e-99   2.840451e-100 
Rb-85              1.949548e-08    1.282422e-08    1.530295e-08    4.192533e-09 
Rb-86              1.354475e-99    1.000000e-99    1.070430e-99   2.840451e-100 
Rb-87              8.235009e-09    4.989853e-09    6.420358e-09    1.814651e-09 
Rb-88              1.354475e-99    1.000000e-99    1.070430e-99   2.840451e-100 
Rb-89              1.354475e-99    1.000000e-99    1.070430e-99   2.840451e-100 
Rb-90              1.354475e-99    1.000000e-99    1.070430e-99   2.840451e-100 
Rb-91              1.354475e-99    1.000000e-99    1.070430e-99   2.840451e-100 
Sr-80              1.354475e-99    1.000000e-99    1.070430e-99   2.840451e-100 
Sr-81              1.354475e-99    1.000000e-99    1.070430e-99   2.840451e-100 
Sr-82              1.354475e-99    1.000000e-99    1.070430e-99   2.840451e-100 
Sr-83              1.354475e-99    1.000000e-99    1.070430e-99   2.840451e-100 
Sr-84              4.289719e-10    3.227999e-10    3.394100e-10    8.956189e-11 
Sr-85              1.354475e-99    1.000000e-99    1.070430e-99   2.840451e-100 
Sr-86              1.146123e-08    5.844553e-09    8.903333e-09    2.557901e-09 
Sr-87              8.489483e-09    4.516023e-09    6.609127e-09    1.880356e-09 
Sr-88              1.075931e-07    5.010796e-08    8.328902e-08    2.430408e-08 
Sr-89              1.354475e-99    1.000000e-99    1.070430e-99   2.840451e-100 
Sr-90              2.853155e-20    1.000000e-99    2.030279e-20    8.228766e-21 
Sr-91              1.354475e-99    1.000000e-99    1.070430e-99   2.840451e-100 
Sr-92              1.354475e-99    1.000000e-99    1.070430e-99   2.840451e-100 
Sr-93              1.354475e-99    1.000000e-99    1.070430e-99   2.840451e-100 
Sr-94              1.354475e-99    1.000000e-99    1.070430e-99   2.840451e-100 
Y-85               1.354475e-99    1.000000e-99    1.070430e-99   2.840451e-100 
Y-86               1.354475e-99    1.000000e-99    1.070430e-99   2.840451e-100 
Y-87               1.354475e-99    1.000000e-99    1.070430e-99   2.840451e-100 
Y-88               1.354475e-99    1.000000e-99    1.070430e-99   2.840451e-100 
Y-89               2.776574e-08    1.229343e-08    2.144010e-08    6.325641e-09 
Y-90               7.258370e-24    1.000000e-99    5.164988e-24    2.093382e-24 
Y-91               1.354475e-99    1.000000e-99    1.070430e-99   2.840451e-100 
Y-92               1.354475e-99    1.000000e-99    1.070430e-99   2.840451e-100 
Y-93               1.354475e-99    1.000000e-99    1.070430e-99   2.840451e-100 
Y-94               1.354475e-99    1.000000e-99    1.070430e-99   2.840451e-100 
Y-95               1.354475e-99    1.000000e-99    1.070430e-99   2.840451e-100 
Y-96               1.354475e-99    1.000000e-99    1.070430e-99   2.840451e-100 
Zr-86              1.354475e-99    1.000000e-99    1.070430e-99   2.840451e-100 
Zr-87              1.354475e-99    1.000000e-99    1.070430e-99   2.840451e-100 
Zr-88              1.354475e-99    1.000000e-99    1.070430e-99   2.840451e-100 
Zr-89              1.354475e-99    1.000000e-99    1.070430e-99   2.840451e-100 
Zr-90              3.206690e-08    1.534361e-08    2.484181e-08    7.225087e-09 
Zr-91              7.763215e-09    3.384023e-09    5.989585e-09    1.773630e-09 
Zr-92              1.210845e-08    5.226772e-09    9.335466e-09    2.772981e-09 
Zr-93              4.063817e-12    1.000000e-99    3.021455e-12    1.042363e-12 
Zr-94              1.375216e-08    5.413280e-09    1.057499e-08    3.177167e-09 
Zr-95              1.354475e-99    1.000000e-99    1.070430e-99   2.840451e-100 
Zr-96              1.500513e-09    8.903423e-10    1.167623e-09    3.328895e-10 
Zr-97              1.354475e-99    1.000000e-99    1.070430e-99   2.840451e-100 
Zr-98              1.354475e-99    1.000000e-99    1.070430e-99   2.840451e-100 
Nb-89              1.354475e-99    1.000000e-99    1.070430e-99   2.840451e-100 
Nb-90              1.354475e-99    1.000000e-99    1.070430e-99   2.840451e-100 
Nb-91              1.354475e-99    1.000000e-99    1.070430e-99   2.840451e-100 
Nb-92              1.354475e-99    1.000000e-99    1.070430e-99   2.840451e-100 
Nb-93              4.389152e-09    1.900054e-09    3.383881e-09    1.005271e-09 
Nb-94              1.521575e-18    1.000000e-99    1.140216e-18    3.813594e-19 
Nb-95              1.354475e-99    1.000000e-99    1.070430e-99   2.840451e-100 
Nb-96              1.354475e-99    1.000000e-99    1.070430e-99   2.840451e-100 
Nb-97              1.354475e-99    1.000000e-99    1.070430e-99   2.840451e-100 
Nb-98              1.354475e-99    1.000000e-99    1.070430e-99   2.840451e-100 
Nb-99              1.354475e-99    1.000000e-99    1.070430e-99   2.840451e-100 
Mo-90              1.354475e-99    1.000000e-99    1.070430e-99   2.840451e-100 
Mo-91              1.354475e-99    1.000000e-99    1.070430e-99   2.840451e-100 
Mo-92              1.349617e-09    1.012496e-09    1.067663e-09    2.819545e-10 
Mo-93              5.683765e-18    1.000000e-99    4.244370e-18    1.439394e-18 
Mo-94              8.888612e-10    6.447522e-10    7.019641e-10    1.868971e-10 
Mo-95              2.394872e-09    1.121895e-09    1.850811e-09    5.440605e-10 
Mo-96              3.177073e-09    1.187505e-09    2.438756e-09    7.383172e-10 
Mo-97              1.443343e-09    6.875272e-10    1.117229e-09    3.261136e-10 
Mo-98              4.194437e-09    1.754359e-09    3.231993e-09    9.624433e-10 
Mo-99              1.354475e-99    1.000000e-99    1.070430e-99   2.840451e-100 
Mo-100             1.042004e-09    7.146065e-10    8.191876e-10    2.228164e-10 
Mo-101             1.354475e-99    1.000000e-99    1.070430e-99   2.840451e-100 
Mo-102             1.354475e-99    1.000000e-99    1.070430e-99   2.840451e-100 
Tc-93              1.354475e-99    1.000000e-99    1.070430e-99   2.840451e-100 
Tc-94              1.354475e-99    1.000000e-99    1.070430e-99   2.840451e-100 
Tc-95              1.354475e-99    1.000000e-99    1.070430e-99   2.840451e-100 
Tc-96              1.354475e-99    1.000000e-99    1.070430e-99   2.840451e-100 
Tc-97              2.769843e-16    1.000000e-99    2.090780e-16    6.790631e-17 
Tc-98              2.321752e-15    1.000000e-99    1.752820e-15    5.689317e-16 
Tc-99              7.550508e-14    1.000000e-99    5.619603e-14    1.930905e-14 
Tc-100             1.354475e-99    1.000000e-99    1.070430e-99   2.840451e-100 
Tc-101             1.354475e-99    1.000000e-99    1.070430e-99   2.840451e-100 
Tc-102             1.354475e-99    1.000000e-99    1.070430e-99   2.840451e-100 
Tc-103             1.354475e-99    1.000000e-99    1.070430e-99   2.840451e-100 
Tc-104             1.354475e-99    1.000000e-99    1.070430e-99   2.840451e-100 
Tc-105             1.354475e-99    1.000000e-99    1.070430e-99   2.840451e-100 
Ru-94              1.354475e-99    1.000000e-99    1.070430e-99   2.840451e-100 
Ru-95              1.354475e-99    1.000000e-99    1.070430e-99   2.840451e-100 
Ru-96              3.889959e-10    2.925638e-10    3.077724e-10    8.122353e-11 
Ru-97              1.354475e-99    1.000000e-99    1.070430e-99   2.840451e-100 
Ru-98              1.343276e-10    1.007098e-10    1.062614e-10    2.806625e-11 
Ru-99              1.178406e-09    6.945400e-10    9.204132e-10    2.579924e-10 
Ru-100             1.802400e-09    6.927902e-10    1.385292e-09    4.171080e-10 
Ru-101             1.456591e-09    9.475089e-10    1.143244e-09    3.133468e-10 
Ru-102             3.606049e-09    1.769736e-09    2.794638e-09    8.114113e-10 
Ru-103             1.354475e-99    1.000000e-99    1.070430e-99   2.840451e-100 
Ru-104             1.489800e-09    1.064926e-09    1.174582e-09    3.152186e-10 
Ru-105             1.354475e-99    1.000000e-99    1.070430e-99   2.840451e-100 
Ru-106             1.354475e-99    1.000000e-99    1.070430e-99   2.840451e-100 
Rh-98              1.354475e-99    1.000000e-99    1.070430e-99   2.840451e-100 
Rh-99              1.354475e-99    1.000000e-99    1.070430e-99   2.840451e-100 
Rh-100             1.354475e-99    1.000000e-99    1.070430e-99   2.840451e-100 
Rh-101             1.354475e-99    1.000000e-99    1.070430e-99   2.840451e-100 
Rh-102             1.354475e-99    1.000000e-99    1.070430e-99   2.840451e-100 
Rh-103             1.625949e-09    1.054679e-09    1.275968e-09    3.499810e-10 
Rh-104             1.354475e-99    1.000000e-99    1.070430e-99   2.840451e-100 
Rh-105             1.354475e-99    1.000000e-99    1.070430e-99   2.840451e-100 
Rh-106             1.354475e-99    1.000000e-99    1.070430e-99   2.840451e-100 
Rh-107             1.354475e-99    1.000000e-99    1.070430e-99   2.840451e-100 
Rh-108             1.354475e-99    1.000000e-99    1.070430e-99   2.840451e-100 
Pd-99              1.354475e-99    1.000000e-99    1.070430e-99   2.840451e-100 
Pd-100             1.354475e-99    1.000000e-99    1.070430e-99   2.840451e-100 
Pd-101             1.354475e-99    1.000000e-99    1.070430e-99   2.840451e-100 
Pd-102             5.636058e-11    4.241146e-11    4.459348e-11    1.176710e-11 
Pd-103             1.354475e-99    1.000000e-99    1.070430e-99   2.840451e-100 
Pd-104             1.276989e-09    4.722820e-10    9.803627e-10    2.966262e-10 
Pd-105             1.444951e-09    9.557865e-10    1.135093e-09    3.098576e-10 
Pd-106             2.367019e-09    1.180942e-09    1.835696e-09    5.313231e-10 
Pd-107             1.420482e-12    1.000000e-99    1.057877e-12    3.626047e-13 
Pd-108             2.559387e-09    1.164921e-09    1.978065e-09    5.813220e-10 
Pd-109             1.354475e-99    1.000000e-99    1.070430e-99   2.840451e-100 
Pd-110             7.858806e-10    5.255369e-10    6.168512e-10    1.690294e-10 
Pd-111             1.354475e-99    1.000000e-99    1.070430e-99   2.840451e-100 
Pd-112             1.354475e-99    1.000000e-99    1.070430e-99   2.840451e-100 
Ag-101             1.354475e-99    1.000000e-99    1.070430e-99   2.840451e-100 
Ag-102             1.354475e-99    1.000000e-99    1.070430e-99   2.840451e-100 
Ag-103             1.354475e-99    1.000000e-99    1.070430e-99   2.840451e-100 
Ag-104             1.354475e-99    1.000000e-99    1.070430e-99   2.840451e-100 
Ag-105             1.354475e-99    1.000000e-99    1.070430e-99   2.840451e-100 
Ag-106             1.354475e-99    1.000000e-99    1.070430e-99   2.840451e-100 
Ag-107             1.196747e-09    7.840161e-10    9.396853e-10    2.570618e-10 
Ag-108             1.354475e-99    1.000000e-99    1.070430e-99   2.840451e-100 
Ag-109             1.280243e-09    7.419986e-10    9.992905e-10    2.809528e-10 
Ag-110             1.354475e-99    1.000000e-99    1.070430e-99   2.840451e-100 
Ag-111             1.354475e-99    1.000000e-99    1.070430e-99   2.840451e-100 
Ag-112             1.354475e-99    1.000000e-99    1.070430e-99   2.840451e-100 
Ag-113             1.354475e-99    1.000000e-99    1.070430e-99   2.840451e-100 
Cd-102             1.354475e-99    1.000000e-99    1.070430e-99   2.840451e-100 
Cd-103             1.354475e-99    1.000000e-99    1.070430e-99   2.840451e-100 
Cd-104             1.354475e-99    1.000000e-99    1.070430e-99   2.840451e-100 
Cd-105             1.354475e-99    1.000000e-99    1.070430e-99   2.840451e-100 
Cd-106             8.434300e-11    6.345981e-11    6.673325e-11    1.760975e-11 
Cd-107             1.354475e-99    1.000000e-99    1.070430e-99   2.840451e-100 
Cd-108             6.310132e-11    4.603590e-11    4.985315e-11    1.324817e-11 
Cd-109             1.354475e-99    1.000000e-99    1.070430e-99   2.840451e-100 
Cd-110             1.701601e-09    6.580184e-10    1.308330e-09    3.932715e-10 
Cd-111             1.193044e-09    6.804807e-10    9.305126e-10    2.625319e-10 
Cd-112             2.840547e-09    1.294369e-09    2.195346e-09    6.452006e-10 
Cd-113             1.206355e-09    6.613517e-10    9.392592e-10    2.670963e-10 
Cd-114             3.743815e-09    1.568640e-09    2.884831e-09    8.589837e-10 
Cd-115             1.354475e-99    1.000000e-99    1.070430e-99   2.840451e-100 
Cd-116             7.219811e-10    4.161239e-10    5.614147e-10    1.605664e-10 
Cd-117             1.354475e-99    1.000000e-99    1.070430e-99   2.840451e-100 
Cd-118             1.354475e-99    1.000000e-99    1.070430e-99   2.840451e-100 
In-106             1.354475e-99    1.000000e-99    1.070430e-99   2.840451e-100 
In-107             1.354475e-99    1.000000e-99    1.070430e-99   2.840451e-100 
In-108             1.354475e-99    1.000000e-99    1.070430e-99   2.840451e-100 
In-109             1.354475e-99    1.000000e-99    1.070430e-99   2.840451e-100 
In-110             1.354475e-99    1.000000e-99    1.070430e-99   2.840451e-100 
In-111             1.354475e-99    1.000000e-99    1.070430e-99   2.840451e-100 
In-112             1.354475e-99    1.000000e-99    1.070430e-99   2.840451e-100 
In-113             3.464073e-11    2.603856e-11    2.740690e-11    7.233826e-12 
In-114             1.354475e-99    1.000000e-99    1.070430e-99   2.840451e-100 
In-115             1.120111e-09    5.914887e-10    8.705783e-10    2.495327e-10 
In-116             1.354475e-99    1.000000e-99    1.070430e-99   2.840451e-100 
In-117             1.354475e-99    1.000000e-99    1.070430e-99   2.840451e-100 
In-118             1.354475e-99    1.000000e-99    1.070430e-99   2.840451e-100 
In-119             1.354475e-99    1.000000e-99    1.070430e-99   2.840451e-100 
Sn-108             1.354475e-99    1.000000e-99    1.070430e-99   2.840451e-100 
Sn-109             1.354475e-99    1.000000e-99    1.070430e-99   2.840451e-100 
Sn-110             1.354475e-99    1.000000e-99    1.070430e-99   2.840451e-100 
Sn-111             1.354475e-99    1.000000e-99    1.070430e-99   2.840451e-100 
Sn-112             1.623453e-10    1.221013e-10    1.284472e-10    3.389814e-11 
Sn-113             1.354475e-99    1.000000e-99    1.070430e-99   2.840451e-100 
Sn-114             1.126877e-10    8.434768e-11    8.913527e-11    2.355244e-11 
Sn-115             5.846676e-11    4.377132e-11    4.624705e-11    1.221971e-11 
Sn-116             4.619654e-09    1.893153e-09    3.557783e-09    1.061871e-09 
Sn-117             2.026714e-09    1.008332e-09    1.571343e-09    4.553704e-10 
Sn-118             7.573793e-09    3.209171e-09    5.835208e-09    1.738584e-09 
Sn-119             2.521770e-09    1.147018e-09    1.947769e-09    5.740011e-10 
Sn-120             1.089794e-08    4.391253e-09    8.378309e-09    2.519630e-09 
Sn-121             1.354475e-99    1.000000e-99    1.070430e-99   2.840451e-100 
Sn-122             1.252880e-09    6.340593e-10    9.676609e-10    2.852191e-10 
Sn-123             1.354475e-99    1.000000e-99    1.070430e-99   2.840451e-100 
Sn-124             1.084670e-09    8.059500e-10    8.575264e-10    2.271433e-10 
Sn-125             1.354475e-99    1.000000e-99    1.070430e-99   2.840451e-100 
Sn-126             5.769348e-19    1.000000e-99    4.145821e-19    1.623527e-19 
Sn-127             1.354475e-99    1.000000e-99    1.070430e-99   2.840451e-100 
Sn-128             1.354475e-99    1.000000e-99    1.070430e-99   2.840451e-100 
Sn-129             1.354475e-99    1.000000e-99    1.070430e-99   2.840451e-100 
Sn-130             1.354475e-99    1.000000e-99    1.070430e-99   2.840451e-100 
Sb-112             1.354475e-99    1.000000e-99    1.070430e-99   2.840451e-100 
Sb-113             1.354475e-99    1.000000e-99    1.070430e-99   2.840451e-100 
Sb-114             1.354475e-99    1.000000e-99    1.070430e-99   2.840451e-100 
Sb-115             1.354475e-99    1.000000e-99    1.070430e-99   2.840451e-100 
Sb-116             1.354475e-99    1.000000e-99    1.070430e-99   2.840451e-100 
Sb-117             1.354475e-99    1.000000e-99    1.070430e-99   2.840451e-100 
Sb-118             1.354475e-99    1.000000e-99    1.070430e-99   2.840451e-100 
Sb-119             1.354475e-99    1.000000e-99    1.070430e-99   2.840451e-100 
Sb-120             1.354475e-99    1.000000e-99    1.070430e-99   2.840451e-100 
Sb-121             1.242547e-09    6.317758e-10    9.634952e-10    2.790517e-10 
Sb-122             1.354475e-99    1.000000e-99    1.070430e-99   2.840451e-100 
Sb-123             7.150765e-10    4.802946e-10    5.615075e-10    1.535690e-10 
Sb-124             1.354475e-99    1.000000e-99    1.070430e-99   2.840451e-100 
Sb-125             1.354475e-99    1.000000e-99    1.070430e-99   2.840451e-100 
Sb-126             3.285173e-25    1.000000e-99    2.360694e-25    9.244791e-26 
Sb-127             1.354475e-99    1.000000e-99    1.070430e-99   2.840451e-100 
Sb-128             1.354475e-99    1.000000e-99    1.070430e-99   2.840451e-100 
Sb-129             1.354475e-99    1.000000e-99    1.070430e-99   2.840451e-100 
Sb-130             1.354475e-99    1.000000e-99    1.070430e-99   2.840451e-100 
Sb-131             1.354475e-99    1.000000e-99    1.070430e-99   2.840451e-100 
Sb-132             1.354475e-99    1.000000e-99    1.070430e-99   2.840451e-100 
Sb-133             1.354475e-99    1.000000e-99    1.070430e-99   2.840451e-100 
Te-114             1.354475e-99    1.000000e-99    1.070430e-99   2.840451e-100 
Te-115             1.354475e-99    1.000000e-99    1.070430e-99   2.840451e-100 
Te-116             1.354475e-99    1.000000e-99    1.070430e-99   2.840451e-100 
Te-117             1.354475e-99    1.000000e-99    1.070430e-99   2.840451e-100 
Te-118             1.354475e-99    1.000000e-99    1.070430e-99   2.840451e-100 
Te-119             1.354475e-99    1.000000e-99    1.070430e-99   2.840451e-100 
Te-120             2.163563e-11    1.628304e-11    1.711859e-11    4.517042e-12 
Te-121             1.354475e-99    1.000000e-99    1.070430e-99   2.840451e-100 
Te-122             1.202241e-09    4.488662e-10    9.222909e-10    2.799505e-10 
Te-123             4.185766e-10    1.578519e-10    3.212907e-10    9.728584e-11 
Te-124             2.353628e-09    8.440945e-10    1.803192e-09    5.504361e-10 
Te-125             2.086223e-09    1.261335e-09    1.631049e-09    4.551742e-10 
Te-126             6.855124e-09    3.375270e-09    5.310430e-09    1.544694e-09 
Te-127             1.354475e-99    1.000000e-99    1.070430e-99   2.840451e-100 
Te-128             7.896569e-09    5.732895e-09    6.234447e-09    1.662123e-09 
Te-129             1.354475e-99    1.000000e-99    1.070430e-99   2.840451e-100 
Te-130             8.345612e-09    6.210550e-09    6.598858e-09    1.746754e-09 
Te-131             1.354475e-99    1.000000e-99    1.070430e-99   2.840451e-100 
Te-132             1.354475e-99    1.000000e-99    1.070430e-99   2.840451e-100 
Te-133             1.354475e-99    1.000000e-99    1.070430e-99   2.840451e-100 
Te-134             1.354475e-99    1.000000e-99    1.070430e-99   2.840451e-100 
I-117              1.354475e-99    1.000000e-99    1.070430e-99   2.840451e-100 
I-118              1.354475e-99    1.000000e-99    1.070430e-99   2.840451e-100 
I-119              1.354475e-99    1.000000e-99    1.070430e-99   2.840451e-100 
I-120              1.354475e-99    1.000000e-99    1.070430e-99   2.840451e-100 
I-121              1.354475e-99    1.000000e-99    1.070430e-99   2.840451e-100 
I-122              1.354475e-99    1.000000e-99    1.070430e-99   2.840451e-100 
I-123              1.354475e-99    1.000000e-99    1.070430e-99   2.840451e-100 
I-124              1.354475e-99    1.000000e-99    1.070430e-99   2.840451e-100 
I-125              1.354475e-99    1.000000e-99    1.070430e-99   2.840451e-100 
I-126              1.354475e-99    1.000000e-99    1.070430e-99   2.840451e-100 
I-127              2.252434e-09    1.459105e-09    1.767124e-09    4.853096e-10 
I-128              1.354475e-99    1.000000e-99    1.070430e-99   2.840451e-100 
I-129              1.305962e-13    1.000000e-99    9.665299e-14    3.394325e-14 
I-130              1.354475e-99    1.000000e-99    1.070430e-99   2.840451e-100 
I-131              1.354475e-99    1.000000e-99    1.070430e-99   2.840451e-100 
I-132              1.354475e-99    1.000000e-99    1.070430e-99   2.840451e-100 
I-133              1.354475e-99    1.000000e-99    1.070430e-99   2.840451e-100 
I-134              1.354475e-99    1.000000e-99    1.070430e-99   2.840451e-100 
I-135              1.354475e-99    1.000000e-99    1.070430e-99   2.840451e-100 
Xe-118             1.354475e-99    1.000000e-99    1.070430e-99   2.840451e-100 
Xe-119             1.354475e-99    1.000000e-99    1.070430e-99   2.840451e-100 
Xe-120             1.354475e-99    1.000000e-99    1.070430e-99   2.840451e-100 
Xe-121             1.354475e-99    1.000000e-99    1.070430e-99   2.840451e-100 
Xe-122             1.354475e-99    1.000000e-99    1.070430e-99   2.840451e-100 
Xe-123             1.354475e-99    1.000000e-99    1.070430e-99   2.840451e-100 
Xe-124             2.935675e-11    2.209501e-11    2.322775e-11    6.129000e-12 
Xe-125             1.354475e-99    1.000000e-99    1.070430e-99   2.840451e-100 
Xe-126             2.591150e-11    1.949268e-11    2.050135e-11    5.410145e-12 
Xe-127             1.354475e-99    1.000000e-99    1.070430e-99   2.840451e-100 
Xe-128             1.257771e-09    3.942736e-10    9.601496e-10    2.976210e-10 
Xe-129             6.820205e-09    4.892977e-09    5.381065e-09    1.439140e-09 
Xe-130             2.653542e-09    7.865029e-10    2.023432e-09    6.301097e-10 
Xe-131             5.869811e-09    3.944670e-09    4.614574e-09    1.255236e-09 
Xe-132             9.660658e-09    4.806204e-09    7.487445e-09    2.173213e-09 
Xe-133             1.354475e-99    1.000000e-99    1.070430e-99   2.840451e-100 
Xe-134             2.651472e-09    1.787989e-09    2.081132e-09    5.703406e-10 
Xe-135             1.354475e-99    1.000000e-99    1.070430e-99   2.840451e-100 
Xe-136             2.001856e-09    1.478416e-09    1.582061e-09    4.197950e-10 
Xe-137             1.354475e-99    1.000000e-99    1.070430e-99   2.840451e-100 
Xe-138             1.354475e-99    1.000000e-99    1.070430e-99   2.840451e-100 
Cs-123             1.354475e-99    1.000000e-99    1.070430e-99   2.840451e-100 
Cs-124             1.354475e-99    1.000000e-99    1.070430e-99   2.840451e-100 
Cs-125             1.354475e-99    1.000000e-99    1.070430e-99   2.840451e-100 
Cs-126             1.354475e-99    1.000000e-99    1.070430e-99   2.840451e-100 
Cs-127             1.354475e-99    1.000000e-99    1.070430e-99   2.840451e-100 
Cs-128             1.354475e-99    1.000000e-99    1.070430e-99   2.840451e-100 
Cs-129             1.354475e-99    1.000000e-99    1.070430e-99   2.840451e-100 
Cs-130             1.354475e-99    1.000000e-99    1.070430e-99   2.840451e-100 
Cs-131             1.354475e-99    1.000000e-99    1.070430e-99   2.840451e-100 
Cs-132             1.354475e-99    1.000000e-99    1.070430e-99   2.840451e-100 
Cs-133             2.358095e-09    1.426049e-09    1.843406e-09    5.146882e-10 
Cs-134             1.354475e-99    1.000000e-99    1.070430e-99   2.840451e-100 
Cs-135             9.625619e-13    1.000000e-99    7.089858e-13    2.535761e-13 
Cs-136             1.354475e-99    1.000000e-99    1.070430e-99   2.840451e-100 
Cs-137             3.622852e-20    1.000000e-99    2.559782e-20    1.063069e-20 
Cs-138             1.354475e-99    1.000000e-99    1.070430e-99   2.840451e-100 
Cs-139             1.354475e-99    1.000000e-99    1.070430e-99   2.840451e-100 
Ba-124             1.354475e-99    1.000000e-99    1.070430e-99   2.840451e-100 
Ba-125             1.354475e-99    1.000000e-99    1.070430e-99   2.840451e-100 
Ba-126             1.354475e-99    1.000000e-99    1.070430e-99   2.840451e-100 
Ba-127             1.354475e-99    1.000000e-99    1.070430e-99   2.840451e-100 
Ba-128             1.354475e-99    1.000000e-99    1.070430e-99   2.840451e-100 
Ba-129             1.354475e-99    1.000000e-99    1.070430e-99   2.840451e-100 
Ba-130             2.410551e-11    1.814312e-11    1.907286e-11    5.032648e-12 
Ba-131             1.354475e-99    1.000000e-99    1.070430e-99   2.840451e-100 
Ba-132             2.342011e-11    1.762128e-11    1.853029e-11    4.889825e-12 
Ba-133             1.354475e-99    1.000000e-99    1.070430e-99   2.840451e-100 
Ba-134             1.610112e-09    4.272326e-10    1.225430e-09    3.846815e-10 
Ba-135             2.207801e-09    1.173907e-09    1.714610e-09    4.931907e-10 
Ba-136             5.118216e-09    1.408826e-09    3.894393e-09    1.223824e-09 
Ba-137             5.373167e-09    2.029834e-09    4.120189e-09    1.252977e-09 
Ba-138             4.322191e-08    1.305194e-08    3.288436e-08    1.033755e-08 
Ba-139             1.354475e-99    1.000000e-99    1.070430e-99   2.840451e-100 
Ba-140             1.354475e-99    1.000000e-99    1.070430e-99   2.840451e-100 
Ba-141             1.354475e-99    1.000000e-99    1.070430e-99   2.840451e-100 
Ba-142             1.354475e-99    1.000000e-99    1.070430e-99   2.840451e-100 
La-127             1.354475e-99    1.000000e-99    1.070430e-99   2.840451e-100 
La-128             1.354475e-99    1.000000e-99    1.070430e-99   2.840451e-100 
La-129             1.354475e-99    1.000000e-99    1.070430e-99   2.840451e-100 
La-130             1.354475e-99    1.000000e-99    1.070430e-99   2.840451e-100 
La-131             1.354475e-99    1.000000e-99    1.070430e-99   2.840451e-100 
La-132             1.354475e-99    1.000000e-99    1.070430e-99   2.840451e-100 
La-133             1.354475e-99    1.000000e-99    1.070430e-99   2.840451e-100 
La-134             1.354475e-99    1.000000e-99    1.070430e-99   2.840451e-100 
La-135             1.354475e-99    1.000000e-99    1.070430e-99   2.840451e-100 
La-136             1.354475e-99    1.000000e-99    1.070430e-99   2.840451e-100 
La-137             4.920712e-20    1.000000e-99    3.690697e-20    1.230015e-20 
La-138             2.112095e-12    1.603122e-12    1.671109e-12    4.409857e-13 
La-139             5.252244e-09    1.790218e-09    4.008886e-09    1.243358e-09 
La-140             1.354475e-99    1.000000e-99    1.070430e-99   2.840451e-100 
La-141             1.354475e-99    1.000000e-99    1.070430e-99   2.840451e-100 
La-142             1.354475e-99    1.000000e-99    1.070430e-99   2.840451e-100 
La-143             1.354475e-99    1.000000e-99    1.070430e-99   2.840451e-100 
Ce-130             1.354475e-99    1.000000e-99    1.070430e-99   2.840451e-100 
Ce-131             1.354475e-99    1.000000e-99    1.070430e-99   2.840451e-100 
Ce-132             1.354475e-99    1.000000e-99    1.070430e-99   2.840451e-100 
Ce-133             1.354475e-99    1.000000e-99    1.070430e-99   2.840451e-100 
Ce-134             1.354475e-99    1.000000e-99    1.070430e-99   2.840451e-100 
Ce-135             1.354475e-99    1.000000e-99    1.070430e-99   2.840451e-100 
Ce-136             1.114018e-11    8.381751e-12    8.814246e-12    2.325934e-12 
Ce-137             1.354475e-99    1.000000e-99    1.070430e-99   2.840451e-100 
Ce-138             1.527447e-11    1.147744e-11    1.208479e-11    3.189680e-12 
Ce-139             1.354475e-99    1.000000e-99    1.070430e-99   2.840451e-100 
Ce-140             1.241835e-08    4.103022e-09    9.472296e-09    2.946053e-09 
Ce-141             1.354475e-99    1.000000e-99    1.070430e-99   2.840451e-100 
Ce-142             8.447995e-10    5.229277e-10    6.587946e-10    1.860049e-10 
Ce-143             1.354475e-99    1.000000e-99    1.070430e-99   2.840451e-100 
Ce-144             1.354475e-99    1.000000e-99    1.070430e-99   2.840451e-100 
Ce-145             1.354475e-99    1.000000e-99    1.070430e-99   2.840451e-100 
Ce-146             1.354475e-99    1.000000e-99    1.070430e-99   2.840451e-100 
Pr-133             1.354475e-99    1.000000e-99    1.070430e-99   2.840451e-100 
Pr-134             1.354475e-99    1.000000e-99    1.070430e-99   2.840451e-100 
Pr-135             1.354475e-99    1.000000e-99    1.070430e-99   2.840451e-100 
Pr-136             1.354475e-99    1.000000e-99    1.070430e-99   2.840451e-100 
Pr-137             1.354475e-99    1.000000e-99    1.070430e-99   2.840451e-100 
Pr-138             1.354475e-99    1.000000e-99    1.070430e-99   2.840451e-100 
Pr-139             1.354475e-99    1.000000e-99    1.070430e-99   2.840451e-100 
Pr-140             1.354475e-99    1.000000e-99    1.070430e-99   2.840451e-100 
Pr-141             1.606285e-09    6.910381e-10    1.235081e-09    3.712040e-10 
Pr-142             1.354475e-99    1.000000e-99    1.070430e-99   2.840451e-100 
Pr-143             1.354475e-99    1.000000e-99    1.070430e-99   2.840451e-100 
Pr-144             1.354475e-99    1.000000e-99    1.070430e-99   2.840451e-100 
Pr-145             1.354475e-99    1.000000e-99    1.070430e-99   2.840451e-100 
Pr-146             1.354475e-99    1.000000e-99    1.070430e-99   2.840451e-100 
Pr-147             1.354475e-99    1.000000e-99    1.070430e-99   2.840451e-100 
Pr-148             1.354475e-99    1.000000e-99    1.070430e-99   2.840451e-100 
Pr-149             1.354475e-99    1.000000e-99    1.070430e-99   2.840451e-100 
Nd-134             1.354475e-99    1.000000e-99    1.070430e-99   2.840451e-100 
Nd-135             1.354475e-99    1.000000e-99    1.070430e-99   2.840451e-100 
Nd-136             1.354475e-99    1.000000e-99    1.070430e-99   2.840451e-100 
Nd-137             1.354475e-99    1.000000e-99    1.070430e-99   2.840451e-100 
Nd-138             1.354475e-99    1.000000e-99    1.070430e-99   2.840451e-100 
Nd-139             1.354475e-99    1.000000e-99    1.070430e-99   2.840451e-100 
Nd-140             1.354475e-99    1.000000e-99    1.070430e-99   2.840451e-100 
Nd-141             1.354475e-99    1.000000e-99    1.070430e-99   2.840451e-100 
Nd-142             2.956681e-09    9.919756e-10    2.256378e-09    7.003035e-10 
Nd-143             8.582934e-10    4.483556e-10    6.653934e-10    1.929000e-10 
Nd-144             1.975798e-09    8.826112e-10    1.520861e-09    4.549370e-10 
Nd-145             5.602480e-10    3.095487e-10    4.353876e-10    1.248604e-10 
Nd-146             1.551736e-09    6.447718e-10    1.191055e-09    3.606802e-10 
Nd-147             1.354475e-99    1.000000e-99    1.070430e-99   2.840451e-100 
Nd-148             3.825233e-10    2.185025e-10    2.971995e-10    8.532380e-11 
Nd-149             1.354475e-99    1.000000e-99    1.070430e-99   2.840451e-100 
Nd-150             2.890880e-10    2.168256e-10    2.286711e-10    6.041687e-11 
Nd-151             1.354475e-99    1.000000e-99    1.070430e-99   2.840451e-100 
Nd-152             1.354475e-99    1.000000e-99    1.070430e-99   2.840451e-100 
Pm-137             1.354475e-99    1.000000e-99    1.070430e-99   2.840451e-100 
Pm-138             1.354475e-99    1.000000e-99    1.070430e-99   2.840451e-100 
Pm-139             1.354475e-99    1.000000e-99    1.070430e-99   2.840451e-100 
Pm-140             1.354475e-99    1.000000e-99    1.070430e-99   2.840451e-100 
Pm-141             1.354475e-99    1.000000e-99    1.070430e-99   2.840451e-100 
Pm-142             1.354475e-99    1.000000e-99    1.070430e-99   2.840451e-100 
Pm-143             1.354475e-99    1.000000e-99    1.070430e-99   2.840451e-100 
Pm-144             1.354475e-99    1.000000e-99    1.070430e-99   2.840451e-100 
Pm-145             1.366099e-25    1.000000e-99    9.744618e-26    3.916370e-26 
Pm-146             1.354475e-99    1.000000e-99    1.070430e-99   2.840451e-100 
Pm-147             1.354475e-99    1.000000e-99    1.070430e-99   2.840451e-100 
Pm-148             1.354475e-99    1.000000e-99    1.070430e-99   2.840451e-100 
Pm-149             1.354475e-99    1.000000e-99    1.070430e-99   2.840451e-100 
Pm-150             1.354475e-99    1.000000e-99    1.070430e-99   2.840451e-100 
Pm-151             1.354475e-99    1.000000e-99    1.070430e-99   2.840451e-100 
Pm-152             1.354475e-99    1.000000e-99    1.070430e-99   2.840451e-100 
Pm-153             1.354475e-99    1.000000e-99    1.070430e-99   2.840451e-100 
Pm-154             1.354475e-99    1.000000e-99    1.070430e-99   2.840451e-100 
Sm-140             1.354475e-99    1.000000e-99    1.070430e-99   2.840451e-100 
Sm-141             1.354475e-99    1.000000e-99    1.070430e-99   2.840451e-100 
Sm-142             1.354475e-99    1.000000e-99    1.070430e-99   2.840451e-100 
Sm-143             1.354475e-99    1.000000e-99    1.070430e-99   2.840451e-100 
Sm-144             4.906841e-11    3.683532e-11    3.881879e-11    1.024963e-11 
Sm-145             1.354475e-99    1.000000e-99    1.070430e-99   2.840451e-100 
Sm-146             4.253395e-14    1.000000e-99    3.174822e-14    1.078573e-14 
Sm-147             3.260241e-10    1.834427e-10    2.535799e-10    7.244426e-11 
Sm-148             3.339147e-10    1.384631e-10    2.567096e-10    7.720509e-11 
Sm-149             2.587219e-10    1.713731e-10    2.030726e-10    5.564927e-11 
Sm-150             2.611616e-10    9.213125e-11    1.993816e-10    6.177997e-11 
Sm-151             2.696039e-19    1.000000e-99    1.971688e-19    7.243516e-20 
Sm-152             5.712052e-10    3.383156e-10    4.455424e-10    1.256629e-10 
Sm-153             1.354475e-99    1.000000e-99    1.070430e-99   2.840451e-100 
Sm-154             4.277800e-10    2.916240e-10    3.360702e-10    9.170984e-11 
Sm-155             1.354475e-99    1.000000e-99    1.070430e-99   2.840451e-100 
Sm-156             1.354475e-99    1.000000e-99    1.070430e-99   2.840451e-100 
Sm-157             1.354475e-99    1.000000e-99    1.070430e-99   2.840451e-100 
Sm-158             1.354475e-99    1.000000e-99    1.070430e-99   2.840451e-100 
Eu-143             1.354475e-99    1.000000e-99    1.070430e-99   2.840451e-100 
Eu-144             1.354475e-99    1.000000e-99    1.070430e-99   2.840451e-100 
Eu-145             1.354475e-99    1.000000e-99    1.070430e-99   2.840451e-100 
Eu-146             1.354475e-99    1.000000e-99    1.070430e-99   2.840451e-100 
Eu-147             1.354475e-99    1.000000e-99    1.070430e-99   2.840451e-100 
Eu-148             1.354475e-99    1.000000e-99    1.070430e-99   2.840451e-100 
Eu-149             1.354475e-99    1.000000e-99    1.070430e-99   2.840451e-100 
Eu-150             1.354475e-99    1.000000e-99    1.070430e-99   2.840451e-100 
Eu-151             2.910949e-10    2.036004e-10    2.292407e-10    6.185421e-11 
Eu-152             3.047716e-27    1.000000e-99    2.128721e-27    9.189946e-28 
Eu-153             3.228687e-10    2.251965e-10    2.542095e-10    6.865911e-11 
Eu-154             1.100640e-26    1.000000e-99    7.500547e-27    3.505850e-27 
Eu-155             1.354475e-99    1.000000e-99    1.070430e-99   2.840451e-100 
Eu-156             1.354475e-99    1.000000e-99    1.070430e-99   2.840451e-100 
Eu-157             1.354475e-99    1.000000e-99    1.070430e-99   2.840451e-100 
Eu-158             1.354475e-99    1.000000e-99    1.070430e-99   2.840451e-100 
Eu-159             1.354475e-99    1.000000e-99    1.070430e-99   2.840451e-100 
Gd-144             1.354475e-99    1.000000e-99    1.070430e-99   2.840451e-100 
Gd-145             1.354475e-99    1.000000e-99    1.070430e-99   2.840451e-100 
Gd-146             1.354475e-99    1.000000e-99    1.070430e-99   2.840451e-100 
Gd-147             1.354475e-99    1.000000e-99    1.070430e-99   2.840451e-100 
Gd-148             1.354475e-99    1.000000e-99    1.070430e-99   2.840451e-100 
Gd-149             1.354475e-99    1.000000e-99    1.070430e-99   2.840451e-100 
Gd-150             1.354475e-99    1.000000e-99    1.070430e-99   2.840451e-100 
Gd-151             1.354475e-99    1.000000e-99    1.070430e-99   2.840451e-100 
Gd-152             5.549167e-12    2.947193e-12    4.307941e-12    1.241227e-12 
Gd-153             1.354475e-99    1.000000e-99    1.070430e-99   2.840451e-100 
Gd-154             8.922711e-11    3.209515e-11    6.817900e-11    2.104811e-11 
Gd-155             3.195676e-10    2.192151e-10    2.513126e-10    6.825501e-11 
Gd-156             5.014481e-10    3.051047e-10    3.916214e-10    1.098267e-10 
Gd-157             3.563717e-10    2.348264e-10    2.795975e-10    7.677422e-11 
Gd-158             6.691283e-10    3.749720e-10    5.203551e-10    1.487731e-10 
Gd-159             1.354475e-99    1.000000e-99    1.070430e-99   2.840451e-100 
Gd-160             4.701625e-10    3.342894e-10    3.704182e-10    9.974434e-11 
Gd-161             1.354475e-99    1.000000e-99    1.070430e-99   2.840451e-100 
Gd-162             1.354475e-99    1.000000e-99    1.070430e-99   2.840451e-100 
Tb-147             1.354475e-99    1.000000e-99    1.070430e-99   2.840451e-100 
Tb-148             1.354475e-99    1.000000e-99    1.070430e-99   2.840451e-100 
Tb-149             1.354475e-99    1.000000e-99    1.070430e-99   2.840451e-100 
Tb-150             1.354475e-99    1.000000e-99    1.070430e-99   2.840451e-100 
Tb-151             1.354475e-99    1.000000e-99    1.070430e-99   2.840451e-100 
Tb-152             1.354475e-99    1.000000e-99    1.070430e-99   2.840451e-100 
Tb-153             1.354475e-99    1.000000e-99    1.070430e-99   2.840451e-100 
Tb-154             1.354475e-99    1.000000e-99    1.070430e-99   2.840451e-100 
Tb-155             1.354475e-99    1.000000e-99    1.070430e-99   2.840451e-100 
Tb-156             1.354475e-99    1.000000e-99    1.070430e-99   2.840451e-100 
Tb-157             2.695411e-21    1.000000e-99    1.980910e-21    7.145016e-22 
Tb-158             9.662160e-22    1.000000e-99    7.109848e-22    2.552312e-22 
Tb-159             4.054331e-10    2.764904e-10    3.187616e-10    8.667150e-11 
Tb-160             1.354475e-99    1.000000e-99    1.070430e-99   2.840451e-100 
Tb-161             1.354475e-99    1.000000e-99    1.070430e-99   2.840451e-100 
Tb-162             1.354475e-99    1.000000e-99    1.070430e-99   2.840451e-100 
Tb-163             1.354475e-99    1.000000e-99    1.070430e-99   2.840451e-100 
Tb-164             1.354475e-99    1.000000e-99    1.070430e-99   2.840451e-100 
Tb-165             1.354475e-99    1.000000e-99    1.070430e-99   2.840451e-100 
Dy-148             1.354475e-99    1.000000e-99    1.070430e-99   2.840451e-100 
Dy-149             1.354475e-99    1.000000e-99    1.070430e-99   2.840451e-100 
Dy-150             1.354475e-99    1.000000e-99    1.070430e-99   2.840451e-100 
Dy-151             1.354475e-99    1.000000e-99    1.070430e-99   2.840451e-100 
Dy-152             1.354475e-99    1.000000e-99    1.070430e-99   2.840451e-100 
Dy-153             1.354475e-99    1.000000e-99    1.070430e-99   2.840451e-100 
Dy-154             1.354475e-99    1.000000e-99    1.070430e-99   2.840451e-100 
Dy-155             1.354475e-99    1.000000e-99    1.070430e-99   2.840451e-100 
Dy-156             1.333467e-12    1.003681e-12    1.055073e-12    2.783944e-13 
Dy-157             1.354475e-99    1.000000e-99    1.070430e-99   2.840451e-100 
Dy-158             2.319293e-12    1.742654e-12    1.834883e-12    4.844100e-13 
Dy-159             1.354475e-99    1.000000e-99    1.070430e-99   2.840451e-100 
Dy-160             1.129735e-10    4.301488e-11    8.646300e-11    2.651055e-11 
Dy-161             4.958442e-10    3.497843e-10    3.906578e-10    1.051864e-10 
Dy-162             7.559390e-10    4.747974e-10    5.914865e-10    1.644526e-10 
Dy-163             6.605105e-10    4.663048e-10    5.204341e-10    1.400765e-10 
Dy-164             9.014905e-10    5.311557e-10    7.029550e-10    1.985355e-10 
Dy-165             1.354475e-99    1.000000e-99    1.070430e-99   2.840451e-100 
Dy-166             1.354475e-99    1.000000e-99    1.070430e-99   2.840451e-100 
Dy-167             1.354475e-99    1.000000e-99    1.070430e-99   2.840451e-100 
Dy-168             1.354475e-99    1.000000e-99    1.070430e-99   2.840451e-100 
Ho-153             1.354475e-99    1.000000e-99    1.070430e-99   2.840451e-100 
Ho-154             1.354475e-99    1.000000e-99    1.070430e-99   2.840451e-100 
Ho-155             1.354475e-99    1.000000e-99    1.070430e-99   2.840451e-100 
Ho-156             1.354475e-99    1.000000e-99    1.070430e-99   2.840451e-100 
Ho-157             1.354475e-99    1.000000e-99    1.070430e-99   2.840451e-100 
Ho-158             1.354475e-99    1.000000e-99    1.070430e-99   2.840451e-100 
Ho-159             1.354475e-99    1.000000e-99    1.070430e-99   2.840451e-100 
Ho-160             1.354475e-99    1.000000e-99    1.070430e-99   2.840451e-100 
Ho-161             1.354475e-99    1.000000e-99    1.070430e-99   2.840451e-100 
Ho-162             1.354475e-99    1.000000e-99    1.070430e-99   2.840451e-100 
Ho-163             7.766711e-17    1.000000e-99    5.728762e-17    2.037950e-17 
Ho-164             1.354475e-99    1.000000e-99    1.070430e-99   2.840451e-100 
Ho-165             6.158832e-10    4.243917e-10    4.845681e-10    1.313151e-10 
Ho-166             1.354475e-99    1.000000e-99    1.070430e-99   2.840451e-100 
Ho-167             1.354475e-99    1.000000e-99    1.070430e-99   2.840451e-100 
Ho-168             1.354475e-99    1.000000e-99    1.070430e-99   2.840451e-100 
Ho-169             1.354475e-99    1.000000e-99    1.070430e-99   2.840451e-100 
Er-154             1.354475e-99    1.000000e-99    1.070430e-99   2.840451e-100 
Er-155             1.354475e-99    1.000000e-99    1.070430e-99   2.840451e-100 
Er-156             1.354475e-99    1.000000e-99    1.070430e-99   2.840451e-100 
Er-157             1.354475e-99    1.000000e-99    1.070430e-99   2.840451e-100 
Er-158             1.354475e-99    1.000000e-99    1.070430e-99   2.840451e-100 
Er-159             1.354475e-99    1.000000e-99    1.070430e-99   2.840451e-100 
Er-160             1.354475e-99    1.000000e-99    1.070430e-99   2.840451e-100 
Er-161             1.354475e-99    1.000000e-99    1.070430e-99   2.840451e-100 
Er-162             2.137496e-12    1.608861e-12    1.691240e-12    4.462552e-13 
Er-163             1.354475e-99    1.000000e-99    1.070430e-99   2.840451e-100 
Er-164             4.757934e-11    1.912858e-11    3.648272e-11    1.109662e-11 
Er-165             1.354475e-99    1.000000e-99    1.070430e-99   2.840451e-100 
Er-166             6.191409e-10    4.044450e-10    4.856687e-10    1.334722e-10 
Er-167             4.087958e-10    2.775897e-10    3.213671e-10    8.742866e-11 
Er-168             5.998360e-10    3.262608e-10    4.659791e-10    1.338570e-10 
Er-169             1.354475e-99    1.000000e-99    1.070430e-99   2.840451e-100 
Er-170             3.180808e-10    1.839889e-10    2.474270e-10    7.065378e-11 
Er-171             1.354475e-99    1.000000e-99    1.070430e-99   2.840451e-100 
Er-172             1.354475e-99    1.000000e-99    1.070430e-99   2.840451e-100 
Er-173             1.354475e-99    1.000000e-99    1.070430e-99   2.840451e-100 
Er-174             1.354475e-99    1.000000e-99    1.070430e-99   2.840451e-100 
Er-175             1.354475e-99    1.000000e-99    1.070430e-99   2.840451e-100 
Tm-159             1.354475e-99    1.000000e-99    1.070430e-99   2.840451e-100 
Tm-160             1.354475e-99    1.000000e-99    1.070430e-99   2.840451e-100 
Tm-161             1.354475e-99    1.000000e-99    1.070430e-99   2.840451e-100 
Tm-162             1.354475e-99    1.000000e-99    1.070430e-99   2.840451e-100 
Tm-163             1.354475e-99    1.000000e-99    1.070430e-99   2.840451e-100 
Tm-164             1.354475e-99    1.000000e-99    1.070430e-99   2.840451e-100 
Tm-165             1.354475e-99    1.000000e-99    1.070430e-99   2.840451e-100 
Tm-166             1.354475e-99    1.000000e-99    1.070430e-99   2.840451e-100 
Tm-167             1.354475e-99    1.000000e-99    1.070430e-99   2.840451e-100 
Tm-168             1.354475e-99    1.000000e-99    1.070430e-99   2.840451e-100 
Tm-169             2.817097e-10    1.854256e-10    2.210404e-10    6.066925e-11 
Tm-170             1.354475e-99    1.000000e-99    1.070430e-99   2.840451e-100 
Tm-171             1.354475e-99    1.000000e-99    1.070430e-99   2.840451e-100 
Tm-172             1.354475e-99    1.000000e-99    1.070430e-99   2.840451e-100 
Tm-173             1.354475e-99    1.000000e-99    1.070430e-99   2.840451e-100 
Tm-174             1.354475e-99    1.000000e-99    1.070430e-99   2.840451e-100 
Tm-175             1.354475e-99    1.000000e-99    1.070430e-99   2.840451e-100 
Tm-176             1.354475e-99    1.000000e-99    1.070430e-99   2.840451e-100 
Yb-160             1.354475e-99    1.000000e-99    1.070430e-99   2.840451e-100 
Yb-161             1.354475e-99    1.000000e-99    1.070430e-99   2.840451e-100 
Yb-162             1.354475e-99    1.000000e-99    1.070430e-99   2.840451e-100 
Yb-163             1.354475e-99    1.000000e-99    1.070430e-99   2.840451e-100 
Yb-164             1.354475e-99    1.000000e-99    1.070430e-99   2.840451e-100 
Yb-165             1.354475e-99    1.000000e-99    1.070430e-99   2.840451e-100 
Yb-166             1.354475e-99    1.000000e-99    1.070430e-99   2.840451e-100 
Yb-167             1.354475e-99    1.000000e-99    1.070430e-99   2.840451e-100 
Yb-168             2.103412e-12    1.583199e-12    1.664272e-12    4.391397e-13 
Yb-169             1.354475e-99    1.000000e-99    1.070430e-99   2.840451e-100 
Yb-170             9.488631e-11    3.746325e-11    7.277053e-11    2.211578e-11 
Yb-171             3.071516e-10    1.770138e-10    2.391839e-10    6.796772e-11 
Yb-172             5.241514e-10    2.721856e-10    4.062653e-10    1.178861e-10 
Yb-173             3.495255e-10    2.022849e-10    2.723366e-10    7.718891e-11 
Yb-174             9.024938e-10    4.014845e-10    6.948628e-10    2.076309e-10 
Yb-175             1.354475e-99    1.000000e-99    1.070430e-99   2.840451e-100 
Yb-176             3.525291e-10    1.628828e-10    2.716942e-10    8.083495e-11 
Yb-177             1.354475e-99    1.000000e-99    1.070430e-99   2.840451e-100 
Yb-178             1.354475e-99    1.000000e-99    1.070430e-99   2.840451e-100 
Yb-179             1.354475e-99    1.000000e-99    1.070430e-99   2.840451e-100 
Yb-180             1.354475e-99    1.000000e-99    1.070430e-99   2.840451e-100 
Lu-165             1.354475e-99    1.000000e-99    1.070430e-99   2.840451e-100 
Lu-166             1.354475e-99    1.000000e-99    1.070430e-99   2.840451e-100 
Lu-167             1.354475e-99    1.000000e-99    1.070430e-99   2.840451e-100 
Lu-168             1.354475e-99    1.000000e-99    1.070430e-99   2.840451e-100 
Lu-169             1.354475e-99    1.000000e-99    1.070430e-99   2.840451e-100 
Lu-170             1.354475e-99    1.000000e-99    1.070430e-99   2.840451e-100 
Lu-171             1.354475e-99    1.000000e-99    1.070430e-99   2.840451e-100 
Lu-172             1.354475e-99    1.000000e-99    1.070430e-99   2.840451e-100 
Lu-173             1.354475e-99    1.000000e-99    1.070430e-99   2.840451e-100 
Lu-174             1.354475e-99    1.000000e-99    1.070430e-99   2.840451e-100 
Lu-175             2.953054e-10    1.827895e-10    2.309095e-10    6.439591e-11 
Lu-176             2.969224e-11    4.704642e-12    2.226535e-11    7.426888e-12 
Lu-177             1.354475e-99    1.000000e-99    1.070430e-99   2.840451e-100 
Lu-178             1.354475e-99    1.000000e-99    1.070430e-99   2.840451e-100 
Lu-179             1.354475e-99    1.000000e-99    1.070430e-99   2.840451e-100 
Lu-180             1.354475e-99    1.000000e-99    1.070430e-99   2.840451e-100 
Lu-181             1.354475e-99    1.000000e-99    1.070430e-99   2.840451e-100 
Lu-182             1.354475e-99    1.000000e-99    1.070430e-99   2.840451e-100 
Hf-166             1.354475e-99    1.000000e-99    1.070430e-99   2.840451e-100 
Hf-167             1.354475e-99    1.000000e-99    1.070430e-99   2.840451e-100 
Hf-168             1.354475e-99    1.000000e-99    1.070430e-99   2.840451e-100 
Hf-169             1.354475e-99    1.000000e-99    1.070430e-99   2.840451e-100 
Hf-170             1.354475e-99    1.000000e-99    1.070430e-99   2.840451e-100 
Hf-171             1.354475e-99    1.000000e-99    1.070430e-99   2.840451e-100 
Hf-172             1.354475e-99    1.000000e-99    1.070430e-99   2.840451e-100 
Hf-173             1.354475e-99    1.000000e-99    1.070430e-99   2.840451e-100 
Hf-174             1.635838e-12    1.231253e-12    1.294315e-12    3.415222e-13 
Hf-175             1.354475e-99    1.000000e-99    1.070430e-99   2.840451e-100 
Hf-176             6.915664e-11    4.044770e-11    5.392731e-11    1.522933e-11 
Hf-177             2.376444e-10    1.437825e-10    1.855833e-10    5.206108e-11 
Hf-178             4.780766e-10    2.121343e-10    3.680216e-10    1.100550e-10 
Hf-179             2.100918e-10    1.065106e-10    1.626497e-10    4.744218e-11 
Hf-180             7.385957e-10    2.758446e-10    5.650310e-10    1.735647e-10 
Hf-181             1.354475e-99    1.000000e-99    1.070430e-99   2.840451e-100 
Hf-182             1.772675e-13    1.000000e-99    1.293046e-13    4.796288e-14 
Hf-183             1.354475e-99    1.000000e-99    1.070430e-99   2.840451e-100 
Hf-184             1.354475e-99    1.000000e-99    1.070430e-99   2.840451e-100 
Hf-185             1.354475e-99    1.000000e-99    1.070430e-99   2.840451e-100 
Ta-169             1.354475e-99    1.000000e-99    1.070430e-99   2.840451e-100 
Ta-170             1.354475e-99    1.000000e-99    1.070430e-99   2.840451e-100 
Ta-171             1.354475e-99    1.000000e-99    1.070430e-99   2.840451e-100 
Ta-172             1.354475e-99    1.000000e-99    1.070430e-99   2.840451e-100 
Ta-173             1.354475e-99    1.000000e-99    1.070430e-99   2.840451e-100 
Ta-174             1.354475e-99    1.000000e-99    1.070430e-99   2.840451e-100 
Ta-175             1.354475e-99    1.000000e-99    1.070430e-99   2.840451e-100 
Ta-176             1.354475e-99    1.000000e-99    1.070430e-99   2.840451e-100 
Ta-177             1.354475e-99    1.000000e-99    1.070430e-99   2.840451e-100 
Ta-178             1.354475e-99    1.000000e-99    1.070430e-99   2.840451e-100 
Ta-179             1.354475e-99    1.000000e-99    1.070430e-99   2.840451e-100 
Ta-180             3.242164e-14    2.429182e-14    2.564477e-14    6.776871e-15 
Ta-181             3.418751e-10    1.985674e-10    2.664133e-10    7.546177e-11 
Ta-182             6.242275e-21    1.000000e-99    4.553317e-21    1.688959e-21 
Ta-183             1.354475e-99    1.000000e-99    1.070430e-99   2.840451e-100 
Ta-184             1.354475e-99    1.000000e-99    1.070430e-99   2.840451e-100 
Ta-185             1.354475e-99    1.000000e-99    1.070430e-99   2.840451e-100 
Ta-186             1.354475e-99    1.000000e-99    1.070430e-99   2.840451e-100 
W-172              1.354475e-99    1.000000e-99    1.070430e-99   2.840451e-100 
W-173              1.354475e-99    1.000000e-99    1.070430e-99   2.840451e-100 
W-174              1.354475e-99    1.000000e-99    1.070430e-99   2.840451e-100 
W-175              1.354475e-99    1.000000e-99    1.070430e-99   2.840451e-100 
W-176              1.354475e-99    1.000000e-99    1.070430e-99   2.840451e-100 
W-177              1.354475e-99    1.000000e-99    1.070430e-99   2.840451e-100 
W-178              1.354475e-99    1.000000e-99    1.070430e-99   2.840451e-100 
W-179              1.354475e-99    1.000000e-99    1.070430e-99   2.840451e-100 
W-180              1.133103e-12    8.394836e-13    8.956113e-13    2.374915e-13 
W-181              1.354475e-99    1.000000e-99    1.070430e-99   2.840451e-100 
W-182              4.070623e-10    1.877481e-10    3.139471e-10    9.311520e-11 
W-183              2.362560e-10    1.019725e-10    1.817171e-10    5.453889e-11 
W-184              5.483178e-10    2.194930e-10    4.204967e-10    1.278211e-10 
W-185              1.354475e-99    1.000000e-99    1.070430e-99   2.840451e-100 
W-186              3.784984e-10    2.058307e-10    2.935666e-10    8.493183e-11 
W-187              1.354475e-99    1.000000e-99    1.070430e-99   2.840451e-100 
W-188              1.354475e-99    1.000000e-99    1.070430e-99   2.840451e-100 
W-189              1.354475e-99    1.000000e-99    1.070430e-99   2.840451e-100 
W-190              1.354475e-99    1.000000e-99    1.070430e-99   2.840451e-100 
Re-175             1.354475e-99    1.000000e-99    1.070430e-99   2.840451e-100 
Re-176             1.354475e-99    1.000000e-99    1.070430e-99   2.840451e-100 
Re-177             1.354475e-99    1.000000e-99    1.070430e-99   2.840451e-100 
Re-178             1.354475e-99    1.000000e-99    1.070430e-99   2.840451e-100 
Re-179             1.354475e-99    1.000000e-99    1.070430e-99   2.840451e-100 
Re-180             1.354475e-99    1.000000e-99    1.070430e-99   2.840451e-100 
Re-181             1.354475e-99    1.000000e-99    1.070430e-99   2.840451e-100 
Re-182             1.354475e-99    1.000000e-99    1.070430e-99   2.840451e-100 
Re-183             1.354475e-99    1.000000e-99    1.070430e-99   2.840451e-100 
Re-184             1.354475e-99    1.000000e-99    1.070430e-99   2.840451e-100 
Re-185             1.981012e-10    1.047859e-10    1.536317e-10    4.446958e-11 
Re-186             1.354475e-99    1.000000e-99    1.070430e-99   2.840451e-100 
Re-187             2.573815e-10    1.745645e-10    2.020937e-10    5.528786e-11 
Re-188             1.354475e-99    1.000000e-99    1.070430e-99   2.840451e-100 
Re-189             1.354475e-99    1.000000e-99    1.070430e-99   2.840451e-100 
Re-190             1.354475e-99    1.000000e-99    1.070430e-99   2.840451e-100 
Re-191             1.354475e-99    1.000000e-99    1.070430e-99   2.840451e-100 
Os-179             1.354475e-99    1.000000e-99    1.070430e-99   2.840451e-100 
Os-180             1.354475e-99    1.000000e-99    1.070430e-99   2.840451e-100 
Os-181             1.354475e-99    1.000000e-99    1.070430e-99   2.840451e-100 
Os-182             1.354475e-99    1.000000e-99    1.070430e-99   2.840451e-100 
Os-183             1.354475e-99    1.000000e-99    1.070430e-99   2.840451e-100 
Os-184             9.444633e-13    7.108303e-13    7.472812e-13    1.971821e-13 
Os-185             1.354475e-99    1.000000e-99    1.070430e-99   2.840451e-100 
Os-186             1.620891e-10    5.778212e-11    1.239088e-10    3.818028e-11 
Os-187             1.097888e-10    6.271986e-11    8.564341e-11    2.414534e-11 
Os-188             8.365777e-10    4.873616e-10    6.519509e-10    1.846268e-10 
Os-189             8.341726e-10    5.973629e-10    6.578691e-10    1.763035e-10 
Os-190             1.500437e-09    9.765959e-10    1.176437e-09    3.240001e-10 
Os-191             1.354475e-99    1.000000e-99    1.070430e-99   2.840451e-100 
Os-192             2.135901e-09    1.532704e-09    1.684250e-09    4.516509e-10 
Os-193             1.354475e-99    1.000000e-99    1.070430e-99   2.840451e-100 
Os-194             1.739259e-27    1.000000e-99    1.104124e-27    6.351348e-28 
Os-195             1.354475e-99    1.000000e-99    1.070430e-99   2.840451e-100 
Os-196             1.354475e-99    1.000000e-99    1.070430e-99   2.840451e-100 
Ir-181             1.354475e-99    1.000000e-99    1.070430e-99   2.840451e-100 
Ir-182             1.354475e-99    1.000000e-99    1.070430e-99   2.840451e-100 
Ir-183             1.354475e-99    1.000000e-99    1.070430e-99   2.840451e-100 
Ir-184             1.354475e-99    1.000000e-99    1.070430e-99   2.840451e-100 
Ir-185             1.354475e-99    1.000000e-99    1.070430e-99   2.840451e-100 
Ir-186             1.354475e-99    1.000000e-99    1.070430e-99   2.840451e-100 
Ir-187             1.354475e-99    1.000000e-99    1.070430e-99   2.840451e-100 
Ir-188             1.354475e-99    1.000000e-99    1.070430e-99   2.840451e-100 
Ir-189             1.354475e-99    1.000000e-99    1.070430e-99   2.840451e-100 
Ir-190             1.354475e-99    1.000000e-99    1.070430e-99   2.840451e-100 
Ir-191             1.839857e-09    1.357372e-09    1.453806e-09    3.860506e-10 
Ir-192             1.354475e-99    1.000000e-99    1.070430e-99   2.840451e-100 
Ir-193             3.117203e-09    2.308350e-09    2.463685e-09    6.535183e-10 
Ir-194             1.354475e-99    1.000000e-99    1.070430e-99   2.840451e-100 
Ir-195             1.354475e-99    1.000000e-99    1.070430e-99   2.840451e-100 
Ir-196             1.354475e-99    1.000000e-99    1.070430e-99   2.840451e-100 
Ir-197             1.354475e-99    1.000000e-99    1.070430e-99   2.840451e-100 
Pt-184             1.354475e-99    1.000000e-99    1.070430e-99   2.840451e-100 
Pt-185             1.354475e-99    1.000000e-99    1.070430e-99   2.840451e-100 
Pt-186             1.354475e-99    1.000000e-99    1.070430e-99   2.840451e-100 
Pt-187             1.354475e-99    1.000000e-99    1.070430e-99   2.840451e-100 
Pt-188             1.354475e-99    1.000000e-99    1.070430e-99   2.840451e-100 
Pt-189             1.354475e-99    1.000000e-99    1.070430e-99   2.840451e-100 
Pt-190             1.339980e-12    1.008463e-12    1.060222e-12    2.797587e-13 
Pt-191             1.354475e-99    1.000000e-99    1.070430e-99   2.840451e-100 
Pt-192             1.222282e-10    5.850019e-11    9.442080e-11    2.780742e-11 
Pt-193             3.271087e-20    1.000000e-99    2.391870e-20    8.792175e-21 
Pt-194             3.466159e-09    2.489798e-09    2.734049e-09    7.321099e-10 
Pt-195             3.476762e-09    2.568263e-09    2.747481e-09    7.292811e-10 
Pt-196             2.863856e-09    1.926003e-09    2.249974e-09    6.138815e-10 
Pt-197             1.354475e-99    1.000000e-99    1.070430e-99   2.840451e-100 
Pt-198             7.519768e-10    5.521699e-10    5.938430e-10    1.581338e-10 
Pt-199             1.354475e-99    1.000000e-99    1.070430e-99   2.840451e-100 
Pt-200             1.354475e-99    1.000000e-99    1.070430e-99   2.840451e-100 
Pt-201             1.354475e-99    1.000000e-99    1.070430e-99   2.840451e-100 
Pt-202             1.354475e-99    1.000000e-99    1.070430e-99   2.840451e-100 
Au-185             1.354475e-99    1.000000e-99    1.070430e-99   2.840451e-100 
Au-186             1.354475e-99    1.000000e-99    1.070430e-99   2.840451e-100 
Au-187             1.354475e-99    1.000000e-99    1.070430e-99   2.840451e-100 
Au-188             1.354475e-99    1.000000e-99    1.070430e-99   2.840451e-100 
Au-189             1.354475e-99    1.000000e-99    1.070430e-99   2.840451e-100 
Au-190             1.354475e-99    1.000000e-99    1.070430e-99   2.840451e-100 
Au-191             1.354475e-99    1.000000e-99    1.070430e-99   2.840451e-100 
Au-192             1.354475e-99    1.000000e-99    1.070430e-99   2.840451e-100 
Au-193             1.354475e-99    1.000000e-99    1.070430e-99   2.840451e-100 
Au-194             1.354475e-99    1.000000e-99    1.070430e-99   2.840451e-100 
Au-195             1.354475e-99    1.000000e-99    1.070430e-99   2.840451e-100 
Au-196             1.354475e-99    1.000000e-99    1.070430e-99   2.840451e-100 
Au-197             1.533939e-09    1.083301e-09    1.208718e-09    3.252214e-10 
Au-198             1.354475e-99    1.000000e-99    1.070430e-99   2.840451e-100 
Au-199             1.354475e-99    1.000000e-99    1.070430e-99   2.840451e-100 
Au-200             1.354475e-99    1.000000e-99    1.070430e-99   2.840451e-100 
Au-201             1.354475e-99    1.000000e-99    1.070430e-99   2.840451e-100 
Au-202             1.354475e-99    1.000000e-99    1.070430e-99   2.840451e-100 
Au-203             1.354475e-99    1.000000e-99    1.070430e-99   2.840451e-100 
Hg-189             1.354475e-99    1.000000e-99    1.070430e-99   2.840451e-100 
Hg-190             1.354475e-99    1.000000e-99    1.070430e-99   2.840451e-100 
Hg-191             1.354475e-99    1.000000e-99    1.070430e-99   2.840451e-100 
Hg-192             1.354475e-99    1.000000e-99    1.070430e-99   2.840451e-100 
Hg-193             1.354475e-99    1.000000e-99    1.070430e-99   2.840451e-100 
Hg-194             1.354475e-99    1.000000e-99    1.070430e-99   2.840451e-100 
Hg-195             1.354475e-99    1.000000e-99    1.070430e-99   2.840451e-100 
Hg-196             4.001441e-12    3.009384e-12    3.165923e-12    8.355184e-13 
Hg-197             1.354475e-99    1.000000e-99    1.070430e-99   2.840451e-100 
Hg-198             5.517276e-10    1.974950e-10    4.214480e-10    1.302797e-10 
Hg-199             5.837638e-10    3.359915e-10    4.546111e-10    1.291527e-10 
Hg-200             1.053477e-09    4.622210e-10    8.099945e-10    2.434821e-10 
Hg-201             5.408475e-10    2.651107e-10    4.177559e-10    1.230916e-10 
Hg-202             1.480059e-09    6.036257e-10    1.134337e-09    3.457218e-10 
Hg-203             1.354475e-99    1.000000e-99    1.070430e-99   2.840451e-100 
Hg-204             2.035910e-10    1.401373e-10    1.600965e-10    4.349449e-11 
Hg-205             1.354475e-99    1.000000e-99    1.070430e-99   2.840451e-100 
Hg-206             1.354475e-99    1.000000e-99    1.070430e-99   2.840451e-100 
Hg-207             1.354475e-99    1.000000e-99    1.070430e-99   2.840451e-100 
Hg-208             1.354475e-99    1.000000e-99    1.070430e-99   2.840451e-100 
Tl-192             1.354475e-99    1.000000e-99    1.070430e-99   2.840451e-100 
Tl-193             1.354475e-99    1.000000e-99    1.070430e-99   2.840451e-100 
Tl-194             1.354475e-99    1.000000e-99    1.070430e-99   2.840451e-100 
Tl-195             1.354475e-99    1.000000e-99    1.070430e-99   2.840451e-100 
Tl-196             1.354475e-99    1.000000e-99    1.070430e-99   2.840451e-100 
Tl-197             1.354475e-99    1.000000e-99    1.070430e-99   2.840451e-100 
Tl-198             1.354475e-99    1.000000e-99    1.070430e-99   2.840451e-100 
Tl-199             1.354475e-99    1.000000e-99    1.070430e-99   2.840451e-100 
Tl-200             1.354475e-99    1.000000e-99    1.070430e-99   2.840451e-100 
Tl-201             1.354475e-99    1.000000e-99    1.070430e-99   2.840451e-100 
Tl-202             1.354475e-99    1.000000e-99    1.070430e-99   2.840451e-100 
Tl-203             7.290376e-10    3.220729e-10    5.603694e-10    1.686682e-10 
Tl-204             1.354475e-99    1.000000e-99    1.070430e-99   2.840451e-100 
Tl-205             1.496294e-09    7.763865e-10    1.159127e-09    3.371664e-10 
Tl-206             1.354475e-99    1.000000e-99    1.070430e-99   2.840451e-100 
Tl-207             1.354475e-99    1.000000e-99    1.070430e-99   2.840451e-100 
Tl-208             1.354475e-99    1.000000e-99    1.070430e-99   2.840451e-100 
Tl-209             1.354475e-99    1.000000e-99    1.070430e-99   2.840451e-100 
Tl-210             1.354475e-99    1.000000e-99    1.070430e-99   2.840451e-100 
Pb-193             1.354475e-99    1.000000e-99    1.070430e-99   2.840451e-100 
Pb-194             1.354475e-99    1.000000e-99    1.070430e-99   2.840451e-100 
Pb-195             1.354475e-99    1.000000e-99    1.070430e-99   2.840451e-100 
Pb-196             1.354475e-99    1.000000e-99    1.070430e-99   2.840451e-100 
Pb-197             1.354475e-99    1.000000e-99    1.070430e-99   2.840451e-100 
Pb-198             1.354475e-99    1.000000e-99    1.070430e-99   2.840451e-100 
Pb-199             1.354475e-99    1.000000e-99    1.070430e-99   2.840451e-100 
Pb-200             1.354475e-99    1.000000e-99    1.070430e-99   2.840451e-100 
Pb-201             1.354475e-99    1.000000e-99    1.070430e-99   2.840451e-100 
Pb-202             1.354475e-99    1.000000e-99    1.070430e-99   2.840451e-100 
Pb-203             1.354475e-99    1.000000e-99    1.070430e-99   2.840451e-100 
Pb-204             7.692452e-10    2.931006e-10    5.880660e-10    1.811792e-10 
Pb-205             9.105207e-14    1.000000e-99    6.661151e-14    2.444056e-14 
Pb-208             1.301711e-08    8.849766e-09    1.022848e-08    2.788628e-09 
Pb-209             1.354475e-99    1.000000e-99    1.070430e-99   2.840451e-100 
Pb-210             4.255732e-27    1.000000e-99    2.924852e-27    1.330880e-27 
Pb-211             1.354475e-99    1.000000e-99    1.070430e-99   2.840451e-100 
Bi-202             1.354475e-99    1.000000e-99    1.070430e-99   2.840451e-100 
Bi-203             1.354475e-99    1.000000e-99    1.070430e-99   2.840451e-100 
Bi-204             1.354475e-99    1.000000e-99    1.070430e-99   2.840451e-100 
Bi-205             1.354475e-99    1.000000e-99    1.070430e-99   2.840451e-100 
Bi-206             1.354475e-99    1.000000e-99    1.070430e-99   2.840451e-100 
Bi-207             1.354475e-99    1.000000e-99    1.070430e-99   2.840451e-100 
Bi-208             1.354475e-99    1.000000e-99    1.070430e-99   2.840451e-100 
Bi-209             1.191718e-09    8.718247e-10    9.410968e-10    2.506207e-10 
Bi-210             2.986028e-12    1.000000e-99    2.196825e-12    7.892038e-13 
Al-26m1            1.354475e-99    1.000000e-99    1.070430e-99   2.840451e-100 
Kr-85m1            1.354475e-99    1.000000e-99    1.070430e-99   2.840451e-100 
Cd-115m1           1.354475e-99    1.000000e-99    1.070430e-99   2.840451e-100 
Lu-176m1           1.354475e-99    1.000000e-99    1.070430e-99   2.840451e-100 
Ta-180m1           1.354475e-99    1.000000e-99    1.070430e-99   2.840451e-100 
